9.997447719417982270e-01 2.259183425580051086e-02 0.000000000000000000e+00 5.453615354802110460e-02 -2.259183425580058718e-02 9.997447719417982270e-01 0.000000000000000000e+00 8.550698354820962521e-02 0.000000000000000000e+00 0.000000000000000000e+00 1.000000000000000000e+00 0.000000000000000000e+00
9.992756626824775834e-01 3.805456569841603881e-02 0.000000000000000000e+00 4.199584645198228827e-02 -3.805456569841608738e-02 9.992756626824775834e-01 0.000000000000000000e+00 -1.769712835482062374e-01 0.000000000000000000e+00 0.000000000000000000e+00 1.000000000000000000e+00 0.000000000000000000e+00
9.907100630834909660e-01 1.359910692108311780e-01 0.000000000000000000e+00 -1.200473925789680152e-02 -1.359910692108312336e-01 9.907100630834909660e-01 0.000000000000000000e+00 -6.784183463005852843e-01 0.000000000000000000e+00 0.000000000000000000e+00 1.000000000000000000e+00 0.000000000000000000e+00
9.887241420862228347e-01 1.497483584412944990e-01 0.000000000000000000e+00 -9.712452327039500233e-02 -1.497483584412944990e-01 9.887241420862227237e-01 0.000000000000000000e+00 -1.186733123156094472e+00 0.000000000000000000e+00 0.000000000000000000e+00 1.000000000000000000e+00 0.000000000000000000e+00
9.986750041153710233e-01 5.146101587768475011e-02 0.000000000000000000e+00 -1.258948353909659090e-01 -5.146101587768479174e-02 9.986750041153710233e-01 0.000000000000000000e+00 -1.664701614942407204e+00 0.000000000000000000e+00 0.000000000000000000e+00 1.000000000000000000e+00 0.000000000000000000e+00
9.937363689324065774e-01 1.117498503848471242e-01 0.000000000000000000e+00 -1.797901777341763818e-01 -1.117498503848471381e-01 9.937363689324064664e-01 0.000000000000000000e+00 -2.167800623164161777e+00 0.000000000000000000e+00 0.000000000000000000e+00 1.000000000000000000e+00 0.000000000000000000e+00
9.980503979719566043e-01 6.241316454097336347e-02 0.000000000000000000e+00 -2.168814127785267942e-01 -6.241316454097339123e-02 9.980503979719566043e-01 0.000000000000000000e+00 -2.658067173402788086e+00 0.000000000000000000e+00 0.000000000000000000e+00 1.000000000000000000e+00 0.000000000000000000e+00
9.980709399720377739e-01 6.208380451722333299e-02 0.000000000000000000e+00 -2.477978502941695638e-01 -6.208380451722336768e-02 9.980709399720376629e-01 0.000000000000000000e+00 -3.189860605001316962e+00 0.000000000000000000e+00 0.000000000000000000e+00 1.000000000000000000e+00 0.000000000000000000e+00
9.980907556879125009e-01 6.176441864319236891e-02 0.000000000000000000e+00 -2.759310437146922368e-01 -6.176441864319241054e-02 9.980907556879125009e-01 0.000000000000000000e+00 -3.684005749091554982e+00 0.000000000000000000e+00 0.000000000000000000e+00 1.000000000000000000e+00 0.000000000000000000e+00
9.995066285266263062e-01 3.140859008832345284e-02 0.000000000000000000e+00 -2.972202887320776199e-01 -3.140859008832352917e-02 9.995066285266263062e-01 0.000000000000000000e+00 -4.182957177636049018e+00 0.000000000000000000e+00 0.000000000000000000e+00 1.000000000000000000e+00 0.000000000000000000e+00
9.999066183473543923e-01 -1.366581812984325045e-02 0.000000000000000000e+00 -2.990019182170584600e-01 1.366581812984317586e-02 9.999066183473543923e-01 0.000000000000000000e+00 -4.675689849372333562e+00 0.000000000000000000e+00 0.000000000000000000e+00 1.000000000000000000e+00 0.000000000000000000e+00
9.999940012015371416e-01 3.463749549244609770e-03 0.000000000000000000e+00 -2.993635027557601802e-01 -3.463749549244654006e-03 9.999940012015371416e-01 0.000000000000000000e+00 -5.176649517665722122e+00 0.000000000000000000e+00 0.000000000000000000e+00 1.000000000000000000e+00 0.000000000000000000e+00
9.999517228575492966e-01 -9.826085396465266894e-03 0.000000000000000000e+00 -2.944360236914604911e-01 9.826085396465232200e-03 9.999517228575492966e-01 0.000000000000000000e+00 -5.683949202221186603e+00 0.000000000000000000e+00 0.000000000000000000e+00 1.000000000000000000e+00 0.000000000000000000e+00
9.999746796459030307e-01 -7.116183462590302752e-03 0.000000000000000000e+00 -2.908995146811221844e-01 7.116183462590265456e-03 9.999746796459030307e-01 0.000000000000000000e+00 -6.188704244894382533e+00 0.000000000000000000e+00 0.000000000000000000e+00 1.000000000000000000e+00 0.000000000000000000e+00
9.999938881468339869e-01 -3.496236401781565271e-03 0.000000000000000000e+00 -2.929850356712506709e-01 3.496236401781469428e-03 9.999938881468339869e-01 0.000000000000000000e+00 -6.671916010688840437e+00 0.000000000000000000e+00 0.000000000000000000e+00 1.000000000000000000e+00 0.000000000000000000e+00
9.999991856013433766e-01 -1.276243178169896627e-03 0.000000000000000000e+00 -2.993494925822517416e-01 1.276243178169805988e-03 9.999991856013433766e-01 0.000000000000000000e+00 -7.171484448130827083e+00 0.000000000000000000e+00 0.000000000000000000e+00 1.000000000000000000e+00 0.000000000000000000e+00
9.980639500336122572e-01 -6.219607417918673886e-02 0.000000000000000000e+00 -2.839633201837301613e-01 6.219607417918665559e-02 9.980639500336122572e-01 0.000000000000000000e+00 -7.656428244563902474e+00 0.000000000000000000e+00 0.000000000000000000e+00 1.000000000000000000e+00 0.000000000000000000e+00
9.983400674613446268e-01 -5.759435476917453695e-02 0.000000000000000000e+00 -2.629961197821657493e-01 5.759435476917447450e-02 9.983400674613446268e-01 0.000000000000000000e+00 -8.126354979818792401e+00 0.000000000000000000e+00 0.000000000000000000e+00 1.000000000000000000e+00 0.000000000000000000e+00
9.976303453328844162e-01 -6.880184642136770445e-02 0.000000000000000000e+00 -2.383703874572162817e-01 6.880184642136767670e-02 9.976303453328844162e-01 0.000000000000000000e+00 -8.591090843839914726e+00 0.000000000000000000e+00 0.000000000000000000e+00 1.000000000000000000e+00 0.000000000000000000e+00
9.967787904026096379e-01 -8.020001872512307062e-02 0.000000000000000000e+00 -2.078834128138282722e-01 8.020001872512301511e-02 9.967787904026096379e-01 0.000000000000000000e+00 -9.059460691692112988e+00 0.000000000000000000e+00 0.000000000000000000e+00 1.000000000000000000e+00 0.000000000000000000e+00
9.997770604138732642e-01 -2.111467428577266589e-02 0.000000000000000000e+00 -1.870412162738119832e-01 2.111467428577263467e-02 9.997770604138732642e-01 0.000000000000000000e+00 -9.523529579728563732e+00 0.000000000000000000e+00 0.000000000000000000e+00 1.000000000000000000e+00 0.000000000000000000e+00
4.778602788089678088e-01 8.784358564725232021e-01 0.000000000000000000e+00 -2.954926509393445144e-01 -8.784358564725232021e-01 4.778602788089677533e-01 0.000000000000000000e+00 -9.524234078833707429e+00 0.000000000000000000e+00 0.000000000000000000e+00 1.000000000000000000e+00 0.000000000000000000e+00
-3.865452654208205718e-01 9.222704363584182108e-01 0.000000000000000000e+00 -3.128204556074152265e-01 -9.222704363584182108e-01 -3.865452654208206273e-01 0.000000000000000000e+00 -9.407888614008538042e+00 0.000000000000000000e+00 0.000000000000000000e+00 1.000000000000000000e+00 0.000000000000000000e+00
-9.802956656900867483e-01 1.975358393538488022e-01 0.000000000000000000e+00 -2.418682828244911320e-01 -1.975358393538487467e-01 -9.802956656900866372e-01 0.000000000000000000e+00 -9.313147444618550708e+00 0.000000000000000000e+00 0.000000000000000000e+00 1.000000000000000000e+00 0.000000000000000000e+00
-9.996041973270377579e-01 -2.813269781176772760e-02 0.000000000000000000e+00 -2.147824557426929459e-01 2.813269781176778311e-02 -9.996041973270377579e-01 0.000000000000000000e+00 -9.249906492923507528e+00 0.000000000000000000e+00 0.000000000000000000e+00 1.000000000000000000e+00 0.000000000000000000e+00
-9.946832702082816224e-01 -1.029815127474750791e-01 0.000000000000000000e+00 -2.145147090604311302e-01 1.029815127474751485e-01 -9.946832702082816224e-01 0.000000000000000000e+00 -8.795267891051960163e+00 0.000000000000000000e+00 0.000000000000000000e+00 1.000000000000000000e+00 0.000000000000000000e+00
-9.841851890153298088e-01 -1.771426366600072633e-01 0.000000000000000000e+00 -1.015810101814906830e-01 1.771426366600073188e-01 -9.841851890153296978e-01 0.000000000000000000e+00 -8.287590405183692610e+00 0.000000000000000000e+00 0.000000000000000000e+00 1.000000000000000000e+00 0.000000000000000000e+00
-9.878172251624233180e-01 1.556185389740247227e-01 0.000000000000000000e+00 -1.737371063437578300e-01 -1.556185389740246672e-01 -9.878172251624233180e-01 0.000000000000000000e+00 -7.809290083433205076e+00 0.000000000000000000e+00 0.000000000000000000e+00 1.000000000000000000e+00 0.000000000000000000e+00
-9.945310216188991692e-01 -1.044415962998857944e-01 0.000000000000000000e+00 -1.541813729726726478e-01 1.044415962998858499e-01 -9.945310216188991692e-01 0.000000000000000000e+00 -7.299661813718587133e+00 0.000000000000000000e+00 0.000000000000000000e+00 1.000000000000000000e+00 0.000000000000000000e+00
-9.942208465625830272e-01 -1.073541254930635014e-01 0.000000000000000000e+00 -8.445871011787176030e-02 1.073541254930636263e-01 -9.942208465625830272e-01 0.000000000000000000e+00 -6.780275512123679071e+00 0.000000000000000000e+00 0.000000000000000000e+00 1.000000000000000000e+00 0.000000000000000000e+00
-9.962062699135291188e-01 8.702337493439658844e-02 0.000000000000000000e+00 -9.068140255408962958e-02 -8.702337493439651905e-02 -9.962062699135290078e-01 0.000000000000000000e+00 -6.314597245399917291e+00 0.000000000000000000e+00 0.000000000000000000e+00 1.000000000000000000e+00 0.000000000000000000e+00
-9.947459878266374789e-01 1.023739210092439594e-01 0.000000000000000000e+00 -1.429893441941771925e-01 -1.023739210092439317e-01 -9.947459878266374789e-01 0.000000000000000000e+00 -5.827156860079440115e+00 0.000000000000000000e+00 0.000000000000000000e+00 1.000000000000000000e+00 0.000000000000000000e+00
-9.985046784231287331e-01 5.466632571450297240e-02 0.000000000000000000e+00 -1.745386770068719784e-01 -5.466632571450290995e-02 -9.985046784231286221e-01 0.000000000000000000e+00 -5.322443080201105126e+00 0.000000000000000000e+00 0.000000000000000000e+00 1.000000000000000000e+00 0.000000000000000000e+00
-9.986013110778935165e-01 -5.287174589052166113e-02 0.000000000000000000e+00 -1.562977452153759828e-01 5.287174589052170970e-02 -9.986013110778935165e-01 0.000000000000000000e+00 -4.806239759398752476e+00 0.000000000000000000e+00 0.000000000000000000e+00 1.000000000000000000e+00 0.000000000000000000e+00
-9.937096711303128327e-01 -1.119870059519634115e-01 0.000000000000000000e+00 -9.274639627903979999e-02 1.119870059519633837e-01 -9.937096711303128327e-01 0.000000000000000000e+00 -4.284528617052367316e+00 0.000000000000000000e+00 0.000000000000000000e+00 1.000000000000000000e+00 0.000000000000000000e+00
-9.998165756039963936e-01 1.915241884195770933e-02 0.000000000000000000e+00 -7.815572520325275718e-02 -1.915241884195766076e-02 -9.998165756039963936e-01 0.000000000000000000e+00 -3.809182677427803476e+00 0.000000000000000000e+00 0.000000000000000000e+00 1.000000000000000000e+00 0.000000000000000000e+00
-9.985172252674835436e-01 5.443666819456620398e-02 0.000000000000000000e+00 -1.228945926709172909e-01 -5.443666819456615541e-02 -9.985172252674834326e-01 0.000000000000000000e+00 -3.334129750126315628e+00 0.000000000000000000e+00 0.000000000000000000e+00 1.000000000000000000e+00 0.000000000000000000e+00
-9.975189737348802987e-01 -7.039813235385576629e-02 0.000000000000000000e+00 -9.750164347881451476e-02 7.039813235385579404e-02 -9.975189737348802987e-01 0.000000000000000000e+00 -2.810370064648972210e+00 0.000000000000000000e+00 0.000000000000000000e+00 1.000000000000000000e+00 0.000000000000000000e+00
-9.984963126486054996e-01 -5.481891669066469436e-02 0.000000000000000000e+00 -7.187078595593732189e-02 5.481891669066470824e-02 -9.984963126486054996e-01 0.000000000000000000e+00 -2.311438657396791996e+00 0.000000000000000000e+00 0.000000000000000000e+00 1.000000000000000000e+00 0.000000000000000000e+00
-9.999720517764534300e-01 -7.476340414243222779e-03 0.000000000000000000e+00 -6.548569764749601063e-02 7.476340414243250534e-03 -9.999720517764534300e-01 0.000000000000000000e+00 -1.825876631855982701e+00 0.000000000000000000e+00 0.000000000000000000e+00 1.000000000000000000e+00 0.000000000000000000e+00
-9.996861045804200652e-01 -2.505378831284927818e-02 0.000000000000000000e+00 -6.969849703994412948e-02 2.505378831284932675e-02 -9.996861045804200652e-01 0.000000000000000000e+00 -1.323428672041956133e+00 0.000000000000000000e+00 0.000000000000000000e+00 1.000000000000000000e+00 0.000000000000000000e+00
-9.993179283568092153e-01 -3.692801192394379317e-02 0.000000000000000000e+00 -6.199216625959280691e-02 3.692801192394382787e-02 -9.993179283568091043e-01 0.000000000000000000e+00 -8.250641343128881644e-01 0.000000000000000000e+00 0.000000000000000000e+00 1.000000000000000000e+00 0.000000000000000000e+00
-9.995435190147631266e-01 -3.021181218635339213e-02 0.000000000000000000e+00 4.948335918076907092e-02 3.021181218635344071e-02 -9.995435190147631266e-01 0.000000000000000000e+00 -2.934533300323565186e-01 0.000000000000000000e+00 0.000000000000000000e+00 1.000000000000000000e+00 0.000000000000000000e+00
-5.873840744099608768e-01 8.093083152479982889e-01 0.000000000000000000e+00 1.724161467731875064e-01 -8.093083152479981779e-01 -5.873840744099608768e-01 0.000000000000000000e+00 -2.177075728260424725e-01 0.000000000000000000e+00 0.000000000000000000e+00 1.000000000000000000e+00 0.000000000000000000e+00
-3.551202859238334342e-01 9.348206151585310986e-01 0.000000000000000000e+00 3.352591299766061184e-01 -9.348206151585310986e-01 -3.551202859238334897e-01 0.000000000000000000e+00 -2.456212401130741796e-01 0.000000000000000000e+00 0.000000000000000000e+00 1.000000000000000000e+00 0.000000000000000000e+00
-3.117390469968724931e-01 9.501677570710770349e-01 0.000000000000000000e+00 1.492040327020376367e-01 -9.501677570710770349e-01 -3.117390469968726041e-01 0.000000000000000000e+00 -1.252062876439037353e-01 0.000000000000000000e+00 0.000000000000000000e+00 1.000000000000000000e+00 0.000000000000000000e+00
-1.575930184554694691e-01 9.875041470971622770e-01 0.000000000000000000e+00 -8.298018454564726198e-02 -9.875041470971622770e-01 -1.575930184554695246e-01 0.000000000000000000e+00 -4.049153532129867727e-02 0.000000000000000000e+00 0.000000000000000000e+00 1.000000000000000000e+00 0.000000000000000000e+00
8.017177253266541750e-03 9.999678619180165651e-01 0.000000000000000000e+00 -2.950916538096350905e-01 -9.999678619180165651e-01 8.017177253266538281e-03 0.000000000000000000e+00 -6.275820563077072478e-02 0.000000000000000000e+00 0.000000000000000000e+00 1.000000000000000000e+00 0.000000000000000000e+00
1.468673510009441477e-02 9.998921440896010315e-01 0.000000000000000000e+00 -6.454731449672905796e-01 -9.998921440896009205e-01 1.468673510009437314e-02 0.000000000000000000e+00 -6.578816505908235968e-02 0.000000000000000000e+00 0.000000000000000000e+00 1.000000000000000000e+00 0.000000000000000000e+00
8.573569370784764887e-01 5.147223352871069801e-01 0.000000000000000000e+00 -7.286459875179218670e-01 -5.147223352871069801e-01 8.573569370784764887e-01 0.000000000000000000e+00 -1.848740511331579128e-01 0.000000000000000000e+00 0.000000000000000000e+00 1.000000000000000000e+00 0.000000000000000000e+00
9.463129915957846361e-01 3.232517934011133187e-01 0.000000000000000000e+00 -7.217186426224984075e-01 -3.232517934011133187e-01 9.463129915957845251e-01 0.000000000000000000e+00 -2.555064933442272590e-01 0.000000000000000000e+00 0.000000000000000000e+00 1.000000000000000000e+00 0.000000000000000000e+00
9.864045946901131012e-01 1.643349493389444915e-01 0.000000000000000000e+00 -7.908555510951558176e-01 -1.643349493389445193e-01 9.864045946901129902e-01 0.000000000000000000e+00 -6.723460402766692212e-01 0.000000000000000000e+00 0.000000000000000000e+00 1.000000000000000000e+00 0.000000000000000000e+00
9.626106446123721128e-01 -2.708888090692435080e-01 0.000000000000000000e+00 -7.191900722046753458e-01 2.708888090692434525e-01 9.626106446123721128e-01 0.000000000000000000e+00 -1.049257805992991344e+00 0.000000000000000000e+00 0.000000000000000000e+00 1.000000000000000000e+00 0.000000000000000000e+00
9.997545604771890249e-01 -2.215443082235242847e-02 0.000000000000000000e+00 -6.313967716641641914e-01 2.215443082235236949e-02 9.997545604771890249e-01 0.000000000000000000e+00 -1.530520869587324917e+00 0.000000000000000000e+00 0.000000000000000000e+00 1.000000000000000000e+00 0.000000000000000000e+00
9.925067121332169506e-01 -1.221901238665032002e-01 0.000000000000000000e+00 -6.358642400006289108e-01 1.221901238665031586e-01 9.925067121332168396e-01 0.000000000000000000e+00 -1.974349182932320979e+00 0.000000000000000000e+00 0.000000000000000000e+00 1.000000000000000000e+00 0.000000000000000000e+00
9.889298532923015417e-01 1.483837769679245133e-01 0.000000000000000000e+00 -5.756870865572167872e-01 -1.483837769679245966e-01 9.889298532923015417e-01 0.000000000000000000e+00 -2.223290059855832723e+00 0.000000000000000000e+00 0.000000000000000000e+00 1.000000000000000000e+00 0.000000000000000000e+00
9.575566307749490136e-01 2.882452061334721538e-01 0.000000000000000000e+00 -5.833864737835057213e-01 -2.882452061334720983e-01 9.575566307749489026e-01 0.000000000000000000e+00 -2.225675313791926513e+00 0.000000000000000000e+00 0.000000000000000000e+00 1.000000000000000000e+00 0.000000000000000000e+00
9.800399957647838445e-01 1.988004192685773053e-01 0.000000000000000000e+00 -5.969508382693433646e-01 -1.988004192685773885e-01 9.800399957647838445e-01 0.000000000000000000e+00 -2.423525403547013291e+00 0.000000000000000000e+00 0.000000000000000000e+00 1.000000000000000000e+00 0.000000000000000000e+00
9.463582375728457619e-01 3.231193064148550897e-01 0.000000000000000000e+00 -7.592950910806379738e-01 -3.231193064148552008e-01 9.463582375728456508e-01 0.000000000000000000e+00 -2.921287388414421038e+00 0.000000000000000000e+00 0.000000000000000000e+00 1.000000000000000000e+00 0.000000000000000000e+00
9.959909526863236495e-01 8.945402264285851057e-02 0.000000000000000000e+00 -8.359142821334373252e-01 -8.945402264285855221e-02 9.959909526863236495e-01 0.000000000000000000e+00 -3.395324622777311063e+00 0.000000000000000000e+00 0.000000000000000000e+00 1.000000000000000000e+00 0.000000000000000000e+00
9.980851928479744783e-01 6.185424656093716639e-02 0.000000000000000000e+00 -8.443463487881928131e-01 -6.185424656093724272e-02 9.980851928479744783e-01 0.000000000000000000e+00 -3.867759962534962348e+00 0.000000000000000000e+00 0.000000000000000000e+00 1.000000000000000000e+00 0.000000000000000000e+00
9.953567556109808034e-01 9.625450150295239427e-02 0.000000000000000000e+00 -8.878910261587265040e-01 -9.625450150295243590e-02 9.953567556109808034e-01 0.000000000000000000e+00 -4.361440173879004512e+00 0.000000000000000000e+00 0.000000000000000000e+00 1.000000000000000000e+00 0.000000000000000000e+00
9.994120267611946717e-01 3.428703494151902342e-02 0.000000000000000000e+00 -9.086400408581027932e-01 -3.428703494151906506e-02 9.994120267611945607e-01 0.000000000000000000e+00 -4.831149199115910342e+00 0.000000000000000000e+00 0.000000000000000000e+00 1.000000000000000000e+00 0.000000000000000000e+00
9.999097684504680839e-01 1.343335242338826278e-02 0.000000000000000000e+00 -9.248991950853380217e-01 -1.343335242338833217e-02 9.999097684504680839e-01 0.000000000000000000e+00 -5.350144035221062744e+00 0.000000000000000000e+00 0.000000000000000000e+00 1.000000000000000000e+00 0.000000000000000000e+00
9.998911653091548946e-01 1.475322123131433093e-02 0.000000000000000000e+00 -9.338179575837273205e-01 -1.475322123131436215e-02 9.998911653091548946e-01 0.000000000000000000e+00 -5.822731451130013447e+00 0.000000000000000000e+00 0.000000000000000000e+00 1.000000000000000000e+00 0.000000000000000000e+00
9.996943835010493329e-01 2.472123776142118659e-02 0.000000000000000000e+00 -9.458007885977508522e-01 -2.472123776142123863e-02 9.996943835010492219e-01 0.000000000000000000e+00 -6.295968085131321779e+00 0.000000000000000000e+00 0.000000000000000000e+00 1.000000000000000000e+00 0.000000000000000000e+00
9.999915693939039896e-01 -4.106231985246430564e-03 0.000000000000000000e+00 -9.531457767036926043e-01 4.106231985246421023e-03 9.999915693939039896e-01 0.000000000000000000e+00 -6.761427160829417637e+00 0.000000000000000000e+00 0.000000000000000000e+00 1.000000000000000000e+00 0.000000000000000000e+00
9.999831582526614859e-01 5.803723893536232199e-03 0.000000000000000000e+00 -9.525788882474373054e-01 -5.803723893536250414e-03 9.999831582526613749e-01 0.000000000000000000e+00 -7.238858379579800051e+00 0.000000000000000000e+00 0.000000000000000000e+00 1.000000000000000000e+00 0.000000000000000000e+00
9.998956907628931967e-01 1.444325426614102154e-02 0.000000000000000000e+00 -9.569546051069792725e-01 -1.444325426614108746e-02 9.998956907628930857e-01 0.000000000000000000e+00 -7.704745740539471477e+00 0.000000000000000000e+00 0.000000000000000000e+00 1.000000000000000000e+00 0.000000000000000000e+00
9.999653577390853476e-01 8.323660357236382923e-03 0.000000000000000000e+00 -9.596692343869150932e-01 -8.323660357236436699e-03 9.999653577390853476e-01 0.000000000000000000e+00 -8.215994878228592313e+00 0.000000000000000000e+00 0.000000000000000000e+00 1.000000000000000000e+00 0.000000000000000000e+00
9.998752812207467588e-01 1.579309987723778383e-02 0.000000000000000000e+00 -9.616478587154873026e-01 -1.579309987723778730e-02 9.998752812207467588e-01 0.000000000000000000e+00 -8.685016556880832184e+00 0.000000000000000000e+00 0.000000000000000000e+00 1.000000000000000000e+00 0.000000000000000000e+00
7.933075062348554640e-01 6.088211564584746771e-01 0.000000000000000000e+00 -1.030402537052154344e+00 -6.088211564584747881e-01 7.933075062348554640e-01 0.000000000000000000e+00 -8.959532866426954456e+00 0.000000000000000000e+00 0.000000000000000000e+00 1.000000000000000000e+00 0.000000000000000000e+00
2.043584045776283831e-02 9.997911664066574389e-01 0.000000000000000000e+00 -1.060271529185392581e+00 -9.997911664066574389e-01 2.043584045776273422e-02 0.000000000000000000e+00 -8.866111812542168735e+00 0.000000000000000000e+00 0.000000000000000000e+00 1.000000000000000000e+00 0.000000000000000000e+00
-8.392936641184121083e-01 5.436783473439879000e-01 0.000000000000000000e+00 -1.009127207542590554e+00 -5.436783473439877890e-01 -8.392936641184121083e-01 0.000000000000000000e+00 -8.763279967456622188e+00 0.000000000000000000e+00 0.000000000000000000e+00 1.000000000000000000e+00 0.000000000000000000e+00
-9.918002231237031951e-01 -1.277979554287640429e-01 0.000000000000000000e+00 -9.256178264740171358e-01 1.277979554287640429e-01 -9.918002231237030841e-01 0.000000000000000000e+00 -8.734042435523434733e+00 0.000000000000000000e+00 0.000000000000000000e+00 1.000000000000000000e+00 0.000000000000000000e+00
-9.993591199401321568e-01 3.579594100570772375e-02 0.000000000000000000e+00 -9.319823908284021741e-01 -3.579594100570767518e-02 -9.993591199401321568e-01 0.000000000000000000e+00 -8.738661128041766091e+00 0.000000000000000000e+00 0.000000000000000000e+00 1.000000000000000000e+00 0.000000000000000000e+00
-9.968678969703345105e-01 -7.908473929869401509e-02 0.000000000000000000e+00 -9.045087541542926601e-01 7.908473929869407060e-02 -9.968678969703345105e-01 0.000000000000000000e+00 -8.733672211536227081e+00 0.000000000000000000e+00 0.000000000000000000e+00 1.000000000000000000e+00 0.000000000000000000e+00
-9.922151854362569745e-01 -1.245352391481780868e-01 0.000000000000000000e+00 -8.488802400059114461e-01 1.245352391481780729e-01 -9.922151854362569745e-01 0.000000000000000000e+00 -8.444107851827300948e+00 0.000000000000000000e+00 0.000000000000000000e+00 1.000000000000000000e+00 0.000000000000000000e+00
-9.920978094354306887e-01 -1.254668741677238963e-01 0.000000000000000000e+00 -7.693287744990087162e-01 1.254668741677238686e-01 -9.920978094354306887e-01 0.000000000000000000e+00 -7.956045576768363325e+00 0.000000000000000000e+00 0.000000000000000000e+00 1.000000000000000000e+00 0.000000000000000000e+00
-9.928317923283535018e-01 -1.195200072877714709e-01 0.000000000000000000e+00 -6.915051621384193936e-01 1.195200072877715819e-01 -9.928317923283535018e-01 0.000000000000000000e+00 -7.463571440027005899e+00 0.000000000000000000e+00 0.000000000000000000e+00 1.000000000000000000e+00 0.000000000000000000e+00
-9.939974782809445353e-01 -1.094029852020634852e-01 0.000000000000000000e+00 -6.207060391194403337e-01 1.094029852020635407e-01 -9.939974782809445353e-01 0.000000000000000000e+00 -6.978469992719591453e+00 0.000000000000000000e+00 0.000000000000000000e+00 1.000000000000000000e+00 0.000000000000000000e+00
-9.954315644015570008e-01 -9.547774920403433174e-02 0.000000000000000000e+00 -5.528347522648004997e-01 9.547774920403438725e-02 -9.954315644015570008e-01 0.000000000000000000e+00 -6.476962516782598378e+00 0.000000000000000000e+00 0.000000000000000000e+00 1.000000000000000000e+00 0.000000000000000000e+00
-9.998769707924139993e-01 -1.568576676435651587e-02 0.000000000000000000e+00 -5.153877445358006071e-01 1.568576676435655751e-02 -9.998769707924138883e-01 0.000000000000000000e+00 -5.982968577941094601e+00 0.000000000000000000e+00 0.000000000000000000e+00 1.000000000000000000e+00 0.000000000000000000e+00
-9.995543304964960019e-01 -2.985197456955513903e-02 0.000000000000000000e+00 -5.072852491785013740e-01 2.985197456955518067e-02 -9.995543304964960019e-01 0.000000000000000000e+00 -5.499088965259399053e+00 0.000000000000000000e+00 0.000000000000000000e+00 1.000000000000000000e+00 0.000000000000000000e+00
-9.987876405962956561e-01 -4.922650700674060381e-02 0.000000000000000000e+00 -4.444129756191586011e-01 4.922650700674063157e-02 -9.987876405962956561e-01 0.000000000000000000e+00 -4.994273942486230133e+00 0.000000000000000000e+00 0.000000000000000000e+00 1.000000000000000000e+00 0.000000000000000000e+00
-9.565886010589074173e-01 2.914416722504905577e-01 0.000000000000000000e+00 -5.596109676440406133e-01 -2.914416722504905022e-01 -9.565886010589074173e-01 0.000000000000000000e+00 -4.558989492231646956e+00 0.000000000000000000e+00 0.000000000000000000e+00 1.000000000000000000e+00 0.000000000000000000e+00
-9.999948273576055868e-01 -3.216404519384746981e-03 0.000000000000000000e+00 -5.875333676230880542e-01 3.216404519384791650e-03 -9.999948273576055868e-01 0.000000000000000000e+00 -4.049444008904191428e+00 0.000000000000000000e+00 0.000000000000000000e+00 1.000000000000000000e+00 0.000000000000000000e+00
-9.999976964628003451e-01 -2.146408417054127167e-03 0.000000000000000000e+00 -7.162535951696753500e-01 2.146408417054160560e-03 -9.999976964628002341e-01 0.000000000000000000e+00 -3.734946309357190408e+00 0.000000000000000000e+00 0.000000000000000000e+00 1.000000000000000000e+00 0.000000000000000000e+00
-9.866939493230953984e-01 1.625885923710288505e-01 0.000000000000000000e+00 -8.257092571530293412e-01 -1.625885923710287950e-01 -9.866939493230953984e-01 0.000000000000000000e+00 -3.251164893778017984e+00 0.000000000000000000e+00 0.000000000000000000e+00 1.000000000000000000e+00 0.000000000000000000e+00
-9.951508869785912204e-01 -9.836011460812207896e-02 0.000000000000000000e+00 -7.786138154232205011e-01 9.836011460812216223e-02 -9.951508869785912204e-01 0.000000000000000000e+00 -2.756683388190324990e+00 0.000000000000000000e+00 0.000000000000000000e+00 1.000000000000000000e+00 0.000000000000000000e+00
-9.959723557639623692e-01 -8.966084180946952420e-02 0.000000000000000000e+00 -7.029629676628061929e-01 8.966084180946956583e-02 -9.959723557639623692e-01 0.000000000000000000e+00 -2.270867261211062527e+00 0.000000000000000000e+00 0.000000000000000000e+00 1.000000000000000000e+00 0.000000000000000000e+00
-9.996310923752967925e-01 2.716024956752895528e-02 0.000000000000000000e+00 -6.739385541037776761e-01 -2.716024956752887895e-02 -9.996310923752967925e-01 0.000000000000000000e+00 -1.862164528876723679e+00 0.000000000000000000e+00 0.000000000000000000e+00 1.000000000000000000e+00 0.000000000000000000e+00
-9.943799122589811468e-01 -1.058706290517860416e-01 0.000000000000000000e+00 -6.296055527844615085e-01 1.058706290517860554e-01 -9.943799122589810358e-01 0.000000000000000000e+00 -1.375347155528131360e+00 0.000000000000000000e+00 0.000000000000000000e+00 1.000000000000000000e+00 0.000000000000000000e+00
-9.703544085691112597e-01 -2.416864120518361359e-01 0.000000000000000000e+00 -4.932207045368883769e-01 2.416864120518362191e-01 -9.703544085691112597e-01 0.000000000000000000e+00 -8.713755559627527347e-01 0.000000000000000000e+00 0.000000000000000000e+00 1.000000000000000000e+00 0.000000000000000000e+00
-9.911966986244247213e-01 -1.323975250374462842e-01 0.000000000000000000e+00 -5.092467806303346833e-01 1.323975250374462564e-01 -9.911966986244247213e-01 0.000000000000000000e+00 -3.848441439398007091e-01 0.000000000000000000e+00 0.000000000000000000e+00 1.000000000000000000e+00 0.000000000000000000e+00
-9.993521991842774232e-01 -3.598863689482999229e-02 0.000000000000000000e+00 -6.173019764085196925e-01 3.598863689483006861e-02 -9.993521991842773122e-01 0.000000000000000000e+00 -9.084660200222494097e-02 0.000000000000000000e+00 0.000000000000000000e+00 1.000000000000000000e+00 0.000000000000000000e+00
-8.067627680724970274e-01 5.908754826966524654e-01 0.000000000000000000e+00 -8.015688026188882986e-01 -5.908754826966523543e-01 -8.067627680724971384e-01 0.000000000000000000e+00 -1.035908853621902992e-01 0.000000000000000000e+00 0.000000000000000000e+00 1.000000000000000000e+00 0.000000000000000000e+00
-2.880144078327716017e-01 9.576260757105236054e-01 0.000000000000000000e+00 -9.949050939146317774e-01 -9.576260757105236054e-01 -2.880144078327716572e-01 0.000000000000000000e+00 -1.216346784226001176e-01 0.000000000000000000e+00 0.000000000000000000e+00 1.000000000000000000e+00 0.000000000000000000e+00
-3.312544114360135850e-01 9.435414749252837296e-01 0.000000000000000000e+00 -9.593013490654627162e-01 -9.435414749252837296e-01 -3.312544114360135294e-01 0.000000000000000000e+00 -6.980666135928448313e-02 0.000000000000000000e+00 0.000000000000000000e+00 1.000000000000000000e+00 0.000000000000000000e+00
-2.678518680774914507e-01 9.634601064742627230e-01 0.000000000000000000e+00 -8.497485615690507643e-01 -9.634601064742627230e-01 -2.678518680774914507e-01 0.000000000000000000e+00 -1.607625328558626165e-02 0.000000000000000000e+00 0.000000000000000000e+00 1.000000000000000000e+00 0.000000000000000000e+00
-2.223291238971041306e-01 9.749716717254639509e-01 0.000000000000000000e+00 -9.516333048647638293e-01 -9.749716717254639509e-01 -2.223291238971041306e-01 0.000000000000000000e+00 5.564361204869427979e-02 0.000000000000000000e+00 0.000000000000000000e+00 1.000000000000000000e+00 0.000000000000000000e+00
-1.652216411965646559e-01 9.862564622248685131e-01 0.000000000000000000e+00 -8.475395873021653870e-01 -9.862564622248685131e-01 -1.652216411965646836e-01 0.000000000000000000e+00 6.536256075715840552e-02 0.000000000000000000e+00 0.000000000000000000e+00 1.000000000000000000e+00 0.000000000000000000e+00
-1.398527848566665510e-01 9.901723075141187769e-01 0.000000000000000000e+00 -1.451888744317024305e+00 -9.901723075141187769e-01 -1.398527848566666620e-01 0.000000000000000000e+00 1.687595936712327216e-01 0.000000000000000000e+00 0.000000000000000000e+00 1.000000000000000000e+00 0.000000000000000000e+00
6.537598503994077603e-01 7.567020933007544414e-01 0.000000000000000000e+00 -1.638100262789109252e+00 -7.567020933007543304e-01 6.537598503994077603e-01 0.000000000000000000e+00 1.089104467406389887e-01 0.000000000000000000e+00 0.000000000000000000e+00 1.000000000000000000e+00 0.000000000000000000e+00
9.999928416020078537e-01 3.783747446823713945e-03 0.000000000000000000e+00 -1.590835834251834058e+00 -3.783747446823739966e-03 9.999928416020078537e-01 0.000000000000000000e+00 4.517000592757014488e-02 0.000000000000000000e+00 0.000000000000000000e+00 1.000000000000000000e+00 0.000000000000000000e+00
9.990159796427949823e-01 -4.435169014081071642e-02 0.000000000000000000e+00 -1.618664614572324467e+00 4.435169014081064010e-02 9.990159796427948713e-01 0.000000000000000000e+00 -4.414010155953658199e-01 0.000000000000000000e+00 0.000000000000000000e+00 1.000000000000000000e+00 0.000000000000000000e+00
9.998373513690475001e-01 -1.803526565725121003e-02 0.000000000000000000e+00 -1.631909318063406999e+00 1.803526565725119268e-02 9.998373513690475001e-01 0.000000000000000000e+00 -9.755009199479420801e-01 0.000000000000000000e+00 0.000000000000000000e+00 1.000000000000000000e+00 0.000000000000000000e+00
9.999078779820192997e-01 1.357333965886717807e-02 0.000000000000000000e+00 -1.662201956481560217e+00 -1.357333965886725613e-02 9.999078779820191887e-01 0.000000000000000000e+00 -1.499887538825338318e+00 0.000000000000000000e+00 0.000000000000000000e+00 1.000000000000000000e+00 0.000000000000000000e+00
9.988774820329626714e-01 -4.736851156082608899e-02 0.000000000000000000e+00 -1.671000763513283971e+00 4.736851156082608205e-02 9.988774820329625603e-01 0.000000000000000000e+00 -1.990415846871692374e+00 0.000000000000000000e+00 0.000000000000000000e+00 1.000000000000000000e+00 0.000000000000000000e+00
9.993981457237592902e-01 -3.468928255112036646e-02 0.000000000000000000e+00 -1.670049549074953177e+00 3.468928255112033177e-02 9.993981457237592902e-01 0.000000000000000000e+00 -2.486897060203166809e+00 0.000000000000000000e+00 0.000000000000000000e+00 1.000000000000000000e+00 0.000000000000000000e+00
9.997591908630394375e-01 -2.194448187769005784e-02 0.000000000000000000e+00 -1.677470356347583902e+00 2.194448187768999192e-02 9.997591908630394375e-01 0.000000000000000000e+00 -2.983282083767960557e+00 0.000000000000000000e+00 0.000000000000000000e+00 1.000000000000000000e+00 0.000000000000000000e+00
9.999877178502041275e-01 -4.956223233501933986e-03 0.000000000000000000e+00 -1.688470131969232568e+00 4.956223233501895822e-03 9.999877178502041275e-01 0.000000000000000000e+00 -3.484586557053680700e+00 0.000000000000000000e+00 0.000000000000000000e+00 1.000000000000000000e+00 0.000000000000000000e+00
9.999990971594032718e-01 1.343756070973572709e-03 0.000000000000000000e+00 -1.705234089240086348e+00 -1.343756070973633424e-03 9.999990971594031608e-01 0.000000000000000000e+00 -3.983685534949468199e+00 0.000000000000000000e+00 0.000000000000000000e+00 1.000000000000000000e+00 0.000000000000000000e+00
9.999761519949775801e-01 -6.906188624496214026e-03 0.000000000000000000e+00 -1.713826326233331088e+00 6.906188624496158515e-03 9.999761519949775801e-01 0.000000000000000000e+00 -4.490853774751067284e+00 0.000000000000000000e+00 0.000000000000000000e+00 1.000000000000000000e+00 0.000000000000000000e+00
9.999396518336020057e-01 -1.098602252385373450e-02 0.000000000000000000e+00 -1.718459274100595735e+00 1.098602252385367725e-02 9.999396518336018946e-01 0.000000000000000000e+00 -4.990045547313534335e+00 0.000000000000000000e+00 0.000000000000000000e+00 1.000000000000000000e+00 0.000000000000000000e+00
9.998505966127804179e-01 -1.728538264160721719e-02 0.000000000000000000e+00 -1.735301402448378383e+00 1.728538264160718943e-02 9.998505966127804179e-01 0.000000000000000000e+00 -5.482121428365142712e+00 0.000000000000000000e+00 0.000000000000000000e+00 1.000000000000000000e+00 0.000000000000000000e+00
9.998511147243267505e-01 -1.725538711593513005e-02 0.000000000000000000e+00 -1.748903708939472779e+00 1.725538711593507801e-02 9.998511147243267505e-01 0.000000000000000000e+00 -5.964904648100589846e+00 0.000000000000000000e+00 0.000000000000000000e+00 1.000000000000000000e+00 0.000000000000000000e+00
9.999310136747300293e-01 -1.174597341332599479e-02 0.000000000000000000e+00 -1.761551774133053527e+00 1.174597341332594795e-02 9.999310136747300293e-01 0.000000000000000000e+00 -6.461525838191044535e+00 0.000000000000000000e+00 0.000000000000000000e+00 1.000000000000000000e+00 0.000000000000000000e+00
9.999537642865320430e-01 -9.616095319543369047e-03 0.000000000000000000e+00 -1.772027857118771976e+00 9.616095319543329148e-03 9.999537642865319320e-01 0.000000000000000000e+00 -6.977131561283091976e+00 0.000000000000000000e+00 0.000000000000000000e+00 1.000000000000000000e+00 0.000000000000000000e+00
9.999522372223985656e-01 9.773600867625326094e-03 0.000000000000000000e+00 -1.782445790319869161e+00 -9.773600867625362523e-03 9.999522372223985656e-01 0.000000000000000000e+00 -7.504101993724815678e+00 0.000000000000000000e+00 0.000000000000000000e+00 1.000000000000000000e+00 0.000000000000000000e+00
9.999686863926491309e-01 7.913673872446156526e-03 0.000000000000000000e+00 -1.815718495389546661e+00 -7.913673872446231120e-03 9.999686863926492419e-01 0.000000000000000000e+00 -7.998435339856096782e+00 0.000000000000000000e+00 0.000000000000000000e+00 1.000000000000000000e+00 0.000000000000000000e+00
9.999544587018418529e-01 9.543611596579992459e-03 0.000000000000000000e+00 -1.849424273318234668e+00 -9.543611596580054909e-03 9.999544587018417419e-01 0.000000000000000000e+00 -8.499273487898179269e+00 0.000000000000000000e+00 0.000000000000000000e+00 1.000000000000000000e+00 0.000000000000000000e+00
9.998127219009521616e-01 1.935254828204704958e-02 0.000000000000000000e+00 -1.886391636201040001e+00 -1.935254828204712590e-02 9.998127219009521616e-01 0.000000000000000000e+00 -8.994144889457704295e+00 0.000000000000000000e+00 0.000000000000000000e+00 1.000000000000000000e+00 0.000000000000000000e+00
9.997906246422061383e-01 2.046232825332532090e-02 0.000000000000000000e+00 -1.924404991858274627e+00 -2.046232825332539029e-02 9.997906246422061383e-01 0.000000000000000000e+00 -9.453119273047548177e+00 0.000000000000000000e+00 0.000000000000000000e+00 1.000000000000000000e+00 0.000000000000000000e+00
9.593225123475297433e-01 2.823124462421440772e-01 0.000000000000000000e+00 -1.986200479612179493e+00 -2.823124462421441327e-01 9.593225123475297433e-01 0.000000000000000000e+00 -9.444731323759636865e+00 0.000000000000000000e+00 0.000000000000000000e+00 1.000000000000000000e+00 0.000000000000000000e+00
2.722852903338986996e-01 9.622165664068480506e-01 0.000000000000000000e+00 -2.101414473524400250e+00 -9.622165664068479396e-01 2.722852903338986441e-01 0.000000000000000000e+00 -9.380525517115728462e+00 0.000000000000000000e+00 0.000000000000000000e+00 1.000000000000000000e+00 0.000000000000000000e+00
-6.844016630648253052e-01 7.291051800625896195e-01 0.000000000000000000e+00 -2.213966571305611808e+00 -7.291051800625895085e-01 -6.844016630648253052e-01 0.000000000000000000e+00 -9.268025049183151509e+00 0.000000000000000000e+00 0.000000000000000000e+00 1.000000000000000000e+00 0.000000000000000000e+00
-9.955393848011674374e-01 -9.434687758327175988e-02 0.000000000000000000e+00 -2.160189423690809463e+00 9.434687758327180152e-02 -9.955393848011673263e-01 0.000000000000000000e+00 -9.226092861136059753e+00 0.000000000000000000e+00 0.000000000000000000e+00 1.000000000000000000e+00 0.000000000000000000e+00
-9.942394039481828871e-01 -1.071821236809653716e-01 0.000000000000000000e+00 -2.173133309868774177e+00 1.071821236809653993e-01 -9.942394039481828871e-01 0.000000000000000000e+00 -9.103590184387293505e+00 0.000000000000000000e+00 0.000000000000000000e+00 1.000000000000000000e+00 0.000000000000000000e+00
-9.791369668362434053e-01 -2.032013783780042548e-01 0.000000000000000000e+00 -2.108757161786236622e+00 2.032013783780042826e-01 -9.791369668362432943e-01 0.000000000000000000e+00 -8.620290234503109161e+00 0.000000000000000000e+00 0.000000000000000000e+00 1.000000000000000000e+00 0.000000000000000000e+00
-9.670287904519598854e-01 -2.546670737198261092e-01 0.000000000000000000e+00 -2.006318542928703152e+00 2.546670737198261647e-01 -9.670287904519598854e-01 0.000000000000000000e+00 -8.138863335206281135e+00 0.000000000000000000e+00 0.000000000000000000e+00 1.000000000000000000e+00 0.000000000000000000e+00
