-2.926753226882927716e-02 9.995716140201726940e-01 0.000000000000000000e+00 1.882629509680953106e-01 -9.995716140201725830e-01 -2.926753226882958248e-02 0.000000000000000000e+00 1.071065516767402137e+00 0.000000000000000000e+00 0.000000000000000000e+00 1.000000000000000000e+00 0.000000000000000000e+00
-4.472778526337999050e-02 9.989992118242300156e-01 0.000000000000000000e+00 1.739369271602981826e-01 -9.989992118242300156e-01 -4.472778526338029581e-02 0.000000000000000000e+00 8.087120479131497675e-01 0.000000000000000000e+00 0.000000000000000000e+00 1.000000000000000000e+00 0.000000000000000000e+00
-1.489197113969366049e-01 9.888492906188753873e-01 0.000000000000000000e+00 1.150558978246252195e-01 -9.888492906188752762e-01 -1.489197113969369379e-01 0.000000000000000000e+00 3.122948506270644131e-01 0.000000000000000000e+00 0.000000000000000000e+00 1.000000000000000000e+00 0.000000000000000000e+00
-1.677094134899469735e-01 9.858364735730048567e-01 0.000000000000000000e+00 2.177366317734907852e-02 -9.858364735730047457e-01 -1.677094134899473066e-01 0.000000000000000000e+00 -1.901457435502047488e-01 0.000000000000000000e+00 0.000000000000000000e+00 1.000000000000000000e+00 0.000000000000000000e+00
-7.383645658089615926e-02 9.972703633817548985e-01 0.000000000000000000e+00 -1.720627602842483839e-02 -9.972703633817547875e-01 -7.383645658089642294e-02 0.000000000000000000e+00 -6.627728104322390124e-01 0.000000000000000000e+00 0.000000000000000000e+00 1.000000000000000000e+00 0.000000000000000000e+00
-1.371312423554548465e-01 9.905528872150388686e-01 0.000000000000000000e+00 -8.384389657942392660e-02 -9.905528872150387576e-01 -1.371312423554551518e-01 0.000000000000000000e+00 -1.159870064861692640e+00 0.000000000000000000e+00 0.000000000000000000e+00 1.000000000000000000e+00 0.000000000000000000e+00
-9.012226834053849167e-02 9.959307088091801097e-01 0.000000000000000000e+00 -1.348870876472361147e-01 -9.959307088091801097e-01 -9.012226834053874147e-02 0.000000000000000000e+00 -1.644436426342362090e+00 0.000000000000000000e+00 0.000000000000000000e+00 1.000000000000000000e+00 0.000000000000000000e+00
-9.102753199701738018e-02 9.958483762192575917e-01 0.000000000000000000e+00 -1.819944919425324770e-01 -9.958483762192574806e-01 -9.102753199701771325e-02 0.000000000000000000e+00 -2.170444353991327624e+00 0.000000000000000000e+00 0.000000000000000000e+00 1.000000000000000000e+00 0.000000000000000000e+00
-9.102753199701738018e-02 9.958483762192575917e-01 0.000000000000000000e+00 -2.258848762093705886e-01 -9.958483762192574806e-01 -9.102753199701771325e-02 0.000000000000000000e+00 -2.658896695382900965e+00 0.000000000000000000e+00 0.000000000000000000e+00 1.000000000000000000e+00 0.000000000000000000e+00
-6.017633460598578038e-02 9.981877622739062650e-01 0.000000000000000000e+00 -2.632429107233420496e-01 -9.981877622739062650e-01 -6.017633460598607181e-02 0.000000000000000000e+00 -3.152329620746875172e+00 0.000000000000000000e+00 0.000000000000000000e+00 1.000000000000000000e+00 0.000000000000000000e+00
-1.380127408103820445e-02 9.999047578813394788e-01 0.000000000000000000e+00 -2.806867627151916622e-01 -9.999047578813393677e-01 -1.380127408103850803e-02 0.000000000000000000e+00 -3.640165663811234076e+00 0.000000000000000000e+00 0.000000000000000000e+00 1.000000000000000000e+00 0.000000000000000000e+00
-2.926753226882927716e-02 9.995716140201726940e-01 0.000000000000000000e+00 -2.957563497927893081e-01 -9.995716140201725830e-01 -2.926753226882958248e-02 0.000000000000000000e+00 -4.138951779894379790e+00 0.000000000000000000e+00 0.000000000000000000e+00 1.000000000000000000e+00 0.000000000000000000e+00
-1.380127408103820445e-02 9.999047578813394788e-01 0.000000000000000000e+00 -3.049471922246880240e-01 -9.999047578813393677e-01 -1.380127408103850803e-02 0.000000000000000000e+00 -4.644260147995869836e+00 0.000000000000000000e+00 0.000000000000000000e+00 1.000000000000000000e+00 0.000000000000000000e+00
-1.380127408103820445e-02 9.999047578813394788e-01 0.000000000000000000e+00 -3.142746956438671191e-01 -9.999047578813393677e-01 -1.380127408103850803e-02 0.000000000000000000e+00 -5.146946287317379465e+00 0.000000000000000000e+00 0.000000000000000000e+00 1.000000000000000000e+00 0.000000000000000000e+00
-1.380127408103820445e-02 9.999047578813394788e-01 0.000000000000000000e+00 -3.238091238071589828e-01 -9.999047578813393677e-01 -1.380127408103850803e-02 0.000000000000000000e+00 -5.632526827843460815e+00 0.000000000000000000e+00 0.000000000000000000e+00 1.000000000000000000e+00 0.000000000000000000e+00
-1.380127408103820445e-02 9.999047578813394788e-01 0.000000000000000000e+00 -3.361427504340070982e-01 -9.999047578813393677e-01 -1.380127408103850803e-02 0.000000000000000000e+00 -6.134452422452091547e+00 0.000000000000000000e+00 0.000000000000000000e+00 1.000000000000000000e+00 0.000000000000000000e+00
4.806176524286140395e-02 9.988443656154546435e-01 0.000000000000000000e+00 -3.253592354987091539e-01 -9.988443656154546435e-01 4.806176524286112639e-02 0.000000000000000000e+00 -6.622094905810178567e+00 0.000000000000000000e+00 0.000000000000000000e+00 1.000000000000000000e+00 0.000000000000000000e+00
3.260350878927693180e-02 9.994683642890491715e-01 0.000000000000000000e+00 -3.093893565385315014e-01 -9.994683642890491715e-01 3.260350878927665425e-02 0.000000000000000000e+00 -7.117895979500016956e+00 0.000000000000000000e+00 0.000000000000000000e+00 1.000000000000000000e+00 0.000000000000000000e+00
3.260350878927693180e-02 9.994683642890491715e-01 0.000000000000000000e+00 -2.949951201431275649e-01 -9.994683642890491715e-01 3.260350878927665425e-02 0.000000000000000000e+00 -7.608919308689773509e+00 0.000000000000000000e+00 0.000000000000000000e+00 1.000000000000000000e+00 0.000000000000000000e+00
3.260350878927693180e-02 9.994683642890491715e-01 0.000000000000000000e+00 -2.804451179825733220e-01 -9.994683642890491715e-01 3.260350878927665425e-02 0.000000000000000000e+00 -8.104025101232263495e+00 0.000000000000000000e+00 0.000000000000000000e+00 1.000000000000000000e+00 0.000000000000000000e+00
-3.778571497969768211e-02 9.992858648772497965e-01 0.000000000000000000e+00 -2.809779847513027562e-01 -9.992858648772496855e-01 -3.778571497969793885e-02 0.000000000000000000e+00 -8.590443974305678410e+00 0.000000000000000000e+00 0.000000000000000000e+00 1.000000000000000000e+00 0.000000000000000000e+00
-9.110130405648505514e-01 4.123775453644220601e-01 0.000000000000000000e+00 -3.887078206432406091e-01 -4.123775453644217825e-01 -9.110130405648506624e-01 0.000000000000000000e+00 -8.607745882544303839e+00 0.000000000000000000e+00 0.000000000000000000e+00 1.000000000000000000e+00 0.000000000000000000e+00
-8.861299878020161280e-01 -4.634367753189194139e-01 0.000000000000000000e+00 -3.971918948999828558e-01 4.634367753189197470e-01 -8.861299878020160170e-01 0.000000000000000000e+00 -8.510753990769753585e+00 0.000000000000000000e+00 0.000000000000000000e+00 1.000000000000000000e+00 0.000000000000000000e+00
-1.036829616880344668e-01 -9.946103978219801300e-01 0.000000000000000000e+00 -3.183978921805561413e-01 9.946103978219801300e-01 -1.036829616880341337e-01 0.000000000000000000e+00 -8.442284045060326036e+00 0.000000000000000000e+00 0.000000000000000000e+00 1.000000000000000000e+00 0.000000000000000000e+00
1.319960356907231291e-01 -9.912502441674015952e-01 0.000000000000000000e+00 -2.855685342149030248e-01 9.912502441674015952e-01 1.319960356907234622e-01 0.000000000000000000e+00 -8.401612988711089969e+00 0.000000000000000000e+00 0.000000000000000000e+00 1.000000000000000000e+00 0.000000000000000000e+00
1.862867405562841361e-01 -9.824954199857196535e-01 0.000000000000000000e+00 -2.442915300644443732e-01 9.824954199857195425e-01 1.862867405562844692e-01 0.000000000000000000e+00 -7.957788331982372121e+00 0.000000000000000000e+00 0.000000000000000000e+00 1.000000000000000000e+00 0.000000000000000000e+00
2.422898827969860169e-01 -9.702039026381117370e-01 0.000000000000000000e+00 -9.491668557461707678e-02 9.702039026381117370e-01 2.422898827969862667e-01 0.000000000000000000e+00 -7.469467669995149883e+00 0.000000000000000000e+00 0.000000000000000000e+00 1.000000000000000000e+00 0.000000000000000000e+00
-1.031219849628353807e-01 -9.946687168184815686e-01 0.000000000000000000e+00 -1.404449296925207591e-01 9.946687168184815686e-01 -1.031219849628351171e-01 0.000000000000000000e+00 -6.995234933056269533e+00 0.000000000000000000e+00 0.000000000000000000e+00 1.000000000000000000e+00 0.000000000000000000e+00
1.460322872807368055e-01 -9.892798244539087182e-01 0.000000000000000000e+00 -9.904767937626957064e-02 9.892798244539086072e-01 1.460322872807371386e-01 0.000000000000000000e+00 -6.494925589678342881e+00 0.000000000000000000e+00 0.000000000000000000e+00 1.000000000000000000e+00 0.000000000000000000e+00
1.400910449594894025e-01 -9.901386262146115724e-01 0.000000000000000000e+00 -1.258930615287567889e-02 9.901386262146114614e-01 1.400910449594897078e-01 0.000000000000000000e+00 -5.986420105785039247e+00 0.000000000000000000e+00 0.000000000000000000e+00 1.000000000000000000e+00 0.000000000000000000e+00
-6.071526924813600706e-02 -9.981551262605058428e-01 0.000000000000000000e+00 -8.153632689598566685e-03 9.981551262605058428e-01 -6.071526924813572257e-02 0.000000000000000000e+00 -5.528160066581391696e+00 0.000000000000000000e+00 0.000000000000000000e+00 1.000000000000000000e+00 0.000000000000000000e+00
-8.004191926465994977e-02 -9.967914983387597960e-01 0.000000000000000000e+00 -5.225982653169580772e-02 9.967914983387597960e-01 -8.004191926465965834e-02 0.000000000000000000e+00 -5.046863493360926434e+00 0.000000000000000000e+00 0.000000000000000000e+00 1.000000000000000000e+00 0.000000000000000000e+00
-3.371024627892890008e-02 -9.994316481359862836e-01 0.000000000000000000e+00 -7.716349881386719289e-02 9.994316481359862836e-01 -3.371024627892862252e-02 0.000000000000000000e+00 -4.548826127006889486e+00 0.000000000000000000e+00 0.000000000000000000e+00 1.000000000000000000e+00 0.000000000000000000e+00
7.450725731610639835e-02 -9.972204714140356918e-01 0.000000000000000000e+00 -5.268267504756352082e-02 9.972204714140355808e-01 7.450725731610668978e-02 0.000000000000000000e+00 -4.040410911018303075e+00 0.000000000000000000e+00 0.000000000000000000e+00 1.000000000000000000e+00 0.000000000000000000e+00
1.360342733195887555e-01 -9.907041316570812661e-01 0.000000000000000000e+00 1.764078555373060908e-02 9.907041316570812661e-01 1.360342733195890053e-01 0.000000000000000000e+00 -3.527502222873855509e+00 0.000000000000000000e+00 0.000000000000000000e+00 1.000000000000000000e+00 0.000000000000000000e+00
-3.371024627892890008e-02 -9.994316481359862836e-01 0.000000000000000000e+00 3.379726819807871152e-02 9.994316481359862836e-01 -3.371024627892862252e-02 0.000000000000000000e+00 -3.051976386841194433e+00 0.000000000000000000e+00 0.000000000000000000e+00 1.000000000000000000e+00 0.000000000000000000e+00
-9.442176586364417479e-02 -9.955322848261582980e-01 0.000000000000000000e+00 -2.533824859703770471e-02 9.955322848261582980e-01 -9.442176586364388335e-02 0.000000000000000000e+00 -2.577367565752315848e+00 0.000000000000000000e+00 0.000000000000000000e+00 1.000000000000000000e+00 0.000000000000000000e+00
1.108913855910645743e-02 -9.999385136127205698e-01 0.000000000000000000e+00 -2.765612320827415260e-02 9.999385136127204587e-01 1.108913855910678530e-02 0.000000000000000000e+00 -2.052917048136700728e+00 0.000000000000000000e+00 0.000000000000000000e+00 1.000000000000000000e+00 0.000000000000000000e+00
-2.775630594300981975e-03 -9.999961479299828149e-01 0.000000000000000000e+00 -2.534709095552756253e-02 9.999961479299828149e-01 -2.775630594300670592e-03 0.000000000000000000e+00 -1.558245697364233351e+00 0.000000000000000000e+00 0.000000000000000000e+00 1.000000000000000000e+00 0.000000000000000000e+00
-5.135203784103962998e-02 -9.986806137147014040e-01 0.000000000000000000e+00 -4.061290197286382408e-02 9.986806137147012929e-01 -5.135203784103933855e-02 0.000000000000000000e+00 -1.077848589830288084e+00 0.000000000000000000e+00 0.000000000000000000e+00 1.000000000000000000e+00 0.000000000000000000e+00
-3.806643477519047747e-02 -9.992752106119244804e-01 0.000000000000000000e+00 -6.794318404136134859e-02 9.992752106119245914e-01 -3.806643477519017216e-02 0.000000000000000000e+00 -5.813710686432180808e-01 0.000000000000000000e+00 0.000000000000000000e+00 1.000000000000000000e+00 0.000000000000000000e+00
-3.371024627892890008e-02 -9.994316481359862836e-01 0.000000000000000000e+00 -8.516257015999428859e-02 9.994316481359862836e-01 -3.371024627892862252e-02 0.000000000000000000e+00 -8.847353294366211429e-02 0.000000000000000000e+00 0.000000000000000000e+00 1.000000000000000000e+00 0.000000000000000000e+00
-1.504096604066666731e-01 -9.886237575824035062e-01 0.000000000000000000e+00 5.228658374937111830e-02 9.886237575824036172e-01 -1.504096604066663678e-01 0.000000000000000000e+00 4.026676637763877409e-01 0.000000000000000000e+00 0.000000000000000000e+00 1.000000000000000000e+00 0.000000000000000000e+00
-8.928451717712485580e-01 -4.503637410413604547e-01 0.000000000000000000e+00 1.522359503234511635e-01 4.503637410413607323e-01 -8.928451717712484470e-01 0.000000000000000000e+00 5.071179440892734647e-01 0.000000000000000000e+00 0.000000000000000000e+00 1.000000000000000000e+00 0.000000000000000000e+00
-9.747665029977251594e-01 -2.232269352779498173e-01 0.000000000000000000e+00 3.100157754922818754e-01 2.232269352779500948e-01 -9.747665029977249374e-01 0.000000000000000000e+00 5.137623241725801648e-01 0.000000000000000000e+00 0.000000000000000000e+00 1.000000000000000000e+00 0.000000000000000000e+00
-9.800302660619411022e-01 -1.988483784257765730e-01 0.000000000000000000e+00 1.020493927642931453e-01 1.988483784257768228e-01 -9.800302660619409911e-01 0.000000000000000000e+00 6.155859121275923940e-01 0.000000000000000000e+00 0.000000000000000000e+00 1.000000000000000000e+00 0.000000000000000000e+00
-9.981939563198332088e-01 -6.007350136756434839e-02 0.000000000000000000e+00 -1.449675658855653637e-01 6.007350136756459819e-02 -9.981939563198332088e-01 0.000000000000000000e+00 6.805771454854445679e-01 0.000000000000000000e+00 0.000000000000000000e+00 1.000000000000000000e+00 0.000000000000000000e+00
-9.959430826477402299e-01 8.998542174217072365e-02 0.000000000000000000e+00 -3.600941892054123628e-01 -8.998542174217041834e-02 -9.959430826477402299e-01 0.000000000000000000e+00 6.453099409463280978e-01 0.000000000000000000e+00 0.000000000000000000e+00 1.000000000000000000e+00 0.000000000000000000e+00
-9.966017454406099763e-01 8.237087461432943125e-02 0.000000000000000000e+00 -7.122517139160251531e-01 -8.237087461432911206e-02 -9.966017454406099763e-01 0.000000000000000000e+00 6.176235492945583161e-01 0.000000000000000000e+00 0.000000000000000000e+00 1.000000000000000000e+00 0.000000000000000000e+00
-4.713287041305410652e-01 8.819576252080508771e-01 0.000000000000000000e+00 -7.891738509816406122e-01 -8.819576252080507661e-01 -4.713287041305413427e-01 0.000000000000000000e+00 4.873555574997281425e-01 0.000000000000000000e+00 0.000000000000000000e+00 1.000000000000000000e+00 0.000000000000000000e+00
-2.925388043898686230e-01 9.562536525034276425e-01 0.000000000000000000e+00 -7.809025206532922425e-01 -9.562536525034275314e-01 -2.925388043898689006e-01 0.000000000000000000e+00 4.113553277132364627e-01 0.000000000000000000e+00 0.000000000000000000e+00 1.000000000000000000e+00 0.000000000000000000e+00
-1.490037630485653852e-01 9.888366288712038266e-01 0.000000000000000000e+00 -8.387847437806428275e-01 -9.888366288712037155e-01 -1.490037630485657183e-01 0.000000000000000000e+00 -1.313255155051340495e-02 0.000000000000000000e+00 0.000000000000000000e+00 1.000000000000000000e+00 0.000000000000000000e+00
2.950227112053620537e-01 9.554902405953906719e-01 0.000000000000000000e+00 -7.551479183655729344e-01 -9.554902405953907829e-01 2.950227112053617207e-01 0.000000000000000000e+00 -3.941950311079880365e-01 0.000000000000000000e+00 0.000000000000000000e+00 1.000000000000000000e+00 0.000000000000000000e+00
5.431254989971631003e-02 9.985239841503010805e-01 0.000000000000000000e+00 -6.490621171735426742e-01 -9.985239841503010805e-01 5.431254989971603248e-02 0.000000000000000000e+00 -8.782799360424879964e-01 0.000000000000000000e+00 0.000000000000000000e+00 1.000000000000000000e+00 0.000000000000000000e+00
1.582867514216533544e-01 9.873931862861824449e-01 0.000000000000000000e+00 -6.332515199251886884e-01 -9.873931862861824449e-01 1.582867514216531046e-01 0.000000000000000000e+00 -1.327030807497519227e+00 0.000000000000000000e+00 0.000000000000000000e+00 1.000000000000000000e+00 0.000000000000000000e+00
-1.091488186468117655e-01 9.940254198902588323e-01 0.000000000000000000e+00 -5.579716760190649438e-01 -9.940254198902587213e-01 -1.091488186468120430e-01 0.000000000000000000e+00 -1.578564781666953465e+00 0.000000000000000000e+00 0.000000000000000000e+00 1.000000000000000000e+00 0.000000000000000000e+00
-2.471817930058459734e-01 9.689691229375758663e-01 0.000000000000000000e+00 -5.595317814412226198e-01 -9.689691229375758663e-01 -2.471817930058462232e-01 0.000000000000000000e+00 -1.586247944822302358e+00 0.000000000000000000e+00 0.000000000000000000e+00 1.000000000000000000e+00 0.000000000000000000e+00
-1.550684215053252935e-01 9.879037324819897048e-01 0.000000000000000000e+00 -5.585888625338597535e-01 -9.879037324819897048e-01 -1.550684215053255988e-01 0.000000000000000000e+00 -1.789386804344390569e+00 0.000000000000000000e+00 0.000000000000000000e+00 1.000000000000000000e+00 0.000000000000000000e+00
-2.826203317979019136e-01 9.592318531275135784e-01 0.000000000000000000e+00 -6.926100295652943828e-01 -9.592318531275134674e-01 -2.826203317979021912e-01 0.000000000000000000e+00 -2.298848546661249159e+00 0.000000000000000000e+00 0.000000000000000000e+00 1.000000000000000000e+00 0.000000000000000000e+00
-5.221295933216461155e-02 9.986359731542708840e-01 0.000000000000000000e+00 -7.428598660042027291e-01 -9.986359731542707729e-01 -5.221295933216493074e-02 0.000000000000000000e+00 -2.780697726986239182e+00 0.000000000000000000e+00 0.000000000000000000e+00 1.000000000000000000e+00 0.000000000000000000e+00
-3.271387438851831170e-02 9.994647579692302886e-01 0.000000000000000000e+00 -7.274310072681089423e-01 -9.994647579692302886e-01 -3.271387438851858231e-02 0.000000000000000000e+00 -3.258261402777333338e+00 0.000000000000000000e+00 0.000000000000000000e+00 1.000000000000000000e+00 0.000000000000000000e+00
-7.893251882933401131e-02 9.968799614152432653e-01 0.000000000000000000e+00 -7.501885784070054797e-01 -9.968799614152431543e-01 -7.893251882933431662e-02 0.000000000000000000e+00 -3.758285684468591903e+00 0.000000000000000000e+00 0.000000000000000000e+00 1.000000000000000000e+00 0.000000000000000000e+00
-3.248099821401655152e-02 9.994723531719228449e-01 0.000000000000000000e+00 -7.560021702825494572e-01 -9.994723531719228449e-01 -3.248099821401685683e-02 0.000000000000000000e+00 -4.234006585989122051e+00 0.000000000000000000e+00 0.000000000000000000e+00 1.000000000000000000e+00 0.000000000000000000e+00
-3.236405972664609110e-02 9.994761466078168066e-01 0.000000000000000000e+00 -7.642211634561775213e-01 -9.994761466078168066e-01 -3.236405972664643804e-02 0.000000000000000000e+00 -4.759374746936479106e+00 0.000000000000000000e+00 0.000000000000000000e+00 1.000000000000000000e+00 0.000000000000000000e+00
-3.224812027615413940e-02 9.994798941142610804e-01 0.000000000000000000e+00 -7.686801473527324902e-01 -9.994798941142610804e-01 -3.224812027615440307e-02 0.000000000000000000e+00 -5.249558020400200142e+00 0.000000000000000000e+00 0.000000000000000000e+00 1.000000000000000000e+00 0.000000000000000000e+00
-4.758973052201638521e-02 9.988669668924093914e-01 0.000000000000000000e+00 -7.752412892785756071e-01 -9.988669668924093914e-01 -4.758973052201664194e-02 0.000000000000000000e+00 -5.740661020247107338e+00 0.000000000000000000e+00 0.000000000000000000e+00 1.000000000000000000e+00 0.000000000000000000e+00
-3.201524058757380248e-02 9.994873807958356560e-01 0.000000000000000000e+00 -7.783208301871056278e-01 -9.994873807958355449e-01 -3.201524058757408003e-02 0.000000000000000000e+00 -6.225824624892790204e+00 0.000000000000000000e+00 0.000000000000000000e+00 1.000000000000000000e+00 0.000000000000000000e+00
-3.189929983626273169e-02 9.994910878391842779e-01 0.000000000000000000e+00 -7.845360231252058725e-01 -9.994910878391842779e-01 -3.189929983626305782e-02 0.000000000000000000e+00 -6.722296526331070332e+00 0.000000000000000000e+00 0.000000000000000000e+00 1.000000000000000000e+00 0.000000000000000000e+00
-3.600093110949972863e-02 9.993517563697223993e-01 0.000000000000000000e+00 -7.909888168537761999e-01 -9.993517563697223993e-01 -3.600093110950005476e-02 0.000000000000000000e+00 -7.206257793498287434e+00 0.000000000000000000e+00 0.000000000000000000e+00 1.000000000000000000e+00 0.000000000000000000e+00
-3.079484293403880052e-02 9.995257263565895389e-01 0.000000000000000000e+00 -7.947166241574024070e-01 -9.995257263565894279e-01 -3.079484293403911624e-02 0.000000000000000000e+00 -7.735393853791578955e+00 0.000000000000000000e+00 0.000000000000000000e+00 1.000000000000000000e+00 0.000000000000000000e+00
-4.420630160468767139e-02 9.990224236214296782e-01 0.000000000000000000e+00 -7.969546877180704314e-01 -9.990224236214296782e-01 -4.420630160468796283e-02 0.000000000000000000e+00 -8.222721017512725439e+00 0.000000000000000000e+00 0.000000000000000000e+00 1.000000000000000000e+00 0.000000000000000000e+00
-6.354079463001199857e-01 7.721766260245539470e-01 0.000000000000000000e+00 -8.678592437165093543e-01 -7.721766260245537250e-01 -6.354079463001202077e-01 0.000000000000000000e+00 -8.494837291299621285e+00 0.000000000000000000e+00 0.000000000000000000e+00 1.000000000000000000e+00 0.000000000000000000e+00
-9.998286264875155815e-01 -1.851263503902038712e-02 0.000000000000000000e+00 -8.888975450577021320e-01 1.851263503902068550e-02 -9.998286264875155815e-01 0.000000000000000000e+00 -8.400228760243077630e+00 0.000000000000000000e+00 0.000000000000000000e+00 1.000000000000000000e+00 0.000000000000000000e+00
-5.056986752280369091e-01 -8.627101772163167093e-01 0.000000000000000000e+00 -8.280489118699492224e-01 8.627101772163168203e-01 -5.056986752280366870e-01 0.000000000000000000e+00 -8.298980678339354711e+00 0.000000000000000000e+00 0.000000000000000000e+00 1.000000000000000000e+00 0.000000000000000000e+00
1.808792419050304356e-01 -9.835053125671775476e-01 0.000000000000000000e+00 -7.371096227120261801e-01 9.835053125671773255e-01 1.808792419050307132e-01 0.000000000000000000e+00 -8.272726201398228341e+00 0.000000000000000000e+00 0.000000000000000000e+00 1.000000000000000000e+00 0.000000000000000000e+00
2.705606377614935831e-02 -9.996339176983446428e-01 0.000000000000000000e+00 -7.375442328408894355e-01 9.996339176983445318e-01 2.705606377614967056e-02 0.000000000000000000e+00 -8.276217854879874380e+00 0.000000000000000000e+00 0.000000000000000000e+00 1.000000000000000000e+00 0.000000000000000000e+00
1.501365292489735825e-01 -9.886652732776003427e-01 0.000000000000000000e+00 -7.067239697698965983e-01 9.886652732776002317e-01 1.501365292489739156e-01 0.000000000000000000e+00 -8.268899459274635433e+00 0.000000000000000000e+00 0.000000000000000000e+00 1.000000000000000000e+00 0.000000000000000000e+00
2.030319413404134687e-01 -9.791721150010056496e-01 0.000000000000000000e+00 -6.273885071177716100e-01 9.791721150010056496e-01 2.030319413404138018e-01 0.000000000000000000e+00 -7.980038231591215059e+00 0.000000000000000000e+00 0.000000000000000000e+00 1.000000000000000000e+00 0.000000000000000000e+00
2.107629400835472622e-01 -9.775372029172797461e-01 0.000000000000000000e+00 -5.061220628276785760e-01 9.775372029172796351e-01 2.107629400835475675e-01 0.000000000000000000e+00 -7.495870313180421185e+00 0.000000000000000000e+00 0.000000000000000000e+00 1.000000000000000000e+00 0.000000000000000000e+00
2.106485667885001634e-01 -9.775618554904599300e-01 0.000000000000000000e+00 -3.828961087997342361e-01 9.775618554904598190e-01 2.106485667885003854e-01 0.000000000000000000e+00 -7.008050107597564526e+00 0.000000000000000000e+00 0.000000000000000000e+00 1.000000000000000000e+00 0.000000000000000000e+00
2.053813674286937563e-01 -9.786820187952365302e-01 0.000000000000000000e+00 -2.645070163440763622e-01 9.786820187952365302e-01 2.053813674286940061e-01 0.000000000000000000e+00 -6.527677385021097400e+00 0.000000000000000000e+00 0.000000000000000000e+00 1.000000000000000000e+00 0.000000000000000000e+00
1.952725730639892909e-01 -9.807490108121287298e-01 0.000000000000000000e+00 -1.452020313677238050e-01 9.807490108121286188e-01 1.952725730639895685e-01 0.000000000000000000e+00 -6.031268774539982225e+00 0.000000000000000000e+00 0.000000000000000000e+00 1.000000000000000000e+00 0.000000000000000000e+00
1.187852351935816120e-01 -9.929199705414355481e-01 0.000000000000000000e+00 -5.497497911898818757e-02 9.929199705414355481e-01 1.187852351935818895e-01 0.000000000000000000e+00 -5.539745712982843351e+00 0.000000000000000000e+00 0.000000000000000000e+00 1.000000000000000000e+00 0.000000000000000000e+00
1.340159281709177030e-01 -9.909791778824050823e-01 0.000000000000000000e+00 6.099782874507297947e-03 9.909791778824049713e-01 1.340159281709180639e-01 0.000000000000000000e+00 -5.055481720090084785e+00 0.000000000000000000e+00 0.000000000000000000e+00 1.000000000000000000e+00 0.000000000000000000e+00
1.532718149318635925e-01 -9.881840672402548709e-01 0.000000000000000000e+00 1.244887177436666548e-01 9.881840672402547598e-01 1.532718149318639256e-01 0.000000000000000000e+00 -4.556182050771602654e+00 0.000000000000000000e+00 0.000000000000000000e+00 1.000000000000000000e+00 0.000000000000000000e+00
-1.915151446707250293e-01 -9.814896583060624957e-01 0.000000000000000000e+00 5.850303092000075367e-02 9.814896583060624957e-01 -1.915151446707247795e-01 0.000000000000000000e+00 -4.107480879510139182e+00 0.000000000000000000e+00 0.000000000000000000e+00 1.000000000000000000e+00 0.000000000000000000e+00
1.029476494682933646e-01 -9.946867755574884118e-01 0.000000000000000000e+00 8.624652224649054233e-02 9.946867755574883008e-01 1.029476494682936560e-01 0.000000000000000000e+00 -3.593958300856566090e+00 0.000000000000000000e+00 0.000000000000000000e+00 1.000000000000000000e+00 0.000000000000000000e+00
-9.664156624390078665e-02 -9.953192491225745231e-01 0.000000000000000000e+00 1.279225375438741708e-01 9.953192491225746341e-01 -9.664156624390048134e-02 0.000000000000000000e+00 -3.099194809089101277e+00 0.000000000000000000e+00 0.000000000000000000e+00 1.000000000000000000e+00 0.000000000000000000e+00
-2.759054927296740178e-01 -9.611847684402806680e-01 0.000000000000000000e+00 -3.354006418680910429e-02 9.611847684402806680e-01 -2.759054927296737403e-01 0.000000000000000000e+00 -2.618355496720240261e+00 0.000000000000000000e+00 0.000000000000000000e+00 1.000000000000000000e+00 0.000000000000000000e+00
-3.196518812479805238e-02 -9.994889828047861524e-01 0.000000000000000000e+00 -4.885690235648354474e-02 9.994889828047862634e-01 -3.196518812479777483e-02 0.000000000000000000e+00 -2.112041227763219453e+00 0.000000000000000000e+00 0.000000000000000000e+00 1.000000000000000000e+00 0.000000000000000000e+00
-5.201614904563416769e-02 -9.986462437912948520e-01 0.000000000000000000e+00 -4.184126986697123129e-02 9.986462437912948520e-01 -5.201614904563384156e-02 0.000000000000000000e+00 -1.611265403286064490e+00 0.000000000000000000e+00 0.000000000000000000e+00 1.000000000000000000e+00 0.000000000000000000e+00
-2.266771198115386243e-01 -9.739699601907367832e-01 0.000000000000000000e+00 -1.081381156648362207e-01 9.739699601907367832e-01 -2.266771198115383468e-01 0.000000000000000000e+00 -1.157625148598218523e+00 0.000000000000000000e+00 0.000000000000000000e+00 1.000000000000000000e+00 0.000000000000000000e+00
-1.074179782038421349e-01 -9.942139497907876988e-01 0.000000000000000000e+00 -1.735815644089058196e-01 9.942139497907876988e-01 -1.074179782038418018e-01 0.000000000000000000e+00 -6.595114578111864745e-01 0.000000000000000000e+00 0.000000000000000000e+00 1.000000000000000000e+00 0.000000000000000000e+00
2.496077318724373995e-02 -9.996884313634398778e-01 0.000000000000000000e+00 -1.579339996666320189e-01 9.996884313634397667e-01 2.496077318724406954e-02 0.000000000000000000e+00 -1.268549122383042516e-01 0.000000000000000000e+00 0.000000000000000000e+00 1.000000000000000000e+00 0.000000000000000000e+00
-8.790502734099543691e-02 -9.961288602225009114e-01 0.000000000000000000e+00 -2.899844284947334927e-01 9.961288602225009114e-01 -8.790502734099518711e-02 0.000000000000000000e+00 3.555511949953400475e-01 0.000000000000000000e+00 0.000000000000000000e+00 1.000000000000000000e+00 0.000000000000000000e+00
-1.844680871564088886e-01 -9.828385039368652265e-01 0.000000000000000000e+00 -4.704719625967115348e-01 9.828385039368653375e-01 -1.844680871564086111e-01 0.000000000000000000e+00 6.297913501218044274e-01 0.000000000000000000e+00 0.000000000000000000e+00 1.000000000000000000e+00 0.000000000000000000e+00
-7.467869127479161984e-01 -6.650633856621759321e-01 0.000000000000000000e+00 -6.495793094518589328e-01 6.650633856621761542e-01 -7.467869127479159763e-01 0.000000000000000000e+00 5.746535780276307293e-01 0.000000000000000000e+00 0.000000000000000000e+00 1.000000000000000000e+00 0.000000000000000000e+00
-9.957850568161186189e-01 -9.171761347592612135e-02 0.000000000000000000e+00 -8.369115680850995886e-01 9.171761347592641278e-02 -9.957850568161186189e-01 0.000000000000000000e+00 5.142880841311150419e-01 0.000000000000000000e+00 0.000000000000000000e+00 1.000000000000000000e+00 0.000000000000000000e+00
-9.890429392940892628e-01 -1.476281281887319163e-01 0.000000000000000000e+00 -8.144844497129710703e-01 1.476281281887321661e-01 -9.890429392940891518e-01 0.000000000000000000e+00 5.700352062947073861e-01 0.000000000000000000e+00 0.000000000000000000e+00 1.000000000000000000e+00 0.000000000000000000e+00
-9.957257841831742562e-01 -9.235887998889119599e-02 0.000000000000000000e+00 -7.192612687644981406e-01 9.235887998889148742e-02 -9.957257841831742562e-01 0.000000000000000000e+00 6.412505881658665530e-01 0.000000000000000000e+00 0.000000000000000000e+00 1.000000000000000000e+00 0.000000000000000000e+00
-9.983923229148530254e-01 -5.668129801516445798e-02 0.000000000000000000e+00 -8.344743025904008960e-01 5.668129801516476329e-02 -9.983923229148529144e-01 0.000000000000000000e+00 6.915861759903014772e-01 0.000000000000000000e+00 0.000000000000000000e+00 1.000000000000000000e+00 0.000000000000000000e+00
-9.999547166223983208e-01 -9.516548986853421571e-03 0.000000000000000000e+00 -7.356187975542738400e-01 9.516548986853740760e-03 -9.999547166223982098e-01 0.000000000000000000e+00 7.164615680284605048e-01 0.000000000000000000e+00 0.000000000000000000e+00 1.000000000000000000e+00 0.000000000000000000e+00
-9.999933449340727698e-01 3.648299270138931436e-03 0.000000000000000000e+00 -1.351012814545306640e+00 -3.648299270138639569e-03 -9.999933449340727698e-01 0.000000000000000000e+00 7.223310147345234355e-01 0.000000000000000000e+00 0.000000000000000000e+00 1.000000000000000000e+00 0.000000000000000000e+00
-6.646316464131212243e-01 7.471711815816933777e-01 0.000000000000000000e+00 -1.529041947378821931e+00 -7.471711815816931557e-01 -6.646316464131213353e-01 0.000000000000000000e+00 6.343137506351004262e-01 0.000000000000000000e+00 0.000000000000000000e+00 1.000000000000000000e+00 0.000000000000000000e+00
1.147996240017270797e-01 9.933886683111813332e-01 0.000000000000000000e+00 -1.476167319480438778e+00 -9.933886683111813332e-01 1.147996240017267605e-01 0.000000000000000000e+00 5.752272390642820810e-01 0.000000000000000000e+00 0.000000000000000000e+00 1.000000000000000000e+00 0.000000000000000000e+00
1.515817197181505982e-01 9.884447289794650038e-01 0.000000000000000000e+00 -1.448465613191046941e+00 -9.884447289794650038e-01 1.515817197181502929e-01 0.000000000000000000e+00 8.686305541783845285e-02 0.000000000000000000e+00 0.000000000000000000e+00 1.000000000000000000e+00 0.000000000000000000e+00
1.119103684266437720e-01 9.937183048724687051e-01 0.000000000000000000e+00 -1.413593322173660738e+00 -9.937183048724688161e-01 1.119103684266435084e-01 0.000000000000000000e+00 -4.388473214972421488e-01 0.000000000000000000e+00 0.000000000000000000e+00 1.000000000000000000e+00 0.000000000000000000e+00
7.205878109891745986e-02 9.974003870394969606e-01 0.000000000000000000e+00 -1.403255145670541992e+00 -9.974003870394969606e-01 7.205878109891719618e-02 0.000000000000000000e+00 -9.571536748439797293e-01 0.000000000000000000e+00 0.000000000000000000e+00 1.000000000000000000e+00 0.000000000000000000e+00
1.284791706667647582e-01 9.917122076009653453e-01 0.000000000000000000e+00 -1.378573989321800752e+00 -9.917122076009653453e-01 1.284791706667644529e-01 0.000000000000000000e+00 -1.440150277000024737e+00 0.000000000000000000e+00 0.000000000000000000e+00 1.000000000000000000e+00 0.000000000000000000e+00
1.155793986550642943e-01 9.932982445401450367e-01 0.000000000000000000e+00 -1.345646405817660707e+00 -9.932982445401450367e-01 1.155793986550640168e-01 0.000000000000000000e+00 -1.928487325127218099e+00 0.000000000000000000e+00 0.000000000000000000e+00 1.000000000000000000e+00 0.000000000000000000e+00
1.065526270861990310e-01 9.943070640707675212e-01 0.000000000000000000e+00 -1.321211922275956852e+00 -9.943070640707675212e-01 1.065526270861987396e-01 0.000000000000000000e+00 -2.417397622788303835e+00 0.000000000000000000e+00 0.000000000000000000e+00 1.000000000000000000e+00 0.000000000000000000e+00
9.751706489131055366e-02 9.952338529486343122e-01 0.000000000000000000e+00 -1.298458979205562969e+00 -9.952338529486343122e-01 9.751706489131026223e-02 0.000000000000000000e+00 -2.911219857607304284e+00 0.000000000000000000e+00 0.000000000000000000e+00 1.000000000000000000e+00 0.000000000000000000e+00
1.038725858453009437e-01 9.945906122168108876e-01 0.000000000000000000e+00 -1.278127143297027146e+00 -9.945906122168108876e-01 1.038725858453006246e-01 0.000000000000000000e+00 -3.402869893284704794e+00 0.000000000000000000e+00 0.000000000000000000e+00 1.000000000000000000e+00 0.000000000000000000e+00
1.305991561094406728e-01 9.914352527641439039e-01 0.000000000000000000e+00 -1.243469460668265469e+00 -9.914352527641439039e-01 1.305991561094403397e-01 0.000000000000000000e+00 -3.900681040367415697e+00 0.000000000000000000e+00 0.000000000000000000e+00 1.000000000000000000e+00 0.000000000000000000e+00
1.625221853423976792e-01 9.867048896562392590e-01 0.000000000000000000e+00 -1.198678690750000442e+00 -9.867048896562392590e-01 1.625221853423973739e-01 0.000000000000000000e+00 -4.387942176740026845e+00 0.000000000000000000e+00 0.000000000000000000e+00 1.000000000000000000e+00 0.000000000000000000e+00
1.535533639949814011e-01 9.881403566325104304e-01 0.000000000000000000e+00 -1.152184091059886839e+00 -9.881403566325103194e-01 1.535533639949810958e-01 0.000000000000000000e+00 -4.878568761241575125e+00 0.000000000000000000e+00 0.000000000000000000e+00 1.000000000000000000e+00 0.000000000000000000e+00
1.445728639398510540e-01 9.894941571390046819e-01 0.000000000000000000e+00 -1.110521476170880817e+00 -9.894941571390046819e-01 1.445728639398507764e-01 0.000000000000000000e+00 -5.360051232014513722e+00 0.000000000000000000e+00 0.000000000000000000e+00 1.000000000000000000e+00 0.000000000000000000e+00
1.355794484366421304e-01 9.907664776129720963e-01 0.000000000000000000e+00 -1.070027571346081174e+00 -9.907664776129719852e-01 1.355794484366418529e-01 0.000000000000000000e+00 -5.855506079778707296e+00 0.000000000000000000e+00 0.000000000000000000e+00 1.000000000000000000e+00 0.000000000000000000e+00
1.265748475853075150e-01 9.919570595337059427e-01 0.000000000000000000e+00 -1.038529258850815040e+00 -9.919570595337059427e-01 1.265748475853071819e-01 0.000000000000000000e+00 -6.339037736206649676e+00 0.000000000000000000e+00 0.000000000000000000e+00 1.000000000000000000e+00 0.000000000000000000e+00
1.101135438004269967e-01 9.939190145437963864e-01 0.000000000000000000e+00 -1.007798942960427269e+00 -9.939190145437964974e-01 1.101135438004267331e-01 0.000000000000000000e+00 -6.835534725573430670e+00 0.000000000000000000e+00 0.000000000000000000e+00 1.000000000000000000e+00 0.000000000000000000e+00
1.085360563222067115e-01 9.940925130379077990e-01 0.000000000000000000e+00 -9.819996328821858356e-01 -9.940925130379077990e-01 1.085360563222064201e-01 0.000000000000000000e+00 -7.325842155127056721e+00 0.000000000000000000e+00 0.000000000000000000e+00 1.000000000000000000e+00 0.000000000000000000e+00
1.035334244139039239e-01 9.946259749419027463e-01 0.000000000000000000e+00 -9.574915457323882606e-01 -9.946259749419026353e-01 1.035334244139036602e-01 0.000000000000000000e+00 -7.822726297563963094e+00 0.000000000000000000e+00 0.000000000000000000e+00 1.000000000000000000e+00 0.000000000000000000e+00
9.046045680254406751e-02 9.959000480746423856e-01 0.000000000000000000e+00 -9.385304603556647862e-01 -9.959000480746423856e-01 9.046045680254376220e-02 0.000000000000000000e+00 -8.314171289393502917e+00 0.000000000000000000e+00 0.000000000000000000e+00 1.000000000000000000e+00 0.000000000000000000e+00
8.611051254571513991e-02 9.962855913989292489e-01 0.000000000000000000e+00 -9.262484547582019445e-01 -9.962855913989292489e-01 8.611051254571482072e-02 0.000000000000000000e+00 -8.770116616558400580e+00 0.000000000000000000e+00 0.000000000000000000e+00 1.000000000000000000e+00 0.000000000000000000e+00
-1.814844040852743035e-01 9.833938229792846819e-01 0.000000000000000000e+00 -9.888382643131663485e-01 -9.833938229792846819e-01 -1.814844040852745810e-01 0.000000000000000000e+00 -8.763922940035246967e+00 0.000000000000000000e+00 0.000000000000000000e+00 1.000000000000000000e+00 0.000000000000000000e+00
-9.297609542788535242e-01 3.681637786345574592e-01 0.000000000000000000e+00 -1.110446109927302416e+00 -3.681637786345571817e-01 -9.297609542788536352e-01 0.000000000000000000e+00 -8.707551675679297887e+00 0.000000000000000000e+00 0.000000000000000000e+00 1.000000000000000000e+00 0.000000000000000000e+00
-7.933927722813617356e-01 -6.087100367923099498e-01 0.000000000000000000e+00 -1.233968645325106195e+00 6.087100367923101718e-01 -7.933927722813615135e-01 0.000000000000000000e+00 -8.602524194299906668e+00 0.000000000000000000e+00 0.000000000000000000e+00 1.000000000000000000e+00 0.000000000000000000e+00
-2.708630846209811923e-03 -9.999963316527411550e-01 0.000000000000000000e+00 -1.184846010704042385e+00 9.999963316527410440e-01 -2.708630846209541306e-03 0.000000000000000000e+00 -8.551100376220290400e+00 0.000000000000000000e+00 0.000000000000000000e+00 1.000000000000000000e+00 0.000000000000000000e+00
1.226005868800314653e-02 -9.999248426561702097e-01 0.000000000000000000e+00 -1.209887725709009487e+00 9.999248426561700986e-01 1.226005868800343276e-02 0.000000000000000000e+00 -8.426018418837902146e+00 0.000000000000000000e+00 0.000000000000000000e+00 1.000000000000000000e+00 0.000000000000000000e+00
1.115238811550811060e-01 -9.937617541101626539e-01 0.000000000000000000e+00 -1.191926853643558104e+00 9.937617541101625429e-01 1.115238811550813974e-01 0.000000000000000000e+00 -7.934364775055361640e+00 0.000000000000000000e+00 0.000000000000000000e+00 1.000000000000000000e+00 0.000000000000000000e+00
1.664717153906788427e-01 -9.860462301408006169e-01 0.000000000000000000e+00 -1.134780550713117009e+00 9.860462301408005059e-01 1.664717153906791203e-01 0.000000000000000000e+00 -7.441067872034087038e+00 0.000000000000000000e+00 0.000000000000000000e+00 1.000000000000000000e+00 0.000000000000000000e+00
