5.797380295758520347e-02 9.983181046994165087e-01 0.000000000000000000e+00 1.641420000000000379e-01 -9.983181046994165087e-01 5.797380295758517571e-02 0.000000000000000000e+00 2.186059999999999948e-01 0.000000000000000000e+00 0.000000000000000000e+00 1.000000000000000000e+00 0.000000000000000000e+00
6.275506331578915853e-02 9.980289585118417017e-01 0.000000000000000000e+00 1.641420000000000379e-01 -9.980289585118417017e-01 6.275506331578915853e-02 0.000000000000000000e+00 2.186059999999999948e-01 0.000000000000000000e+00 0.000000000000000000e+00 1.000000000000000000e+00 0.000000000000000000e+00
7.056762649864421755e-02 9.975069975144775780e-01 0.000000000000000000e+00 1.641420396866080378e-01 -9.975069975144775780e-01 7.056762649864420367e-02 0.000000000000000000e+00 2.186060917876524456e-01 0.000000000000000000e+00 0.000000000000000000e+00 1.000000000000000000e+00 0.000000000000000000e+00
7.694021212778640040e-02 9.970357083664213027e-01 0.000000000000000000e+00 1.641411614966913624e-01 -9.970357083664211917e-01 7.694021212778638652e-02 0.000000000000000000e+00 2.186065804413848956e-01 0.000000000000000000e+00 0.000000000000000000e+00 1.000000000000000000e+00 0.000000000000000000e+00
7.971167051465946618e-02 9.968179621093122833e-01 0.000000000000000000e+00 1.641402436201666593e-01 -9.968179621093122833e-01 7.971167051465945230e-02 0.000000000000000000e+00 2.186069773074648948e-01 0.000000000000000000e+00 0.000000000000000000e+00 1.000000000000000000e+00 0.000000000000000000e+00
8.242271715909935126e-02 9.965974592061285220e-01 0.000000000000000000e+00 1.641393257436419839e-01 -9.965974592061285220e-01 8.242271715909932350e-02 0.000000000000000000e+00 2.186073741735448661e-01 0.000000000000000000e+00 0.000000000000000000e+00 1.000000000000000000e+00 0.000000000000000000e+00
8.554165836986092619e-02 9.963345947438210226e-01 0.000000000000000000e+00 1.641374503039846333e-01 -9.963345947438210226e-01 8.554165836986092619e-02 0.000000000000000000e+00 2.186080761180523580e-01 0.000000000000000000e+00 0.000000000000000000e+00 1.000000000000000000e+00 0.000000000000000000e+00
8.910798043249021361e-02 9.960219715564727627e-01 0.000000000000000000e+00 1.641364530542439304e-01 -9.960219715564727627e-01 8.910798043249018585e-02 0.000000000000000000e+00 2.186082894088273998e-01 0.000000000000000000e+00 0.000000000000000000e+00 1.000000000000000000e+00 0.000000000000000000e+00
9.312121451687427331e-02 9.956547792316884360e-01 0.000000000000000000e+00 1.641345379279785799e-01 -9.956547792316884360e-01 9.312121451687425944e-02 0.000000000000000000e+00 2.186088995656824407e-01 0.000000000000000000e+00 0.000000000000000000e+00 1.000000000000000000e+00 0.000000000000000000e+00
5.837562174863306641e-01 8.119289861472195335e-01 0.000000000000000000e+00 2.082099571786105441e-01 -8.119289861472195335e-01 5.837562174863307751e-01 0.000000000000000000e+00 2.091366681405628647e-01 0.000000000000000000e+00 0.000000000000000000e+00 1.000000000000000000e+00 0.000000000000000000e+00
6.006040032375966620e-01 7.995466411004258367e-01 0.000000000000000000e+00 3.463724612188103791e-01 -7.995466411004258367e-01 6.006040032375965509e-01 0.000000000000000000e+00 5.752279891460714001e-02 0.000000000000000000e+00 0.000000000000000000e+00 1.000000000000000000e+00 0.000000000000000000e+00
1.987588363057670449e-01 9.800484299208775951e-01 0.000000000000000000e+00 4.059855767718221764e-01 -9.800484299208774841e-01 1.987588363057670449e-01 0.000000000000000000e+00 -1.451551413992728523e-01 0.000000000000000000e+00 0.000000000000000000e+00 1.000000000000000000e+00 0.000000000000000000e+00
-7.733596113886762567e-03 9.999700952984280633e-01 0.000000000000000000e+00 4.078582080574703062e-01 -9.999700952984280633e-01 -7.733596113886757363e-03 0.000000000000000000e+00 -3.781409277083694898e-01 0.000000000000000000e+00 0.000000000000000000e+00 1.000000000000000000e+00 0.000000000000000000e+00
4.533078753113996967e-02 9.989720314912760024e-01 0.000000000000000000e+00 4.120177012400010330e-01 -9.989720314912758914e-01 4.533078753113993498e-02 0.000000000000000000e+00 -5.885698433199472168e-01 0.000000000000000000e+00 0.000000000000000000e+00 1.000000000000000000e+00 0.000000000000000000e+00
6.852259030584072208e-02 9.976495650366304924e-01 0.000000000000000000e+00 4.219880423471296105e-01 -9.976495650366304924e-01 6.852259030584070820e-02 0.000000000000000000e+00 -8.150478984846970532e-01 0.000000000000000000e+00 0.000000000000000000e+00 1.000000000000000000e+00 0.000000000000000000e+00
3.274047467467736811e-02 9.994638869504374190e-01 0.000000000000000000e+00 4.240053912896165622e-01 -9.994638869504375300e-01 3.274047467467740974e-02 0.000000000000000000e+00 -1.025681477368131977e+00 0.000000000000000000e+00 0.000000000000000000e+00 1.000000000000000000e+00 0.000000000000000000e+00
1.182605112119380561e-02 9.999300698123239073e-01 0.000000000000000000e+00 4.216246179733291743e-01 -9.999300698123239073e-01 1.182605112119375877e-02 0.000000000000000000e+00 -1.084263596401301655e+00 0.000000000000000000e+00 0.000000000000000000e+00 1.000000000000000000e+00 0.000000000000000000e+00
5.826331276609152815e-02 9.983012503175183738e-01 0.000000000000000000e+00 4.198921452493495354e-01 -9.983012503175184849e-01 5.826331276609156284e-02 0.000000000000000000e+00 -9.982753860741838681e-01 0.000000000000000000e+00 0.000000000000000000e+00 1.000000000000000000e+00 0.000000000000000000e+00
1.095460369350254315e-01 9.939817230672955972e-01 0.000000000000000000e+00 4.058279198693117706e-01 -9.939817230672957082e-01 1.095460369350254037e-01 0.000000000000000000e+00 -7.981933390273298068e-01 0.000000000000000000e+00 0.000000000000000000e+00 1.000000000000000000e+00 0.000000000000000000e+00
1.295115119911721124e-01 9.915779184016557668e-01 0.000000000000000000e+00 3.831930321278041451e-01 -9.915779184016557668e-01 1.295115119911720847e-01 0.000000000000000000e+00 -5.999073884939413182e-01 0.000000000000000000e+00 0.000000000000000000e+00 1.000000000000000000e+00 0.000000000000000000e+00
3.115128637842514911e-02 9.995146809111757902e-01 0.000000000000000000e+00 3.850845598722203444e-01 -9.995146809111756792e-01 3.115128637842513176e-02 0.000000000000000000e+00 -8.640841886199026600e-01 0.000000000000000000e+00 0.000000000000000000e+00 1.000000000000000000e+00 0.000000000000000000e+00
5.735483462976147251e-02 9.983538565782137386e-01 0.000000000000000000e+00 3.924081628675333833e-01 -9.983538565782137386e-01 5.735483462976147251e-02 0.000000000000000000e+00 -1.144908986597515499e+00 0.000000000000000000e+00 0.000000000000000000e+00 1.000000000000000000e+00 0.000000000000000000e+00
9.330043086760433924e-02 9.956380012835586157e-01 0.000000000000000000e+00 4.058673534061081334e-01 -9.956380012835586157e-01 9.330043086760429760e-02 0.000000000000000000e+00 -1.387056476169566066e+00 0.000000000000000000e+00 0.000000000000000000e+00 1.000000000000000000e+00 0.000000000000000000e+00
1.827622833759474652e-01 9.831571327998439580e-01 0.000000000000000000e+00 4.322941202739091215e-01 -9.831571327998439580e-01 1.827622833759474652e-01 0.000000000000000000e+00 -1.592179804101605090e+00 0.000000000000000000e+00 0.000000000000000000e+00 1.000000000000000000e+00 0.000000000000000000e+00
8.013032701586729478e-02 9.967843952893374881e-01 0.000000000000000000e+00 4.014005531884127786e-01 -9.967843952893374881e-01 8.013032701586729478e-02 0.000000000000000000e+00 -1.310027900330367201e+00 0.000000000000000000e+00 0.000000000000000000e+00 1.000000000000000000e+00 0.000000000000000000e+00
-6.623624771755631455e-03 9.999780635568377152e-01 0.000000000000000000e+00 3.883090211153991667e-01 -9.999780635568377152e-01 -6.623624771755677425e-03 0.000000000000000000e+00 -1.083433604232735270e+00 0.000000000000000000e+00 0.000000000000000000e+00 1.000000000000000000e+00 0.000000000000000000e+00
3.772737115340395880e-02 9.992880693102731415e-01 0.000000000000000000e+00 3.890660617305468638e-01 -9.992880693102731415e-01 3.772737115340397268e-02 0.000000000000000000e+00 -1.322028271219461981e+00 0.000000000000000000e+00 0.000000000000000000e+00 1.000000000000000000e+00 0.000000000000000000e+00
8.241275118038626779e-02 9.965982833834703403e-01 0.000000000000000000e+00 3.994018651899901573e-01 -9.965982833834702292e-01 8.241275118038628167e-02 0.000000000000000000e+00 -1.525903111429939729e+00 0.000000000000000000e+00 0.000000000000000000e+00 1.000000000000000000e+00 0.000000000000000000e+00
9.621724555021302083e-02 9.953603576889779037e-01 0.000000000000000000e+00 3.848009087542342832e-01 -9.953603576889779037e-01 9.621724555021299308e-02 0.000000000000000000e+00 -1.286759154217633760e+00 0.000000000000000000e+00 0.000000000000000000e+00 1.000000000000000000e+00 0.000000000000000000e+00
1.099038632490172834e-01 9.939422220848359579e-01 0.000000000000000000e+00 3.647682618607641647e-01 -9.939422220848359579e-01 1.099038632490172696e-01 0.000000000000000000e+00 -1.069115198116294962e+00 0.000000000000000000e+00 0.000000000000000000e+00 1.000000000000000000e+00 0.000000000000000000e+00
1.507296627520604837e-01 9.885750192912271528e-01 0.000000000000000000e+00 3.418286156590265579e-01 -9.885750192912271528e-01 1.507296627520604559e-01 0.000000000000000000e+00 -8.626419281631625413e-01 0.000000000000000000e+00 0.000000000000000000e+00 1.000000000000000000e+00 0.000000000000000000e+00
1.835143450306538915e-01 9.830170319826457836e-01 0.000000000000000000e+00 3.413464761368555922e-01 -9.830170319826457836e-01 1.835143450306538637e-01 0.000000000000000000e+00 -8.653369041335861045e-01 0.000000000000000000e+00 0.000000000000000000e+00 1.000000000000000000e+00 0.000000000000000000e+00
2.130663695461503804e-01 9.770377281192488272e-01 0.000000000000000000e+00 3.700376077176482648e-01 -9.770377281192488272e-01 2.130663695461504081e-01 0.000000000000000000e+00 -1.030276885546867582e+00 0.000000000000000000e+00 0.000000000000000000e+00 1.000000000000000000e+00 0.000000000000000000e+00
2.570325478874171954e-01 9.664027469572418205e-01 0.000000000000000000e+00 4.180399007578331494e-01 -9.664027469572418205e-01 2.570325478874171954e-01 0.000000000000000000e+00 -1.249173955540698655e+00 0.000000000000000000e+00 0.000000000000000000e+00 1.000000000000000000e+00 0.000000000000000000e+00
2.735831335622233573e-01 9.618483607254704193e-01 0.000000000000000000e+00 4.692312539210780065e-01 -9.618483607254704193e-01 2.735831335622234128e-01 0.000000000000000000e+00 -1.457019026777223170e+00 0.000000000000000000e+00 0.000000000000000000e+00 1.000000000000000000e+00 0.000000000000000000e+00
2.897880010016962160e-01 9.570908600939834754e-01 0.000000000000000000e+00 5.354160727114487539e-01 -9.570908600939834754e-01 2.897880010016962160e-01 0.000000000000000000e+00 -1.701198394656013857e+00 0.000000000000000000e+00 0.000000000000000000e+00 1.000000000000000000e+00 0.000000000000000000e+00
1.038587004022103744e-01 9.945920622801912581e-01 0.000000000000000000e+00 5.715953889643268226e-01 -9.945920622801912581e-01 1.038587004022104021e-01 0.000000000000000000e+00 -1.934528627708814508e+00 0.000000000000000000e+00 0.000000000000000000e+00 1.000000000000000000e+00 0.000000000000000000e+00
-8.621650235619440772e-02 9.962764248548012791e-01 0.000000000000000000e+00 5.430319996129697735e-01 -9.962764248548011681e-01 -8.621650235619440772e-02 0.000000000000000000e+00 -2.164880046392882562e+00 0.000000000000000000e+00 0.000000000000000000e+00 1.000000000000000000e+00 0.000000000000000000e+00
7.346009600007688545e-02 9.972981571704920833e-01 0.000000000000000000e+00 5.431872242769802961e-01 -9.972981571704920833e-01 7.346009600007689933e-02 0.000000000000000000e+00 -2.385804754620150625e+00 0.000000000000000000e+00 0.000000000000000000e+00 1.000000000000000000e+00 0.000000000000000000e+00
3.986371411362041317e-01 9.171087338515286902e-01 0.000000000000000000e+00 6.209278973333964835e-01 -9.171087338515286902e-01 3.986371411362041317e-01 0.000000000000000000e+00 -2.631690372240896192e+00 0.000000000000000000e+00 0.000000000000000000e+00 1.000000000000000000e+00 0.000000000000000000e+00
4.128676283745474906e-01 9.107910415898790024e-01 0.000000000000000000e+00 7.286465574431746361e-01 -9.107910415898790024e-01 4.128676283745474351e-01 0.000000000000000000e+00 -2.863072128574783104e+00 0.000000000000000000e+00 0.000000000000000000e+00 1.000000000000000000e+00 0.000000000000000000e+00
3.978767211030382334e-01 9.174388888663348451e-01 0.000000000000000000e+00 6.337327219132012912e-01 -9.174388888663348451e-01 3.978767211030382889e-01 0.000000000000000000e+00 -2.520032434916761321e+00 0.000000000000000000e+00 0.000000000000000000e+00 1.000000000000000000e+00 0.000000000000000000e+00
4.355996351923406285e-01 9.001405211522809369e-01 0.000000000000000000e+00 5.227815522896405165e-01 -9.001405211522808258e-01 4.355996351923405729e-01 0.000000000000000000e+00 -2.270148327860782800e+00 0.000000000000000000e+00 0.000000000000000000e+00 1.000000000000000000e+00 0.000000000000000000e+00
4.446552468400128966e-01 8.957017982887202079e-01 0.000000000000000000e+00 3.931755861012024011e-01 -8.957017982887202079e-01 4.446552468400128411e-01 0.000000000000000000e+00 -2.000617290634341128e+00 0.000000000000000000e+00 0.000000000000000000e+00 1.000000000000000000e+00 0.000000000000000000e+00
4.438623767194624925e-01 8.960949673628069156e-01 0.000000000000000000e+00 2.784804833305724037e-01 -8.960949673628070267e-01 4.438623767194624925e-01 0.000000000000000000e+00 -1.765500049887443357e+00 0.000000000000000000e+00 0.000000000000000000e+00 1.000000000000000000e+00 0.000000000000000000e+00
4.749659398626485673e-01 8.800041795187059090e-01 0.000000000000000000e+00 1.891395388241028097e-01 -8.800041795187059090e-01 4.749659398626485118e-01 0.000000000000000000e+00 -1.581808250506818059e+00 0.000000000000000000e+00 0.000000000000000000e+00 1.000000000000000000e+00 0.000000000000000000e+00
3.044560594979222046e-01 9.525263817002643796e-01 0.000000000000000000e+00 2.499992544178190890e-01 -9.525263817002643796e-01 3.044560594979222046e-01 0.000000000000000000e+00 -1.813977993414570777e+00 0.000000000000000000e+00 0.000000000000000000e+00 1.000000000000000000e+00 0.000000000000000000e+00
1.774200878868818221e-01 9.841352104331045902e-01 0.000000000000000000e+00 2.909291899495170530e-01 -9.841352104331045902e-01 1.774200878868818221e-01 0.000000000000000000e+00 -2.030427262707333647e+00 0.000000000000000000e+00 0.000000000000000000e+00 1.000000000000000000e+00 0.000000000000000000e+00
1.546629871339310069e-01 9.879672871157271219e-01 0.000000000000000000e+00 3.199826284156130907e-01 -9.879672871157271219e-01 1.546629871339310069e-01 0.000000000000000000e+00 -2.248441689324694792e+00 0.000000000000000000e+00 0.000000000000000000e+00 1.000000000000000000e+00 0.000000000000000000e+00
4.702897366371149024e-02 9.988935256753533887e-01 0.000000000000000000e+00 3.355140082336603990e-01 -9.988935256753533887e-01 4.702897366371151799e-02 0.000000000000000000e+00 -2.479283063003564713e+00 0.000000000000000000e+00 0.000000000000000000e+00 1.000000000000000000e+00 0.000000000000000000e+00
-9.094782495071758455e-02 9.958556587863192089e-01 0.000000000000000000e+00 3.158910140119149945e-01 -9.958556587863192089e-01 -9.094782495071759842e-02 0.000000000000000000e+00 -2.702485524006514428e+00 0.000000000000000000e+00 0.000000000000000000e+00 1.000000000000000000e+00 0.000000000000000000e+00
-1.320328956034895300e-02 9.999128327733300958e-01 0.000000000000000000e+00 3.026104080152232090e-01 -9.999128327733300958e-01 -1.320328956034896861e-02 0.000000000000000000e+00 -2.925608539413623088e+00 0.000000000000000000e+00 0.000000000000000000e+00 1.000000000000000000e+00 0.000000000000000000e+00
4.254348274958654613e-02 9.990946161778351264e-01 0.000000000000000000e+00 3.069120772472193059e-01 -9.990946161778351264e-01 4.254348274958653919e-02 0.000000000000000000e+00 -3.145787595279112558e+00 0.000000000000000000e+00 0.000000000000000000e+00 1.000000000000000000e+00 0.000000000000000000e+00
6.565905777823882739e-02 9.978421158337996699e-01 0.000000000000000000e+00 3.171904698679015033e-01 -9.978421158337996699e-01 6.565905777823884126e-02 0.000000000000000000e+00 -3.365674627968935351e+00 0.000000000000000000e+00 0.000000000000000000e+00 1.000000000000000000e+00 0.000000000000000000e+00
7.569385770735136132e-02 9.971311046724895544e-01 0.000000000000000000e+00 3.279246838458380608e-01 -9.971311046724895544e-01 7.569385770735136132e-02 0.000000000000000000e+00 -3.587959477768186911e+00 0.000000000000000000e+00 0.000000000000000000e+00 1.000000000000000000e+00 0.000000000000000000e+00
8.309041890703260103e-02 9.965420123034722799e-01 0.000000000000000000e+00 3.418934485498130171e-01 -9.965420123034722799e-01 8.309041890703261490e-02 0.000000000000000000e+00 -3.809692710308203445e+00 0.000000000000000000e+00 0.000000000000000000e+00 1.000000000000000000e+00 0.000000000000000000e+00
9.977006134020027783e-02 9.950105199746246409e-01 0.000000000000000000e+00 3.599452650183387892e-01 -9.950105199746245299e-01 9.977006134020026396e-02 0.000000000000000000e+00 -4.027929203182760709e+00 0.000000000000000000e+00 0.000000000000000000e+00 1.000000000000000000e+00 0.000000000000000000e+00
1.163323242301543270e-01 9.932103454652545516e-01 0.000000000000000000e+00 3.833570839054906143e-01 -9.932103454652545516e-01 1.163323242301543409e-01 0.000000000000000000e+00 -4.255564785059573474e+00 0.000000000000000000e+00 0.000000000000000000e+00 1.000000000000000000e+00 0.000000000000000000e+00
6.648724402302741421e-02 9.977872751154037712e-01 0.000000000000000000e+00 3.990196212144621057e-01 -9.977872751154037712e-01 6.648724402302741421e-02 0.000000000000000000e+00 -4.481418616386485532e+00 0.000000000000000000e+00 0.000000000000000000e+00 1.000000000000000000e+00 0.000000000000000000e+00
1.594565098397188532e-02 9.998728600250620380e-01 0.000000000000000000e+00 4.003331795803610205e-01 -9.998728600250621490e-01 1.594565098397189573e-02 0.000000000000000000e+00 -4.704325838935282889e+00 0.000000000000000000e+00 0.000000000000000000e+00 1.000000000000000000e+00 0.000000000000000000e+00
2.760282042220910115e-02 9.996189695602716307e-01 0.000000000000000000e+00 4.023638241073760335e-01 -9.996189695602716307e-01 2.760282042220909074e-02 0.000000000000000000e+00 -4.925549378783114385e+00 0.000000000000000000e+00 0.000000000000000000e+00 1.000000000000000000e+00 0.000000000000000000e+00
5.544787530504256823e-02 9.984615831989513968e-01 0.000000000000000000e+00 4.083066632434055876e-01 -9.984615831989513968e-01 5.544787530504259598e-02 0.000000000000000000e+00 -5.144553248984085059e+00 0.000000000000000000e+00 0.000000000000000000e+00 1.000000000000000000e+00 0.000000000000000000e+00
7.278191632149116908e-02 9.973478794565973082e-01 0.000000000000000000e+00 4.189124338909564482e-01 -9.973478794565973082e-01 7.278191632149115520e-02 0.000000000000000000e+00 -5.367991876192925282e+00 0.000000000000000000e+00 0.000000000000000000e+00 1.000000000000000000e+00 0.000000000000000000e+00
7.923318872843604366e-02 9.968561088762630806e-01 0.000000000000000000e+00 4.322885605114640262e-01 -9.968561088762630806e-01 7.923318872843607141e-02 0.000000000000000000e+00 -5.594774591884910997e+00 0.000000000000000000e+00 0.000000000000000000e+00 1.000000000000000000e+00 0.000000000000000000e+00
-2.302163915767260413e-02 9.997349669439866693e-01 0.000000000000000000e+00 4.298766226775674326e-01 -9.997349669439866693e-01 -2.302163915767258678e-02 0.000000000000000000e+00 -5.828011610078605464e+00 0.000000000000000000e+00 0.000000000000000000e+00 1.000000000000000000e+00 0.000000000000000000e+00
-1.015184845473586783e-01 9.948336530773412845e-01 0.000000000000000000e+00 4.066784669002463382e-01 -9.948336530773412845e-01 -1.015184845473586644e-01 0.000000000000000000e+00 -6.036376715527025816e+00 0.000000000000000000e+00 0.000000000000000000e+00 1.000000000000000000e+00 0.000000000000000000e+00
-6.820069153112762184e-02 9.976716221656682926e-01 0.000000000000000000e+00 3.854421427831351554e-01 -9.976716221656682926e-01 -6.820069153112762184e-02 0.000000000000000000e+00 -6.261899449498554482e+00 0.000000000000000000e+00 0.000000000000000000e+00 1.000000000000000000e+00 0.000000000000000000e+00
-5.001280036470220902e-02 9.987485768699149169e-01 0.000000000000000000e+00 3.685265805962724128e-01 -9.987485768699149169e-01 -5.001280036470216045e-02 0.000000000000000000e+00 -6.485139484115785002e+00 0.000000000000000000e+00 0.000000000000000000e+00 1.000000000000000000e+00 0.000000000000000000e+00
-3.158841754295316911e-02 9.995009614188133940e-01 0.000000000000000000e+00 3.559187584773313429e-01 -9.995009614188132829e-01 -3.158841754295316911e-02 0.000000000000000000e+00 -6.703607194822463811e+00 0.000000000000000000e+00 0.000000000000000000e+00 1.000000000000000000e+00 0.000000000000000000e+00
-1.295331094215686728e-02 9.999161023484099964e-01 0.000000000000000000e+00 3.479304965196843291e-01 -9.999161023484099964e-01 -1.295331094215686554e-02 0.000000000000000000e+00 -6.927340697389460011e+00 0.000000000000000000e+00 0.000000000000000000e+00 1.000000000000000000e+00 0.000000000000000000e+00
3.456319913241641829e-03 9.999940269084898192e-01 0.000000000000000000e+00 3.435672592030306616e-01 -9.999940269084898192e-01 3.456319913241607134e-03 0.000000000000000000e+00 -7.150778571215986368e+00 0.000000000000000000e+00 0.000000000000000000e+00 1.000000000000000000e+00 0.000000000000000000e+00
1.161606554731212451e-02 9.999325312345831440e-01 0.000000000000000000e+00 3.430460152470622415e-01 -9.999325312345831440e-01 1.161606554731214012e-02 0.000000000000000000e+00 -7.377097831343661483e+00 0.000000000000000000e+00 0.000000000000000000e+00 1.000000000000000000e+00 0.000000000000000000e+00
4.411200821988292553e-02 9.990265916034513083e-01 0.000000000000000000e+00 3.477982827350890593e-01 -9.990265916034513083e-01 4.411200821988293941e-02 0.000000000000000000e+00 -7.594344932023330941e+00 0.000000000000000000e+00 0.000000000000000000e+00 1.000000000000000000e+00 0.000000000000000000e+00
6.355346631581443306e-02 9.979784350972944473e-01 0.000000000000000000e+00 3.563103373812899766e-01 -9.979784350972944473e-01 6.355346631581441919e-02 0.000000000000000000e+00 -7.817586446813255208e+00 0.000000000000000000e+00 0.000000000000000000e+00 1.000000000000000000e+00 0.000000000000000000e+00
6.774440287944732964e-02 9.977027091666670344e-01 0.000000000000000000e+00 3.670980787941325318e-01 -9.977027091666671454e-01 6.774440287944730188e-02 0.000000000000000000e+00 -8.038739601064351703e+00 0.000000000000000000e+00 0.000000000000000000e+00 1.000000000000000000e+00 0.000000000000000000e+00
5.664598899485909916e-02 9.983943268723006748e-01 0.000000000000000000e+00 3.764101915846682633e-01 -9.983943268723006748e-01 5.664598899485914774e-02 0.000000000000000000e+00 -8.262675671082954310e+00 0.000000000000000000e+00 0.000000000000000000e+00 1.000000000000000000e+00 0.000000000000000000e+00
6.119806241165387517e-02 9.981256419695164750e-01 0.000000000000000000e+00 3.871770659877860066e-01 -9.981256419695163640e-01 6.119806241165389599e-02 0.000000000000000000e+00 -8.488286634725211499e+00 0.000000000000000000e+00 0.000000000000000000e+00 1.000000000000000000e+00 0.000000000000000000e+00
3.588861827850846342e-02 9.993557960396584061e-01 0.000000000000000000e+00 3.934189408871388571e-01 -9.993557960396585171e-01 3.588861827850847036e-02 0.000000000000000000e+00 -8.719676350783943874e+00 0.000000000000000000e+00 0.000000000000000000e+00 1.000000000000000000e+00 0.000000000000000000e+00
3.004180611969366893e-02 9.995486430809992218e-01 0.000000000000000000e+00 3.938411483151474934e-01 -9.995486430809992218e-01 3.004180611969366199e-02 0.000000000000000000e+00 -8.951927153669288373e+00 0.000000000000000000e+00 0.000000000000000000e+00 1.000000000000000000e+00 0.000000000000000000e+00
3.255057594633387757e-02 9.994700896002650659e-01 0.000000000000000000e+00 3.963206807891863637e-01 -9.994700896002650659e-01 3.255057594633389145e-02 0.000000000000000000e+00 -9.170751839705189923e+00 0.000000000000000000e+00 0.000000000000000000e+00 1.000000000000000000e+00 0.000000000000000000e+00
3.470935372719081979e-02 9.993974488479749896e-01 0.000000000000000000e+00 4.012362510015041739e-01 -9.993974488479749896e-01 3.470935372719080592e-02 0.000000000000000000e+00 -9.389485860766129122e+00 0.000000000000000000e+00 0.000000000000000000e+00 1.000000000000000000e+00 0.000000000000000000e+00
-9.563527417382745172e-03 9.999542684259800085e-01 0.000000000000000000e+00 3.978302069239522121e-01 -9.999542684259800085e-01 -9.563527417382750376e-03 0.000000000000000000e+00 -9.615799805019994650e+00 0.000000000000000000e+00 0.000000000000000000e+00 1.000000000000000000e+00 0.000000000000000000e+00
-2.182194090968513078e-02 9.997618730952556598e-01 0.000000000000000000e+00 3.894344873258029915e-01 -9.997618730952557708e-01 -2.182194090968516548e-02 0.000000000000000000e+00 -9.831883361294943668e+00 0.000000000000000000e+00 0.000000000000000000e+00 1.000000000000000000e+00 0.000000000000000000e+00
2.625331007014274423e-02 9.996553224538750060e-01 0.000000000000000000e+00 3.892149147744930482e-01 -9.996553224538751170e-01 2.625331007014273382e-02 0.000000000000000000e+00 -1.004848423707317018e+01 0.000000000000000000e+00 0.000000000000000000e+00 1.000000000000000000e+00 0.000000000000000000e+00
3.069150634561489815e-02 9.995289047537530003e-01 0.000000000000000000e+00 3.908274433214502519e-01 -9.995289047537531113e-01 3.069150634561488775e-02 0.000000000000000000e+00 -1.027233782996746569e+01 0.000000000000000000e+00 0.000000000000000000e+00 1.000000000000000000e+00 0.000000000000000000e+00
4.767824447480994987e-02 9.988627458283746430e-01 0.000000000000000000e+00 3.981332762119499935e-01 -9.988627458283747540e-01 4.767824447480994987e-02 0.000000000000000000e+00 -1.049338002007102233e+01 0.000000000000000000e+00 0.000000000000000000e+00 1.000000000000000000e+00 0.000000000000000000e+00
6.571892818696657701e-02 9.978381744942194098e-01 0.000000000000000000e+00 4.079905021281369226e-01 -9.978381744942195208e-01 6.571892818696659089e-02 0.000000000000000000e+00 -1.071439231655526214e+01 0.000000000000000000e+00 0.000000000000000000e+00 1.000000000000000000e+00 0.000000000000000000e+00
8.365843432524858181e-02 9.964944888790143729e-01 0.000000000000000000e+00 4.218299519516564011e-01 -9.964944888790143729e-01 8.365843432524863732e-02 0.000000000000000000e+00 -1.093468600831374538e+01 0.000000000000000000e+00 0.000000000000000000e+00 1.000000000000000000e+00 0.000000000000000000e+00
8.803222494455689717e-02 9.961176272766741890e-01 0.000000000000000000e+00 4.380937252754230071e-01 -9.961176272766740780e-01 8.803222494455692493e-02 0.000000000000000000e+00 -1.114871756341082332e+01 0.000000000000000000e+00 0.000000000000000000e+00 1.000000000000000000e+00 0.000000000000000000e+00
1.060167189534954729e-01 9.943643473608331229e-01 0.000000000000000000e+00 4.589289857598831679e-01 -9.943643473608331229e-01 1.060167189534954452e-01 0.000000000000000000e+00 -1.136908359600329099e+01 0.000000000000000000e+00 0.000000000000000000e+00 1.000000000000000000e+00 0.000000000000000000e+00
2.445388893103974184e-02 9.997009589452979794e-01 0.000000000000000000e+00 4.690952847579351603e-01 -9.997009589452979794e-01 2.445388893103971756e-02 0.000000000000000000e+00 -1.159976240032801087e+01 0.000000000000000000e+00 0.000000000000000000e+00 1.000000000000000000e+00 0.000000000000000000e+00
-7.904113935135591296e-02 9.968713549350486369e-01 0.000000000000000000e+00 4.488450707781931337e-01 -9.968713549350486369e-01 -7.904113935135594071e-02 0.000000000000000000e+00 -1.181587357827532259e+01 0.000000000000000000e+00 0.000000000000000000e+00 1.000000000000000000e+00 0.000000000000000000e+00
-7.396606216398891875e-02 9.972607591036322106e-01 0.000000000000000000e+00 4.281238344045030786e-01 -9.972607591036323216e-01 -7.396606216398896039e-02 0.000000000000000000e+00 -1.202818584349602382e+01 0.000000000000000000e+00 0.000000000000000000e+00 1.000000000000000000e+00 0.000000000000000000e+00
-5.611418266197301663e-02 9.984243579281200098e-01 0.000000000000000000e+00 4.117380123565853034e-01 -9.984243579281200098e-01 -5.611418266197298887e-02 0.000000000000000000e+00 -1.225370312983082854e+01 0.000000000000000000e+00 0.000000000000000000e+00 1.000000000000000000e+00 0.000000000000000000e+00
-3.799452588004937487e-02 9.992779473215399610e-01 0.000000000000000000e+00 3.993061913169771437e-01 -9.992779473215399610e-01 -3.799452588004938181e-02 0.000000000000000000e+00 -1.247461109126644274e+01 0.000000000000000000e+00 0.000000000000000000e+00 1.000000000000000000e+00 0.000000000000000000e+00
-2.015230892807647750e-02 9.997969216020158312e-01 0.000000000000000000e+00 3.918099709186600998e-01 -9.997969216020158312e-01 -2.015230892807646709e-02 0.000000000000000000e+00 -1.269068046341284273e+01 0.000000000000000000e+00 0.000000000000000000e+00 1.000000000000000000e+00 0.000000000000000000e+00
-2.273671246111051789e-03 9.999974152061916755e-01 0.000000000000000000e+00 3.871124815479776160e-01 -9.999974152061916755e-01 -2.273671246111059596e-03 0.000000000000000000e+00 -1.290697941045977792e+01 0.000000000000000000e+00 0.000000000000000000e+00 1.000000000000000000e+00 0.000000000000000000e+00
1.561569207791150410e-02 9.998780676467144968e-01 0.000000000000000000e+00 3.862727148231032137e-01 -9.998780676467144968e-01 1.561569207791153532e-02 0.000000000000000000e+00 -1.312821475052064635e+01 0.000000000000000000e+00 0.000000000000000000e+00 1.000000000000000000e+00 0.000000000000000000e+00
3.344009131699070270e-02 9.994407237513945885e-01 0.000000000000000000e+00 3.895139326569715399e-01 -9.994407237513945885e-01 3.344009131699069576e-02 0.000000000000000000e+00 -1.335437406915897540e+01 0.000000000000000000e+00 0.000000000000000000e+00 1.000000000000000000e+00 0.000000000000000000e+00
5.129380732033165385e-02 9.986836062189989871e-01 0.000000000000000000e+00 3.974569898328761397e-01 -9.986836062189990981e-01 5.129380732033169549e-02 0.000000000000000000e+00 -1.357406846654475352e+01 0.000000000000000000e+00 0.000000000000000000e+00 1.000000000000000000e+00 0.000000000000000000e+00
6.902140650225101204e-02 9.976151790367121519e-01 0.000000000000000000e+00 4.087595412697654362e-01 -9.976151790367121519e-01 6.902140650225099816e-02 0.000000000000000000e+00 -1.379151122046177136e+01 0.000000000000000000e+00 0.000000000000000000e+00 1.000000000000000000e+00 0.000000000000000000e+00
1.021180061480242290e-01 9.947722919444189627e-01 0.000000000000000000e+00 4.250041646903944814e-01 -9.947722919444188516e-01 1.021180061480242568e-01 0.000000000000000000e+00 -1.400455397159384141e+01 0.000000000000000000e+00 0.000000000000000000e+00 1.000000000000000000e+00 0.000000000000000000e+00
9.358916196064652471e-02 9.956109022924085616e-01 0.000000000000000000e+00 4.429315392804663576e-01 -9.956109022924085616e-01 9.358916196064652471e-02 0.000000000000000000e+00 -1.422965480086887524e+01 0.000000000000000000e+00 0.000000000000000000e+00 1.000000000000000000e+00 0.000000000000000000e+00
1.062454199472300104e-01 9.943399372147520010e-01 0.000000000000000000e+00 4.640141643588111542e-01 -9.943399372147520010e-01 1.062454199472300104e-01 0.000000000000000000e+00 -1.444576990288584639e+01 0.000000000000000000e+00 0.000000000000000000e+00 1.000000000000000000e+00 0.000000000000000000e+00
9.746137050360041687e-02 9.952393085381826543e-01 0.000000000000000000e+00 4.841066710502742731e-01 -9.952393085381826543e-01 9.746137050360043075e-02 0.000000000000000000e+00 -1.467049951391842377e+01 0.000000000000000000e+00 0.000000000000000000e+00 1.000000000000000000e+00 0.000000000000000000e+00
3.259055472386660629e-02 9.994687867776514967e-01 0.000000000000000000e+00 4.915291798492557596e-01 -9.994687867776514967e-01 3.259055472386664098e-02 0.000000000000000000e+00 -1.489323725311663260e+01 0.000000000000000000e+00 0.000000000000000000e+00 1.000000000000000000e+00 0.000000000000000000e+00
-4.294046603986446942e-02 9.990776328075207102e-01 0.000000000000000000e+00 4.800125940921842194e-01 -9.990776328075207102e-01 -4.294046603986444860e-02 0.000000000000000000e+00 -1.511127252515420771e+01 0.000000000000000000e+00 0.000000000000000000e+00 1.000000000000000000e+00 0.000000000000000000e+00
-3.524637132184645777e-02 9.993786536186585190e-01 0.000000000000000000e+00 4.668172846111526275e-01 -9.993786536186585190e-01 -3.524637132184645777e-02 0.000000000000000000e+00 -1.533359352777811679e+01 0.000000000000000000e+00 0.000000000000000000e+00 1.000000000000000000e+00 0.000000000000000000e+00
-8.833558318063094994e-03 9.999609833625716648e-01 0.000000000000000000e+00 4.589141608143156859e-01 -9.999609833625717759e-01 -8.833558318063075912e-03 0.000000000000000000e+00 -1.555330011446648264e+01 0.000000000000000000e+00 0.000000000000000000e+00 1.000000000000000000e+00 0.000000000000000000e+00
-7.433604741785134959e-03 9.999723703785734497e-01 0.000000000000000000e+00 4.537476958627511547e-01 -9.999723703785734497e-01 -7.433604741785128887e-03 0.000000000000000000e+00 -1.577211996649070791e+01 0.000000000000000000e+00 0.000000000000000000e+00 1.000000000000000000e+00 0.000000000000000000e+00
1.809533912246916870e-02 9.998362659466012436e-01 0.000000000000000000e+00 4.551935740456326540e-01 -9.998362659466012436e-01 1.809533912246919993e-02 0.000000000000000000e+00 -1.598693515644774976e+01 0.000000000000000000e+00 0.000000000000000000e+00 1.000000000000000000e+00 0.000000000000000000e+00
2.601339203896162883e-02 9.996615944581582758e-01 0.000000000000000000e+00 4.577234044825483905e-01 -9.996615944581582758e-01 2.601339203896165658e-02 0.000000000000000000e+00 -1.621463899053484070e+01 0.000000000000000000e+00 0.000000000000000000e+00 1.000000000000000000e+00 0.000000000000000000e+00
3.544889826842101410e-02 9.993714902935519895e-01 0.000000000000000000e+00 4.630169679927001458e-01 -9.993714902935521005e-01 3.544889826842100716e-02 0.000000000000000000e+00 -1.643710991152309830e+01 0.000000000000000000e+00 0.000000000000000000e+00 1.000000000000000000e+00 0.000000000000000000e+00
3.623839060180335248e-02 9.993431738129756603e-01 0.000000000000000000e+00 4.682117442595020718e-01 -9.993431738129756603e-01 3.623839060180331778e-02 0.000000000000000000e+00 -1.665844864830348726e+01 0.000000000000000000e+00 0.000000000000000000e+00 1.000000000000000000e+00 0.000000000000000000e+00
2.892229303127311080e-02 9.995816629799755271e-01 0.000000000000000000e+00 4.703775279948559929e-01 -9.995816629799754161e-01 2.892229303127314896e-02 0.000000000000000000e+00 -1.687847772701993776e+01 0.000000000000000000e+00 0.000000000000000000e+00 1.000000000000000000e+00 0.000000000000000000e+00
2.968196666924782789e-02 9.995593933602173742e-01 0.000000000000000000e+00 4.730630677344871970e-01 -9.995593933602173742e-01 2.968196666924784177e-02 0.000000000000000000e+00 -1.709448259728056030e+01 0.000000000000000000e+00 0.000000000000000000e+00 1.000000000000000000e+00 0.000000000000000000e+00
3.034166935623869646e-02 9.995395855596099777e-01 0.000000000000000000e+00 4.772535284890822016e-01 -9.995395855596098666e-01 3.034166935623872768e-02 0.000000000000000000e+00 -1.731821971900751578e+01 0.000000000000000000e+00 0.000000000000000000e+00 1.000000000000000000e+00 0.000000000000000000e+00
-6.199389477120664793e-02 9.980765286345013587e-01 0.000000000000000000e+00 4.660910844763316296e-01 -9.980765286345013587e-01 -6.199389477120666875e-02 0.000000000000000000e+00 -1.753924073779003834e+01 0.000000000000000000e+00 0.000000000000000000e+00 1.000000000000000000e+00 0.000000000000000000e+00
-9.229214680552318140e-02 9.957319717865986686e-01 0.000000000000000000e+00 4.430253666837491999e-01 -9.957319717865986686e-01 -9.229214680552316752e-02 0.000000000000000000e+00 -1.775707613680202712e+01 0.000000000000000000e+00 0.000000000000000000e+00 1.000000000000000000e+00 0.000000000000000000e+00
-4.564780543130667056e-02 9.989575956262135570e-01 0.000000000000000000e+00 4.280497070497012446e-01 -9.989575956262135570e-01 -4.564780543130668444e-02 0.000000000000000000e+00 -1.797525000145708773e+01 0.000000000000000000e+00 0.000000000000000000e+00 1.000000000000000000e+00 0.000000000000000000e+00
-4.534811610296268780e-02 9.989712450145461498e-01 0.000000000000000000e+00 4.140660802543032482e-01 -9.989712450145461498e-01 -4.534811610296268086e-02 0.000000000000000000e+00 -1.819853752144341996e+01 0.000000000000000000e+00 0.000000000000000000e+00 1.000000000000000000e+00 0.000000000000000000e+00
-2.919952230128877724e-02 9.995736030415052209e-01 0.000000000000000000e+00 4.021458929505843938e-01 -9.995736030415051099e-01 -2.919952230128874254e-02 0.000000000000000000e+00 -1.841672512795360817e+01 0.000000000000000000e+00 0.000000000000000000e+00 1.000000000000000000e+00 0.000000000000000000e+00
-1.259334031371213240e-02 9.999207007456857310e-01 0.000000000000000000e+00 3.948936691136276100e-01 -9.999207007456857310e-01 -1.259334031371211159e-02 0.000000000000000000e+00 -1.863573262291535215e+01 0.000000000000000000e+00 0.000000000000000000e+00 1.000000000000000000e+00 0.000000000000000000e+00
4.296313577671681712e-03 9.999907708022321984e-01 0.000000000000000000e+00 3.909868741752434707e-01 -9.999907708022321984e-01 4.296313577671707733e-03 0.000000000000000000e+00 -1.885400765253007904e+01 0.000000000000000000e+00 0.000000000000000000e+00 1.000000000000000000e+00 0.000000000000000000e+00
-3.263667411236713129e-03 9.999946742233325470e-01 0.000000000000000000e+00 3.882799880049615515e-01 -9.999946742233325470e-01 -3.263667411236712262e-03 0.000000000000000000e+00 -1.907726832342233791e+01 0.000000000000000000e+00 0.000000000000000000e+00 1.000000000000000000e+00 0.000000000000000000e+00
-1.685287534584786404e-02 9.998579802114785364e-01 0.000000000000000000e+00 3.814977300650935765e-01 -9.998579802114785364e-01 -1.685287534584783281e-02 0.000000000000000000e+00 -1.929876690891948243e+01 0.000000000000000000e+00 0.000000000000000000e+00 1.000000000000000000e+00 0.000000000000000000e+00
1.125608909112221431e-02 9.999366482224625319e-01 0.000000000000000000e+00 3.780673723662509866e-01 -9.999366482224625319e-01 1.125608909112219350e-02 0.000000000000000000e+00 -1.951997161557387983e+01 0.000000000000000000e+00 0.000000000000000000e+00 1.000000000000000000e+00 0.000000000000000000e+00
-1.112344380652252780e-02 9.999381325851530722e-01 0.000000000000000000e+00 3.727024081940470968e-01 -9.999381325851530722e-01 -1.112344380652253301e-02 0.000000000000000000e+00 -1.974295457918193719e+01 0.000000000000000000e+00 0.000000000000000000e+00 1.000000000000000000e+00 0.000000000000000000e+00
-2.849981368241944271e-02 9.995937978099241894e-01 0.000000000000000000e+00 3.633885281526451627e-01 -9.995937978099241894e-01 -2.849981368241944618e-02 0.000000000000000000e+00 -1.995791120094217419e+01 0.000000000000000000e+00 0.000000000000000000e+00 1.000000000000000000e+00 0.000000000000000000e+00
1.356326379041648692e-03 9.999990801889537817e-01 0.000000000000000000e+00 3.575455419956121150e-01 -9.999990801889537817e-01 1.356326379041660618e-03 0.000000000000000000e+00 -2.017600275422374878e+01 0.000000000000000000e+00 0.000000000000000000e+00 1.000000000000000000e+00 0.000000000000000000e+00
1.632679489583341003e-05 9.999999998667178369e-01 0.000000000000000000e+00 3.554334266968718903e-01 -9.999999998667179479e-01 1.632679489581908501e-05 0.000000000000000000e+00 -2.039723269923337767e+01 0.000000000000000000e+00 0.000000000000000000e+00 1.000000000000000000e+00 0.000000000000000000e+00
-1.531307468081051330e-02 9.998827479978940058e-01 0.000000000000000000e+00 3.492641647977370312e-01 -9.998827479978940058e-01 -1.531307468081051504e-02 0.000000000000000000e+00 -2.062411684281247659e+01 0.000000000000000000e+00 0.000000000000000000e+00 1.000000000000000000e+00 0.000000000000000000e+00
