5.797380295758520347e-02 9.983181046994165087e-01 0.000000000000000000e+00 1.641420000000000379e-01 -9.983181046994165087e-01 5.797380295758517571e-02 0.000000000000000000e+00 2.186059999999999948e-01 0.000000000000000000e+00 0.000000000000000000e+00 1.000000000000000000e+00 0.000000000000000000e+00
6.275506331578915853e-02 9.980289585118417017e-01 0.000000000000000000e+00 1.641420000000000379e-01 -9.980289585118417017e-01 6.275506331578915853e-02 0.000000000000000000e+00 2.186059999999999948e-01 0.000000000000000000e+00 0.000000000000000000e+00 1.000000000000000000e+00 0.000000000000000000e+00
7.056762649864421755e-02 9.975069975144775780e-01 0.000000000000000000e+00 1.641420396866080378e-01 -9.975069975144775780e-01 7.056762649864420367e-02 0.000000000000000000e+00 2.186060917876524456e-01 0.000000000000000000e+00 0.000000000000000000e+00 1.000000000000000000e+00 0.000000000000000000e+00
7.694021212778640040e-02 9.970357083664213027e-01 0.000000000000000000e+00 1.641411614966913624e-01 -9.970357083664211917e-01 7.694021212778638652e-02 0.000000000000000000e+00 2.186065804413848956e-01 0.000000000000000000e+00 0.000000000000000000e+00 1.000000000000000000e+00 0.000000000000000000e+00
7.971167051465946618e-02 9.968179621093122833e-01 0.000000000000000000e+00 1.641402436201666593e-01 -9.968179621093122833e-01 7.971167051465945230e-02 0.000000000000000000e+00 2.186069773074648948e-01 0.000000000000000000e+00 0.000000000000000000e+00 1.000000000000000000e+00 0.000000000000000000e+00
8.242271715909935126e-02 9.965974592061285220e-01 0.000000000000000000e+00 1.641393257436419839e-01 -9.965974592061285220e-01 8.242271715909932350e-02 0.000000000000000000e+00 2.186073741735448661e-01 0.000000000000000000e+00 0.000000000000000000e+00 1.000000000000000000e+00 0.000000000000000000e+00
8.554165836986092619e-02 9.963345947438210226e-01 0.000000000000000000e+00 1.641374503039846333e-01 -9.963345947438210226e-01 8.554165836986092619e-02 0.000000000000000000e+00 2.186080761180523580e-01 0.000000000000000000e+00 0.000000000000000000e+00 1.000000000000000000e+00 0.000000000000000000e+00
8.910798043249021361e-02 9.960219715564727627e-01 0.000000000000000000e+00 1.641364530542439304e-01 -9.960219715564727627e-01 8.910798043249018585e-02 0.000000000000000000e+00 2.186082894088273998e-01 0.000000000000000000e+00 0.000000000000000000e+00 1.000000000000000000e+00 0.000000000000000000e+00
9.312121451687427331e-02 9.956547792316884360e-01 0.000000000000000000e+00 1.641345379279785799e-01 -9.956547792316884360e-01 9.312121451687425944e-02 0.000000000000000000e+00 2.186088995656824407e-01 0.000000000000000000e+00 0.000000000000000000e+00 1.000000000000000000e+00 0.000000000000000000e+00
5.837562174863306641e-01 8.119289861472195335e-01 0.000000000000000000e+00 2.082099571786105441e-01 -8.119289861472195335e-01 5.837562174863307751e-01 0.000000000000000000e+00 2.091366681405628647e-01 0.000000000000000000e+00 0.000000000000000000e+00 1.000000000000000000e+00 0.000000000000000000e+00
6.017810834402004261e-01 7.986610843239693169e-01 0.000000000000000000e+00 3.454059891188148157e-01 -7.986610843239693169e-01 6.017810834402004261e-01 0.000000000000000000e+00 5.474874386711764407e-02 0.000000000000000000e+00 0.000000000000000000e+00 1.000000000000000000e+00 0.000000000000000000e+00
2.002022314946331760e-01 9.797545950413141247e-01 0.000000000000000000e+00 4.053175335730778706e-01 -9.797545950413141247e-01 2.002022314946332315e-01 0.000000000000000000e+00 -1.478416425224089448e-01 0.000000000000000000e+00 0.000000000000000000e+00 1.000000000000000000e+00 0.000000000000000000e+00
-6.253632443294538518e-03 9.999804458494497839e-01 0.000000000000000000e+00 4.075339393386731568e-01 -9.999804458494496728e-01 -6.253632443294518568e-03 0.000000000000000000e+00 -3.808235420671638449e-01 0.000000000000000000e+00 0.000000000000000000e+00 1.000000000000000000e+00 0.000000000000000000e+00
4.680921595173458127e-02 9.989038478762527484e-01 0.000000000000000000e+00 4.120021546828768200e-01 -9.989038478762527484e-01 4.680921595173457433e-02 0.000000000000000000e+00 -5.912464888520566619e-01 0.000000000000000000e+00 0.000000000000000000e+00 1.000000000000000000e+00 0.000000000000000000e+00
6.881190579427104437e-02 9.976296515345564053e-01 0.000000000000000000e+00 4.224748536486248041e-01 -9.976296515345564053e-01 6.881190579427104437e-02 0.000000000000000000e+00 -8.160536970513775357e-01 0.000000000000000000e+00 0.000000000000000000e+00 1.000000000000000000e+00 0.000000000000000000e+00
3.180096429455984280e-02 9.994942214289865845e-01 0.000000000000000000e+00 4.247249589785112023e-01 -9.994942214289865845e-01 3.180096429455987750e-02 0.000000000000000000e+00 -1.025025149446206818e+00 0.000000000000000000e+00 0.000000000000000000e+00 1.000000000000000000e+00 0.000000000000000000e+00
9.636177659307989390e-03 9.999535709622313639e-01 0.000000000000000000e+00 4.224641449279020744e-01 -9.999535709622313639e-01 9.636177659307978982e-03 0.000000000000000000e+00 -1.081946487104668231e+00 0.000000000000000000e+00 0.000000000000000000e+00 1.000000000000000000e+00 0.000000000000000000e+00
5.485877335443009595e-02 9.984941236612498994e-01 0.000000000000000000e+00 4.211013876573860282e-01 -9.984941236612498994e-01 5.485877335443013758e-02 0.000000000000000000e+00 -9.942943574635597637e-01 0.000000000000000000e+00 0.000000000000000000e+00 1.000000000000000000e+00 0.000000000000000000e+00
1.050123570595871969e-01 9.944709170532790576e-01 0.000000000000000000e+00 4.079022708887964366e-01 -9.944709170532790576e-01 1.050123570595872524e-01 0.000000000000000000e+00 -7.925163658154885660e-01 0.000000000000000000e+00 0.000000000000000000e+00 1.000000000000000000e+00 0.000000000000000000e+00
1.239665968058146217e-01 9.922863915606142671e-01 0.000000000000000000e+00 3.863548093827251506e-01 -9.922863915606142671e-01 1.239665968058146495e-01 0.000000000000000000e+00 -5.924889638235505407e-01 0.000000000000000000e+00 0.000000000000000000e+00 1.000000000000000000e+00 0.000000000000000000e+00
2.446388593940612352e-02 9.997007143564236031e-01 0.000000000000000000e+00 3.869601900939495520e-01 -9.997007143564236031e-01 2.446388593940614087e-02 0.000000000000000000e+00 -8.550267328915353016e-01 0.000000000000000000e+00 0.000000000000000000e+00 1.000000000000000000e+00 0.000000000000000000e+00
4.946613145212895579e-02 9.987758015887051588e-01 0.000000000000000000e+00 3.925995702632525952e-01 -9.987758015887052698e-01 4.946613145212899049e-02 0.000000000000000000e+00 -1.134238665880270558e+00 0.000000000000000000e+00 0.000000000000000000e+00 1.000000000000000000e+00 0.000000000000000000e+00
8.413674202409168745e-02 9.964542180359173829e-01 0.000000000000000000e+00 4.043474758039853900e-01 -9.964542180359173829e-01 8.413674202409172909e-02 0.000000000000000000e+00 -1.374818241980167333e+00 0.000000000000000000e+00 0.000000000000000000e+00 1.000000000000000000e+00 0.000000000000000000e+00
1.723051343615683850e-01 9.850436237409193607e-01 0.000000000000000000e+00 4.290957833113963060e-01 -9.850436237409193607e-01 1.723051343615684128e-01 0.000000000000000000e+00 -1.578496796512839140e+00 0.000000000000000000e+00 0.000000000000000000e+00 1.000000000000000000e+00 0.000000000000000000e+00
6.827317577584852970e-02 9.976666645074797612e-01 0.000000000000000000e+00 4.014099306751240936e-01 -9.976666645074797612e-01 6.827317577584852970e-02 0.000000000000000000e+00 -1.294376254376578661e+00 0.000000000000000000e+00 0.000000000000000000e+00 1.000000000000000000e+00 0.000000000000000000e+00
-1.969240022824475869e-02 9.998060858852834132e-01 0.000000000000000000e+00 3.912198064163056044e-01 -9.998060858852834132e-01 -1.969240022824476216e-02 0.000000000000000000e+00 -1.066007722191012697e+00 0.000000000000000000e+00 0.000000000000000000e+00 1.000000000000000000e+00 0.000000000000000000e+00
2.341418689649573531e-02 9.997258503469718116e-01 0.000000000000000000e+00 3.890806032346042498e-01 -9.997258503469719226e-01 2.341418689649571797e-02 0.000000000000000000e+00 -1.302925234483260697e+00 0.000000000000000000e+00 0.000000000000000000e+00 1.000000000000000000e+00 0.000000000000000000e+00
6.680653254146831643e-02 9.977659481109715234e-01 0.000000000000000000e+00 3.967148055452736077e-01 -9.977659481109715234e-01 6.680653254146828868e-02 0.000000000000000000e+00 -1.505272446717775381e+00 0.000000000000000000e+00 0.000000000000000000e+00 1.000000000000000000e+00 0.000000000000000000e+00
7.941262154348727176e-02 9.968418307533000178e-01 0.000000000000000000e+00 3.860847547856255391e-01 -9.968418307533000178e-01 7.941262154348725788e-02 0.000000000000000000e+00 -1.264271941065095772e+00 0.000000000000000000e+00 0.000000000000000000e+00 1.000000000000000000e+00 0.000000000000000000e+00
9.200602299165226705e-02 9.957584504955303562e-01 0.000000000000000000e+00 3.699519870963188239e-01 -9.957584504955303562e-01 9.200602299165229481e-02 0.000000000000000000e+00 -1.044686252955230987e+00 0.000000000000000000e+00 0.000000000000000000e+00 1.000000000000000000e+00 0.000000000000000000e+00
1.319206615854703335e-01 9.912602781544571640e-01 0.000000000000000000e+00 3.509623513486224700e-01 -9.912602781544571640e-01 1.319206615854703057e-01 0.000000000000000000e+00 -8.361981424592849210e-01 0.000000000000000000e+00 0.000000000000000000e+00 1.000000000000000000e+00 0.000000000000000000e+00
1.638215728792646597e-01 9.864899858890426865e-01 0.000000000000000000e+00 3.506608995201091483e-01 -9.864899858890427975e-01 1.638215728792646875e-01 0.000000000000000000e+00 -8.372531471014954541e-01 0.000000000000000000e+00 0.000000000000000000e+00 1.000000000000000000e+00 0.000000000000000000e+00
1.923902555176221496e-01 9.813184954854689002e-01 0.000000000000000000e+00 3.762861115293357761e-01 -9.813184954854689002e-01 1.923902555176221219e-01 0.000000000000000000e+00 -1.001097382567630145e+00 0.000000000000000000e+00 0.000000000000000000e+00 1.000000000000000000e+00 0.000000000000000000e+00
2.353088481164976598e-01 9.719206479945197152e-01 0.000000000000000000e+00 4.198979878133232146e-01 -9.719206479945197152e-01 2.353088481164976598e-01 0.000000000000000000e+00 -1.219308731257358502e+00 0.000000000000000000e+00 0.000000000000000000e+00 1.000000000000000000e+00 0.000000000000000000e+00
2.505151407507508199e-01 9.681126815896130555e-01 0.000000000000000000e+00 4.666729813272572081e-01 -9.681126815896130555e-01 2.505151407507508199e-01 0.000000000000000000e+00 -1.426573437567360436e+00 0.000000000000000000e+00 0.000000000000000000e+00 1.000000000000000000e+00 0.000000000000000000e+00
2.651527379382598859e-01 9.642064226937323568e-01 0.000000000000000000e+00 5.272627086819020592e-01 -9.642064226937323568e-01 2.651527379382598859e-01 0.000000000000000000e+00 -1.670577943140699961e+00 0.000000000000000000e+00 0.000000000000000000e+00 1.000000000000000000e+00 0.000000000000000000e+00
7.641177242083894983e-02 9.970763466432778221e-01 0.000000000000000000e+00 5.577179289495910464e-01 -9.970763466432778221e-01 7.641177242083899146e-02 0.000000000000000000e+00 -1.903056537096028622e+00 0.000000000000000000e+00 0.000000000000000000e+00 1.000000000000000000e+00 0.000000000000000000e+00
-1.155549490377304339e-01 9.933010891733118353e-01 0.000000000000000000e+00 5.230880229043344265e-01 -9.933010891733118353e-01 -1.155549490377304755e-01 0.000000000000000000e+00 -2.130828529641856317e+00 0.000000000000000000e+00 0.000000000000000000e+00 1.000000000000000000e+00 0.000000000000000000e+00
4.200396548023115073e-02 9.991174439894119352e-01 0.000000000000000000e+00 5.170250500943061045e-01 -9.991174439894119352e-01 4.200396548023115767e-02 0.000000000000000000e+00 -2.349958016385892634e+00 0.000000000000000000e+00 0.000000000000000000e+00 1.000000000000000000e+00 0.000000000000000000e+00
3.688507894476188986e-01 9.294886202228989092e-01 0.000000000000000000e+00 5.867861732711472378e-01 -9.294886202228989092e-01 3.688507894476188431e-01 0.000000000000000000e+00 -2.597895312275610991e+00 0.000000000000000000e+00 0.000000000000000000e+00 1.000000000000000000e+00 0.000000000000000000e+00
3.825995841911065121e-01 9.239142591045947928e-01 0.000000000000000000e+00 6.868056518220568840e-01 -9.239142591045947928e-01 3.825995841911065121e-01 0.000000000000000000e+00 -2.832343337241495895e+00 0.000000000000000000e+00 0.000000000000000000e+00 1.000000000000000000e+00 0.000000000000000000e+00
3.666757085709763109e-01 9.303488188545049331e-01 0.000000000000000000e+00 6.030711564755744103e-01 -9.303488188545049331e-01 3.666757085709763664e-01 0.000000000000000000e+00 -2.486075214699050129e+00 0.000000000000000000e+00 0.000000000000000000e+00 1.000000000000000000e+00 0.000000000000000000e+00
4.042341143329137854e-01 9.146555530960739366e-01 0.000000000000000000e+00 5.004283875351860367e-01 -9.146555530960739366e-01 4.042341143329137299e-01 0.000000000000000000e+00 -2.232320567876080464e+00 0.000000000000000000e+00 0.000000000000000000e+00 1.000000000000000000e+00 0.000000000000000000e+00
4.126963923635405540e-01 9.108686446080568322e-01 0.000000000000000000e+00 3.800324937860538044e-01 -9.108686446080568322e-01 4.126963923635405540e-01 0.000000000000000000e+00 -1.958186695147175360e+00 0.000000000000000000e+00 0.000000000000000000e+00 1.000000000000000000e+00 0.000000000000000000e+00
4.111336464874805197e-01 9.115750790395200642e-01 0.000000000000000000e+00 2.735412396301119542e-01 -9.115750790395201753e-01 4.111336464874804641e-01 0.000000000000000000e+00 -1.718881341232360915e+00 0.000000000000000000e+00 0.000000000000000000e+00 1.000000000000000000e+00 0.000000000000000000e+00
4.420441846166029976e-01 8.969932769238811998e-01 0.000000000000000000e+00 1.907222967305745864e-01 -8.969932769238811998e-01 4.420441846166030531e-01 0.000000000000000000e+00 -1.531799501138237485e+00 0.000000000000000000e+00 0.000000000000000000e+00 1.000000000000000000e+00 0.000000000000000000e+00
2.681819240875260579e-01 9.633682865824017005e-01 0.000000000000000000e+00 2.427541530308947870e-01 -9.633682865824017005e-01 2.681819240875260579e-01 0.000000000000000000e+00 -1.765795766505748876e+00 0.000000000000000000e+00 0.000000000000000000e+00 1.000000000000000000e+00 0.000000000000000000e+00
1.392622112880621821e-01 9.902555410131059777e-01 0.000000000000000000e+00 2.752749857055968863e-01 -9.902555410131059777e-01 1.392622112880622098e-01 0.000000000000000000e+00 -1.983370146077756413e+00 0.000000000000000000e+00 0.000000000000000000e+00 1.000000000000000000e+00 0.000000000000000000e+00
1.156370485436889611e-01 9.932915347490406388e-01 0.000000000000000000e+00 2.957030326400594822e-01 -9.932915347490406388e-01 1.156370485436889611e-01 0.000000000000000000e+00 -2.202067534572551555e+00 0.000000000000000000e+00 0.000000000000000000e+00 1.000000000000000000e+00 0.000000000000000000e+00
6.946270933300996431e-03 9.999758743690375651e-01 0.000000000000000000e+00 3.019510157260278382e-01 -9.999758743690375651e-01 6.946270933301026788e-03 0.000000000000000000e+00 -2.433067682036481827e+00 0.000000000000000000e+00 0.000000000000000000e+00 1.000000000000000000e+00 0.000000000000000000e+00
-1.314521241383950489e-01 9.913225202019291249e-01 0.000000000000000000e+00 2.732095718642048032e-01 -9.913225202019290139e-01 -1.314521241383949934e-01 0.000000000000000000e+00 -2.655029449619860316e+00 0.000000000000000000e+00 0.000000000000000000e+00 1.000000000000000000e+00 0.000000000000000000e+00
-5.454658790608164776e-02 9.985112266508595624e-01 0.000000000000000000e+00 2.506776618431497128e-01 -9.985112266508595624e-01 -5.454658790608164082e-02 0.000000000000000000e+00 -2.877148486018821671e+00 0.000000000000000000e+00 0.000000000000000000e+00 1.000000000000000000e+00 0.000000000000000000e+00
6.163267558769871353e-04 9.999998100706468662e-01 0.000000000000000000e+00 2.456744798215197978e-01 -9.999998100706469772e-01 6.163267558769597049e-04 0.000000000000000000e+00 -3.097052145537389833e+00 0.000000000000000000e+00 0.000000000000000000e+00 1.000000000000000000e+00 0.000000000000000000e+00
2.322423856344671758e-02 9.997302809974039084e-01 0.000000000000000000e+00 2.465579834338281207e-01 -9.997302809974039084e-01 2.322423856344674534e-02 0.000000000000000000e+00 -3.316897219672261254e+00 0.000000000000000000e+00 0.000000000000000000e+00 1.000000000000000000e+00 0.000000000000000000e+00
3.279044782807864766e-02 9.994622486773745429e-01 0.000000000000000000e+00 2.476529617428100960e-01 -9.994622486773745429e-01 3.279044782807864072e-02 0.000000000000000000e+00 -3.539176092987974531e+00 0.000000000000000000e+00 0.000000000000000000e+00 1.000000000000000000e+00 0.000000000000000000e+00
3.975584680552369382e-02 9.992094238170373677e-01 0.000000000000000000e+00 2.519177507613864497e-01 -9.992094238170373677e-01 3.975584680552365913e-02 0.000000000000000000e+00 -3.761027883097107782e+00 0.000000000000000000e+00 0.000000000000000000e+00 1.000000000000000000e+00 0.000000000000000000e+00
5.605692651694512557e-02 9.984275742333410530e-01 0.000000000000000000e+00 2.603030593894322120e-01 -9.984275742333410530e-01 5.605692651694510475e-02 0.000000000000000000e+00 -3.979573449053529277e+00 0.000000000000000000e+00 0.000000000000000000e+00 1.000000000000000000e+00 0.000000000000000000e+00
7.230318097325851012e-02 9.973826998806166744e-01 0.000000000000000000e+00 2.735276834986860583e-01 -9.973826998806166744e-01 7.230318097325846849e-02 0.000000000000000000e+00 -4.207739655616133945e+00 0.000000000000000000e+00 0.000000000000000000e+00 1.000000000000000000e+00 0.000000000000000000e+00
2.195456271870025247e-02 9.997589695400740384e-01 0.000000000000000000e+00 2.790119406707919913e-01 -9.997589695400740384e-01 2.195456271870028370e-02 0.000000000000000000e+00 -4.433801124741834521e+00 0.000000000000000000e+00 0.000000000000000000e+00 1.000000000000000000e+00 0.000000000000000000e+00
-2.891964055147297485e-02 9.995817397243577096e-01 0.000000000000000000e+00 2.702149106689231695e-01 -9.995817397243577096e-01 -2.891964055147297832e-02 0.000000000000000000e+00 -4.656280675854169715e+00 0.000000000000000000e+00 0.000000000000000000e+00 1.000000000000000000e+00 0.000000000000000000e+00
-1.753277482360891468e-02 9.998462890899705302e-01 0.000000000000000000e+00 2.621362082718180497e-01 -9.998462890899704192e-01 -1.753277482360894243e-02 0.000000000000000000e+00 -4.877098870456832103e+00 0.000000000000000000e+00 0.000000000000000000e+00 1.000000000000000000e+00 0.000000000000000000e+00
1.010615475604138662e-02 9.999489315140283052e-01 0.000000000000000000e+00 2.580203157546924198e-01 -9.999489315140283052e-01 1.010615475604140050e-02 0.000000000000000000e+00 -5.095882700820932421e+00 0.000000000000000000e+00 0.000000000000000000e+00 1.000000000000000000e+00 0.000000000000000000e+00
2.729293722029317928e-02 9.996274784027744387e-01 0.000000000000000000e+00 2.582962245766977083e-01 -9.996274784027744387e-01 2.729293722029317235e-02 0.000000000000000000e+00 -5.319300005151464283e+00 0.000000000000000000e+00 0.000000000000000000e+00 1.000000000000000000e+00 0.000000000000000000e+00
3.361999010456502568e-02 9.994346883440503593e-01 0.000000000000000000e+00 2.611609082943020521e-01 -9.994346883440503593e-01 3.361999010456500486e-02 0.000000000000000000e+00 -5.546178991809987302e+00 0.000000000000000000e+00 0.000000000000000000e+00 1.000000000000000000e+00 0.000000000000000000e+00
-6.875937691647113215e-02 9.976332733455007817e-01 0.000000000000000000e+00 2.479246769608219603e-01 -9.976332733455007817e-01 -6.875937691647117378e-02 0.000000000000000000e+00 -5.778799592746548086e+00 0.000000000000000000e+00 0.000000000000000000e+00 1.000000000000000000e+00 0.000000000000000000e+00
-1.470089392028205710e-01 9.891351635618164106e-01 0.000000000000000000e+00 2.150370995202290914e-01 -9.891351635618165217e-01 -1.470089392028205433e-01 0.000000000000000000e+00 -5.985611762964088811e+00 0.000000000000000000e+00 0.000000000000000000e+00 1.000000000000000000e+00 0.000000000000000000e+00
-1.138562360559576686e-01 9.934972357843629975e-01 0.000000000000000000e+00 1.833048836361289846e-01 -9.934972357843629975e-01 -1.138562360559576686e-01 0.000000000000000000e+00 -6.209657758632578961e+00 0.000000000000000000e+00 0.000000000000000000e+00 1.000000000000000000e+00 0.000000000000000000e+00
-9.569700376813705667e-02 9.954105100257889527e-01 0.000000000000000000e+00 1.559939074402766912e-01 -9.954105100257888417e-01 -9.569700376813708442e-02 0.000000000000000000e+00 -6.431617024893821366e+00 0.000000000000000000e+00 0.000000000000000000e+00 1.000000000000000000e+00 0.000000000000000000e+00
-7.724664383482045260e-02 9.970120139778940738e-01 0.000000000000000000e+00 1.332263476617522591e-01 -9.970120139778940738e-01 -7.724664383482041097e-02 0.000000000000000000e+00 -6.649014814720975330e+00 0.000000000000000000e+00 0.000000000000000000e+00 1.000000000000000000e+00 0.000000000000000000e+00
-5.852022007702289974e-02 9.982862234059612927e-01 0.000000000000000000e+00 1.148387228286724959e-01 -9.982862234059612927e-01 -5.852022007702290668e-02 0.000000000000000000e+00 -6.871879840584159460e+00 0.000000000000000000e+00 0.000000000000000000e+00 1.000000000000000000e+00 0.000000000000000000e+00
-4.196134949642344597e-02 9.991192347004631547e-01 0.000000000000000000e+00 1.001123490378559300e-01 -9.991192347004631547e-01 -4.196134949642342515e-02 0.000000000000000000e+00 -7.094617427028328649e+00 0.000000000000000000e+00 0.000000000000000000e+00 1.000000000000000000e+00 0.000000000000000000e+00
-3.358735495630908036e-02 9.994357856245887906e-01 0.000000000000000000e+00 8.914338528728288358e-02 -9.994357856245887906e-01 -3.358735495630910117e-02 0.000000000000000000e+00 -7.320406827652535142e+00 0.000000000000000000e+00 0.000000000000000000e+00 1.000000000000000000e+00 0.000000000000000000e+00
-8.336731085348019670e-04 9.999996524945138354e-01 0.000000000000000000e+00 8.389223804349299485e-02 -9.999996524945137244e-01 -8.336731085348278794e-04 0.000000000000000000e+00 -7.537381543121006722e+00 0.000000000000000000e+00 0.000000000000000000e+00 1.000000000000000000e+00 0.000000000000000000e+00
1.894519330924549980e-02 9.998205237193700246e-01 0.000000000000000000e+00 8.218109604602713558e-02 -9.998205237193700246e-01 1.894519330924549980e-02 0.000000000000000000e+00 -7.760506223049212338e+00 0.000000000000000000e+00 0.000000000000000000e+00 1.000000000000000000e+00 0.000000000000000000e+00
2.348416764859816153e-02 9.997242089045620395e-01 0.000000000000000000e+00 8.290813137249258835e-02 -9.997242089045620395e-01 2.348416764859816153e-02 0.000000000000000000e+00 -7.981645483289527832e+00 0.000000000000000000e+00 0.000000000000000000e+00 1.000000000000000000e+00 0.000000000000000000e+00
1.273598246256043599e-02 9.999188940862721031e-01 0.000000000000000000e+00 8.211116136312224256e-02 -9.999188940862721031e-01 1.273598246256042558e-02 0.000000000000000000e+00 -8.205503163610762485e+00 0.000000000000000000e+00 0.000000000000000000e+00 1.000000000000000000e+00 0.000000000000000000e+00
1.772539847388381745e-02 9.998428927831322088e-01 0.000000000000000000e+00 8.277267729727666445e-02 -9.998428927831322088e-01 1.772539847388382092e-02 0.000000000000000000e+00 -8.431102716129531771e+00 0.000000000000000000e+00 0.000000000000000000e+00 1.000000000000000000e+00 0.000000000000000000e+00
-7.143612445857106148e-03 9.999744840750804942e-01 0.000000000000000000e+00 7.875885348263333974e-02 -9.999744840750806052e-01 -7.143612445857075791e-03 0.000000000000000000e+00 -8.662274386578973306e+00 0.000000000000000000e+00 0.000000000000000000e+00 1.000000000000000000e+00 0.000000000000000000e+00
-8.053586142960910202e-03 9.999675693492454664e-01 0.000000000000000000e+00 6.747165708092117686e-02 -9.999675693492454664e-01 -8.053586142960904998e-03 0.000000000000000000e+00 -8.893940072422580556e+00 0.000000000000000000e+00 0.000000000000000000e+00 1.000000000000000000e+00 0.000000000000000000e+00
-3.123668125318791820e-03 9.999951213368208913e-01 0.000000000000000000e+00 6.189888315991542989e-02 -9.999951213368207803e-01 -3.123668125318753222e-03 0.000000000000000000e+00 -9.113346876762888016e+00 0.000000000000000000e+00 0.000000000000000000e+00 1.000000000000000000e+00 0.000000000000000000e+00
1.396326341153511508e-03 9.999990251358992221e-01 0.000000000000000000e+00 5.928830814326790932e-02 -9.999990251358993332e-01 1.396326341153494594e-03 0.000000000000000000e+00 -9.332781567498154018e+00 0.000000000000000000e+00 0.000000000000000000e+00 1.000000000000000000e+00 0.000000000000000000e+00
-4.059251719444295636e-02 9.991757841079912383e-01 0.000000000000000000e+00 4.862625189535185743e-02 -9.991757841079911273e-01 -4.059251719444297024e-02 0.000000000000000000e+00 -9.559498980937364720e+00 0.000000000000000000e+00 0.000000000000000000e+00 1.000000000000000000e+00 0.000000000000000000e+00
-5.063201483022986699e-02 9.987173769762051068e-01 0.000000000000000000e+00 3.382836983029363642e-02 -9.987173769762051068e-01 -5.063201483022988086e-02 0.000000000000000000e+00 -9.775875821625986006e+00 0.000000000000000000e+00 0.000000000000000000e+00 1.000000000000000000e+00 0.000000000000000000e+00
-4.336731915098373732e-04 9.999999059637770804e-01 0.000000000000000000e+00 2.766011864011030941e-02 -9.999999059637770804e-01 -4.336731915098388911e-04 0.000000000000000000e+00 -9.993031424770952853e+00 0.000000000000000000e+00 0.000000000000000000e+00 1.000000000000000000e+00 0.000000000000000000e+00
6.076289403531787321e-03 9.999815391831414768e-01 0.000000000000000000e+00 2.360081727910290361e-02 -9.999815391831413658e-01 6.076289403531769107e-03 0.000000000000000000e+00 -1.021750497370815225e+01 0.000000000000000000e+00 0.000000000000000000e+00 1.000000000000000000e+00 0.000000000000000000e+00
2.508369564063901019e-02 9.996853546056417850e-01 0.000000000000000000e+00 2.576743297581329806e-02 -9.996853546056417850e-01 2.508369564063899632e-02 0.000000000000000000e+00 -1.043932114484187146e+01 0.000000000000000000e+00 0.000000000000000000e+00 1.000000000000000000e+00 0.000000000000000000e+00
4.507105327369801545e-02 9.989837837306467794e-01 0.000000000000000000e+00 3.092254242897474192e-02 -9.989837837306467794e-01 4.507105327369803627e-02 0.000000000000000000e+00 -1.066115478216165435e+01 0.000000000000000000e+00 0.000000000000000000e+00 1.000000000000000000e+00 0.000000000000000000e+00
6.490067888087483472e-02 9.978917285361179612e-01 0.000000000000000000e+00 4.051260683357177372e-02 -9.978917285361180722e-01 6.490067888087487635e-02 0.000000000000000000e+00 -1.088235661683920696e+01 0.000000000000000000e+00 0.000000000000000000e+00 1.000000000000000000e+00 0.000000000000000000e+00
7.109629527135316596e-02 9.974694565743298380e-01 0.000000000000000000e+00 5.307324353835274344e-02 -9.974694565743297270e-01 7.109629527135317983e-02 0.000000000000000000e+00 -1.109729281505991416e+01 0.000000000000000000e+00 0.000000000000000000e+00 1.000000000000000000e+00 0.000000000000000000e+00
9.085088154647795455e-02 9.958645075120550194e-01 0.000000000000000000e+00 7.049288067348907783e-02 -9.958645075120550194e-01 9.085088154647798231e-02 0.000000000000000000e+00 -1.131857885696513755e+01 0.000000000000000000e+00 0.000000000000000000e+00 1.000000000000000000e+00 0.000000000000000000e+00
1.089611117614314867e-02 9.999406356185537303e-01 0.000000000000000000e+00 7.746061101691570361e-02 -9.999406356185536193e-01 1.089611117614311918e-02 0.000000000000000000e+00 -1.155005362520967260e+01 0.000000000000000000e+00 0.000000000000000000e+00 1.000000000000000000e+00 0.000000000000000000e+00
-9.096774204570243216e-02 9.958538396306491070e-01 0.000000000000000000e+00 5.458956234466827429e-02 -9.958538396306491070e-01 -9.096774204570243216e-02 0.000000000000000000e+00 -1.176655688161158331e+01 0.000000000000000000e+00 0.000000000000000000e+00 1.000000000000000000e+00 0.000000000000000000e+00
-8.439317315113908924e-02 9.964325327514562680e-01 0.000000000000000000e+00 3.166647880860079534e-02 -9.964325327514562680e-01 -8.439317315113910312e-02 0.000000000000000000e+00 -1.197922449043154103e+01 0.000000000000000000e+00 0.000000000000000000e+00 1.000000000000000000e+00 0.000000000000000000e+00
-6.513752307015927001e-02 9.978762964858342022e-01 0.000000000000000000e+00 1.323187706049189227e-02 -9.978762964858343132e-01 -6.513752307015922838e-02 0.000000000000000000e+00 -1.220527224989486470e+01 0.000000000000000000e+00 0.000000000000000000e+00 1.000000000000000000e+00 0.000000000000000000e+00
-4.568776369860266806e-02 9.989557689148307329e-01 0.000000000000000000e+00 -8.480936796730897953e-04 -9.989557689148307329e-01 -4.568776369860264724e-02 0.000000000000000000e+00 -1.242666601228205714e+01 0.000000000000000000e+00 0.000000000000000000e+00 1.000000000000000000e+00 0.000000000000000000e+00
-2.660053516713448835e-02 9.996461431570784484e-01 0.000000000000000000e+00 -9.680385760156173802e-03 -9.996461431570784484e-01 -2.660053516713449182e-02 0.000000000000000000e+00 -1.264335611984722618e+01 0.000000000000000000e+00 0.000000000000000000e+00 1.000000000000000000e+00 0.000000000000000000e+00
-7.533601941488546859e-03 9.999716220182386373e-01 0.000000000000000000e+00 -1.543561230858986333e-02 -9.999716220182386373e-01 -7.533601941488536451e-03 0.000000000000000000e+00 -1.286028719984125601e+01 0.000000000000000000e+00 0.000000000000000000e+00 1.000000000000000000e+00 0.000000000000000000e+00
1.145607619431161447e-02 9.999343770059264669e-01 0.000000000000000000e+00 -1.710067553303407095e-02 -9.999343770059264669e-01 1.145607619431160407e-02 0.000000000000000000e+00 -1.308214622707354913e+01 0.000000000000000000e+00 0.000000000000000000e+00 1.000000000000000000e+00 0.000000000000000000e+00
3.030168774855365038e-02 9.995407984267521417e-01 0.000000000000000000e+00 -1.448282136330414360e-02 -9.995407984267521417e-01 3.030168774855361569e-02 0.000000000000000000e+00 -1.330901654342089557e+01 0.000000000000000000e+00 0.000000000000000000e+00 1.000000000000000000e+00 0.000000000000000000e+00
4.911655689890941784e-02 9.987930535593427805e-01 0.000000000000000000e+00 -6.893972112370250205e-03 -9.987930535593427805e-01 4.911655689890943172e-02 0.000000000000000000e+00 -1.352942936738322111e+01 0.000000000000000000e+00 0.000000000000000000e+00 1.000000000000000000e+00 0.000000000000000000e+00
6.773442584896856300e-02 9.977033865608108121e-01 0.000000000000000000e+00 4.298962389985061527e-03 -9.977033865608107011e-01 6.773442584896852137e-02 0.000000000000000000e+00 -1.374747840846624491e+01 0.000000000000000000e+00 0.000000000000000000e+00 1.000000000000000000e+00 0.000000000000000000e+00
1.016405037022324598e-01 9.948211939877218413e-01 0.000000000000000000e+00 2.061754418101857667e-02 -9.948211939877218413e-01 1.016405037022324043e-01 0.000000000000000000e+00 -1.396120681998031721e+01 0.000000000000000000e+00 0.000000000000000000e+00 1.000000000000000000e+00 0.000000000000000000e+00
9.386792934095067320e-02 9.955846582994549721e-01 0.000000000000000000e+00 3.879624522819452581e-02 -9.955846582994548610e-01 9.386792934095070096e-02 0.000000000000000000e+00 -1.418696105189688161e+01 0.000000000000000000e+00 0.000000000000000000e+00 1.000000000000000000e+00 0.000000000000000000e+00
1.072098795519231124e-01 9.942364113863775277e-01 0.000000000000000000e+00 6.025869947709838748e-02 -9.942364113863775277e-01 1.072098795519231262e-01 0.000000000000000000e+00 -1.440378511780658144e+01 0.000000000000000000e+00 0.000000000000000000e+00 1.000000000000000000e+00 0.000000000000000000e+00
9.904367714139968026e-02 9.950830869923930067e-01 0.000000000000000000e+00 8.093891126857205576e-02 -9.950830869923930067e-01 9.904367714139969414e-02 0.000000000000000000e+00 -1.462909567867814609e+01 0.000000000000000000e+00 0.000000000000000000e+00 1.000000000000000000e+00 0.000000000000000000e+00
3.472934166922445054e-02 9.993967544610209419e-01 0.000000000000000000e+00 8.906844911577432855e-02 -9.993967544610210529e-01 3.472934166922447830e-02 0.000000000000000000e+00 -1.485246596030574118e+01 0.000000000000000000e+00 0.000000000000000000e+00 1.000000000000000000e+00 0.000000000000000000e+00
-4.033273012147477882e-02 9.991863043902013963e-01 0.000000000000000000e+00 7.836903758988300606e-02 -9.991863043902015074e-01 -4.033273012147477188e-02 0.000000000000000000e+00 -1.507118139870230245e+01 0.000000000000000000e+00 0.000000000000000000e+00 1.000000000000000000e+00 0.000000000000000000e+00
-3.226807084109697965e-02 9.994792502119261846e-01 0.000000000000000000e+00 6.609186875774780701e-02 -9.994792502119261846e-01 -3.226807084109698659e-02 0.000000000000000000e+00 -1.529422622295399137e+01 0.000000000000000000e+00 0.000000000000000000e+00 1.000000000000000000e+00 0.000000000000000000e+00
-5.563644501731830096e-03 9.999845228101573724e-01 0.000000000000000000e+00 5.920164480928513662e-02 -9.999845228101574834e-01 -5.563644501731856984e-03 0.000000000000000000e+00 -1.551458865558246991e+01 0.000000000000000000e+00 0.000000000000000000e+00 1.000000000000000000e+00 0.000000000000000000e+00
-3.953662904783467047e-03 9.999921842442747177e-01 0.000000000000000000e+00 5.511233106282342753e-02 -9.999921842442747177e-01 -3.953662904783487864e-03 0.000000000000000000e+00 -1.573409213417240693e+01 0.000000000000000000e+00 0.000000000000000000e+00 1.000000000000000000e+00 0.000000000000000000e+00
2.170462229283888142e-02 9.997644269382288673e-01 0.000000000000000000e+00 5.764453921605511288e-02 -9.997644269382289783e-01 2.170462229283885713e-02 0.000000000000000000e+00 -1.594959491935595963e+01 0.000000000000000000e+00 0.000000000000000000e+00 1.000000000000000000e+00 0.000000000000000000e+00
2.968196666924782789e-02 9.995593933602173742e-01 0.000000000000000000e+00 6.135545882279974661e-02 -9.995593933602173742e-01 2.968196666924784177e-02 0.000000000000000000e+00 -1.617791837298188895e+01 0.000000000000000000e+00 0.000000000000000000e+00 1.000000000000000000e+00 0.000000000000000000e+00
3.908636761845434709e-02 9.992358359598573214e-01 0.000000000000000000e+00 6.783011150277873380e-02 -9.992358359598574324e-01 3.908636761845437485e-02 0.000000000000000000e+00 -1.640100891350898848e+01 0.000000000000000000e+00 0.000000000000000000e+00 1.000000000000000000e+00 0.000000000000000000e+00
3.978582307034350674e-02 9.992082306919891632e-01 0.000000000000000000e+00 7.419679817416219292e-02 -9.992082306919891632e-01 3.978582307034352061e-02 0.000000000000000000e+00 -1.662296330116742027e+01 0.000000000000000000e+00 0.000000000000000000e+00 1.000000000000000000e+00 0.000000000000000000e+00
3.229071262575605034e-02 9.994785189678269122e-01 0.000000000000000000e+00 7.747644817560694896e-02 -9.994785189678270232e-01 3.229071262575603646e-02 0.000000000000000000e+00 -1.684369188109278426e+01 0.000000000000000000e+00 0.000000000000000000e+00 1.000000000000000000e+00 0.000000000000000000e+00
3.281043706649264952e-02 9.994615926685256335e-01 0.000000000000000000e+00 8.126964696309219027e-02 -9.994615926685256335e-01 3.281043706649265645e-02 0.000000000000000000e+00 -1.706028462160584525e+01 0.000000000000000000e+00 0.000000000000000000e+00 1.000000000000000000e+00 0.000000000000000000e+00
3.313026309079394882e-02 9.994510421564104519e-01 0.000000000000000000e+00 8.650972262704936799e-02 -9.994510421564104519e-01 3.313026309079394882e-02 0.000000000000000000e+00 -1.728469346391611694e+01 0.000000000000000000e+00 0.000000000000000000e+00 1.000000000000000000e+00 0.000000000000000000e+00
-5.961829929658685884e-02 9.982212472137540482e-01 0.000000000000000000e+00 7.629295555893544911e-02 -9.982212472137540482e-01 -5.961829929658685190e-02 0.000000000000000000e+00 -1.750645021030881310e+01 0.000000000000000000e+00 0.000000000000000000e+00 1.000000000000000000e+00 0.000000000000000000e+00
-9.042996773534051069e-02 9.959028170134801572e-01 0.000000000000000000e+00 5.410866335426184337e-02 -9.959028170134800462e-01 -9.042996773534053845e-02 0.000000000000000000e+00 -1.772499355630538886e+01 0.000000000000000000e+00 0.000000000000000000e+00 1.000000000000000000e+00 0.000000000000000000e+00
-4.436910266338876113e-02 9.990152064552600963e-01 0.000000000000000000e+00 3.990428412516033863e-02 -9.990152064552599853e-01 -4.436910266338880970e-02 0.000000000000000000e+00 -1.794382774401543301e+01 0.000000000000000000e+00 0.000000000000000000e+00 1.000000000000000000e+00 0.000000000000000000e+00
-4.475871520975945733e-02 9.989978265305543559e-01 0.000000000000000000e+00 2.654210594374856180e-02 -9.989978265305543559e-01 -4.475871520975944345e-02 0.000000000000000000e+00 -1.816781975077962485e+01 0.000000000000000000e+00 0.000000000000000000e+00 1.000000000000000000e+00 0.000000000000000000e+00
-2.937944507583253526e-02 9.995683309344270961e-01 0.000000000000000000e+00 1.511486454056454320e-02 -9.995683309344269851e-01 -2.937944507583249709e-02 0.000000000000000000e+00 -1.838665628281646747e+01 0.000000000000000000e+00 0.000000000000000000e+00 1.000000000000000000e+00 0.000000000000000000e+00
-1.362325177323675356e-02 9.999071991995672759e-01 0.000000000000000000e+00 8.169039752191187276e-03 -9.999071991995672759e-01 -1.362325177323677437e-02 0.000000000000000000e+00 -1.860634099238454198e+01 0.000000000000000000e+00 0.000000000000000000e+00 1.000000000000000000e+00 0.000000000000000000e+00
2.336324669453764859e-03 9.999972707897951674e-01 0.000000000000000000e+00 4.403426087949025014e-03 -9.999972707897951674e-01 2.336324669453754017e-03 0.000000000000000000e+00 -1.882522180071120133e+01 0.000000000000000000e+00 0.000000000000000000e+00 1.000000000000000000e+00 0.000000000000000000e+00
-6.233632833128274937e-03 9.999805707221024464e-01 0.000000000000000000e+00 1.583951436123332002e-03 -9.999805707221024464e-01 -6.233632833128260192e-03 0.000000000000000000e+00 -1.904919642106513322e+01 0.000000000000000000e+00 0.000000000000000000e+00 1.000000000000000000e+00 0.000000000000000000e+00
-2.093214431751809143e-02 9.997808986644377560e-01 0.000000000000000000e+00 -5.512827820715993088e-03 -9.997808986644376450e-01 -2.093214431751808449e-02 0.000000000000000000e+00 -1.927132164548635629e+01 0.000000000000000000e+00 0.000000000000000000e+00 1.000000000000000000e+00 0.000000000000000000e+00
6.006290680959236981e-03 9.999819620734444747e-01 0.000000000000000000e+00 -9.539012887958886466e-03 -9.999819620734445857e-01 6.006290680959243920e-03 0.000000000000000000e+00 -1.949324925583217549e+01 0.000000000000000000e+00 0.000000000000000000e+00 1.000000000000000000e+00 0.000000000000000000e+00
-1.763275936468761129e-02 9.998445308132594134e-01 0.000000000000000000e+00 -1.568040818648674950e-02 -9.998445308132595244e-01 -1.763275936468758354e-02 0.000000000000000000e+00 -1.971676808761998245e+01 0.000000000000000000e+00 0.000000000000000000e+00 1.000000000000000000e+00 0.000000000000000000e+00
-3.634566629507883506e-02 9.993392779939987980e-01 0.000000000000000000e+00 -2.607038293613361812e-02 -9.993392779939987980e-01 -3.634566629507886976e-02 0.000000000000000000e+00 -1.993234890500572121e+01 0.000000000000000000e+00 0.000000000000000000e+00 1.000000000000000000e+00 0.000000000000000000e+00
-7.913590604784132357e-03 9.999686870516195647e-01 0.000000000000000000e+00 -3.328615583631816532e-02 -9.999686870516195647e-01 -7.913590604784165317e-03 0.000000000000000000e+00 -2.015104531906285956e+01 0.000000000000000000e+00 0.000000000000000000e+00 1.000000000000000000e+00 0.000000000000000000e+00
-1.074346652217222746e-02 9.999422872981655885e-01 0.000000000000000000e+00 -3.712579405161331447e-02 -9.999422872981655885e-01 -1.074346652217224307e-02 0.000000000000000000e+00 -2.037294464032900621e+01 0.000000000000000000e+00 0.000000000000000000e+00 1.000000000000000000e+00 0.000000000000000000e+00
-2.766014493626934440e-02 9.996173849939308242e-01 0.000000000000000000e+00 -4.542023731992345104e-02 -9.996173849939308242e-01 -2.766014493626935827e-02 0.000000000000000000e+00 -2.060043517004589120e+01 0.000000000000000000e+00 0.000000000000000000e+00 1.000000000000000000e+00 0.000000000000000000e+00
