-2.661163633661825512e-03 9.999964590977885592e-01 0.000000000000000000e+00 2.183684730631697823e-01 -9.999964590977883372e-01 -2.661163633661745281e-03 0.000000000000000000e+00 9.722394490485586349e-02 0.000000000000000000e+00 0.000000000000000000e+00 1.000000000000000000e+00 0.000000000000000000e+00
2.128831617406383263e-03 9.999977340354052613e-01 0.000000000000000000e+00 2.183684730631697823e-01 -9.999977340354050392e-01 2.128831617406460458e-03 0.000000000000000000e+00 9.722394490485586349e-02 0.000000000000000000e+00 0.000000000000000000e+00 1.000000000000000000e+00 0.000000000000000000e+00
9.958668609386640488e-03 9.999504112302413095e-01 0.000000000000000000e+00 2.183685182418775850e-01 -9.999504112302410874e-01 9.958668609386737633e-03 0.000000000000000000e+00 9.722403411743549273e-02 0.000000000000000000e+00 0.000000000000000000e+00 1.000000000000000000e+00 0.000000000000000000e+00
1.634810493722231931e-02 9.998663608027634764e-01 0.000000000000000000e+00 2.183676712947892617e-01 -9.998663608027632543e-01 1.634810493722239216e-02 0.000000000000000000e+00 9.722457511709312050e-02 0.000000000000000000e+00 0.000000000000000000e+00 1.000000000000000000e+00 0.000000000000000000e+00
1.912766666760220419e-02 9.998170494484744930e-01 0.000000000000000000e+00 2.183667791689931081e-01 -9.998170494484743820e-01 1.912766666760229092e-02 0.000000000000000000e+00 9.722502690417114679e-02 0.000000000000000000e+00 0.000000000000000000e+00 1.000000000000000000e+00 0.000000000000000000e+00
2.184709493175470557e-02 9.997613237383424778e-01 0.000000000000000000e+00 2.183658870431969823e-01 -9.997613237383423668e-01 2.184709493175477843e-02 0.000000000000000000e+00 9.722547869124917308e-02 0.000000000000000000e+00 0.000000000000000000e+00 1.000000000000000000e+00 0.000000000000000000e+00
2.497623574874691804e-02 9.996880451660024036e-01 0.000000000000000000e+00 2.183640576128969002e-01 -9.996880451660021816e-01 2.497623574874702213e-02 0.000000000000000000e+00 9.722629305282562417e-02 0.000000000000000000e+00 0.000000000000000000e+00 1.000000000000000000e+00 0.000000000000000000e+00
2.855495125317010843e-02 9.995922242389289059e-01 0.000000000000000000e+00 2.183630751296851691e-01 -9.995922242389287948e-01 2.855495125317022986e-02 0.000000000000000000e+00 9.722656641474441974e-02 0.000000000000000000e+00 0.000000000000000000e+00 1.000000000000000000e+00 0.000000000000000000e+00
3.258306513409880284e-02 9.994690309691777186e-01 0.000000000000000000e+00 2.183612005206772844e-01 -9.994690309691776076e-01 3.258306513409892774e-02 0.000000000000000000e+00 9.722729156374124160e-02 0.000000000000000000e+00 0.000000000000000000e+00 1.000000000000000000e+00 0.000000000000000000e+00
5.334547902428071753e-01 8.458285800131152277e-01 0.000000000000000000e+00 2.617812297731236804e-01 -8.458285800131150056e-01 5.334547902428070643e-01 0.000000000000000000e+00 8.510018102550090391e-02 0.000000000000000000e+00 0.000000000000000000e+00 1.000000000000000000e+00 0.000000000000000000e+00
5.499161428185467271e-01 8.352198727685853363e-01 0.000000000000000000e+00 3.918287698055364365e-01 -8.352198727685851143e-01 5.499161428185468381e-01 0.000000000000000000e+00 -8.110978483141273454e-02 0.000000000000000000e+00 0.000000000000000000e+00 1.000000000000000000e+00 0.000000000000000000e+00
1.376602978418985657e-01 9.904795012508235130e-01 0.000000000000000000e+00 4.387711505974778436e-01 -9.904795012508232910e-01 1.376602978418986767e-01 0.000000000000000000e+00 -2.870922391553496489e-01 0.000000000000000000e+00 0.000000000000000000e+00 1.000000000000000000e+00 0.000000000000000000e+00
-6.966469425931798298e-02 9.975704638639598665e-01 0.000000000000000000e+00 4.262058488459356531e-01 -9.975704638639596444e-01 -6.966469425931788584e-02 0.000000000000000000e+00 -5.197457056691600075e-01 0.000000000000000000e+00 0.000000000000000000e+00 1.000000000000000000e+00 0.000000000000000000e+00
-1.664039871657217728e-02 9.998615389795497688e-01 0.000000000000000000e+00 4.173203172884797918e-01 -9.998615389795495467e-01 -1.664039871657205585e-02 0.000000000000000000e+00 -7.300284174500895062e-01 0.000000000000000000e+00 0.000000000000000000e+00 1.000000000000000000e+00 0.000000000000000000e+00
5.418806705851973195e-03 9.999853181591641382e-01 0.000000000000000000e+00 4.151706568921969542e-01 -9.999853181591640272e-01 5.418806705852037379e-03 0.000000000000000000e+00 -9.434846497839818324e-01 0.000000000000000000e+00 0.000000000000000000e+00 1.000000000000000000e+00 0.000000000000000000e+00
-3.191574598075078845e-02 9.994905628161240285e-01 0.000000000000000000e+00 4.058228492780265872e-01 -9.994905628161238065e-01 -3.191574598075070518e-02 0.000000000000000000e+00 -1.140635973144512372e+00 0.000000000000000000e+00 0.000000000000000000e+00 1.000000000000000000e+00 0.000000000000000000e+00
-5.436435227890401567e-02 9.985211651243529607e-01 0.000000000000000000e+00 4.015999604228456255e-01 -9.985211651243528497e-01 -5.436435227890387689e-02 0.000000000000000000e+00 -1.185755342585106176e+00 0.000000000000000000e+00 0.000000000000000000e+00 1.000000000000000000e+00 0.000000000000000000e+00
-9.341030927583201388e-03 9.999563716188871743e-01 0.000000000000000000e+00 4.075044286840217023e-01 -9.999563716188870632e-01 -9.341030927583078222e-03 0.000000000000000000e+00 -1.086647752691330737e+00 0.000000000000000000e+00 0.000000000000000000e+00 1.000000000000000000e+00 0.000000000000000000e+00
4.122714547496160453e-02 9.991497998178184847e-01 0.000000000000000000e+00 4.089438653597018969e-01 -9.991497998178182627e-01 4.122714547496170168e-02 0.000000000000000000e+00 -8.728497861526924861e-01 0.000000000000000000e+00 0.000000000000000000e+00 1.000000000000000000e+00 0.000000000000000000e+00
6.110075128928320332e-02 9.981316036434700889e-01 0.000000000000000000e+00 4.018954192509596179e-01 -9.981316036434699779e-01 6.110075128928324495e-02 0.000000000000000000e+00 -6.602078048379668163e-01 0.000000000000000000e+00 0.000000000000000000e+00 1.000000000000000000e+00 0.000000000000000000e+00
-3.819187610657803766e-02 9.992704241592762493e-01 0.000000000000000000e+00 3.875946881445416770e-01 -9.992704241592761383e-01 -3.819187610657793358e-02 0.000000000000000000e+00 -9.106356205650180113e-01 0.000000000000000000e+00 0.000000000000000000e+00 1.000000000000000000e+00 0.000000000000000000e+00
-1.313078941542712014e-02 9.999137874683636795e-01 0.000000000000000000e+00 3.773982696835700423e-01 -9.999137874683634575e-01 -1.313078941542698309e-02 0.000000000000000000e+00 -1.178061347890510646e+00 0.000000000000000000e+00 0.000000000000000000e+00 1.000000000000000000e+00 0.000000000000000000e+00
2.118724774769474573e-02 9.997755250719423392e-01 0.000000000000000000e+00 3.757233906087490971e-01 -9.997755250719422282e-01 2.118724774769480471e-02 0.000000000000000000e+00 -1.407360077019314870e+00 0.000000000000000000e+00 0.000000000000000000e+00 1.000000000000000000e+00 0.000000000000000000e+00
1.088537085420749340e-01 9.940577800795269425e-01 0.000000000000000000e+00 3.892376562156524833e-01 -9.940577800795267205e-01 1.088537085420749895e-01 0.000000000000000000e+00 -1.600713493451779490e+00 0.000000000000000000e+00 0.000000000000000000e+00 1.000000000000000000e+00 0.000000000000000000e+00
3.918823194948635458e-03 9.999923213829028379e-01 0.000000000000000000e+00 3.814706712646196984e-01 -9.999923213829027269e-01 3.918823194948759490e-03 0.000000000000000000e+00 -1.303839415173176031e+00 0.000000000000000000e+00 0.000000000000000000e+00 1.000000000000000000e+00 0.000000000000000000e+00
-8.386255447960788700e-02 9.964773313809778266e-01 0.000000000000000000e+00 3.876625497513097041e-01 -9.964773313809776045e-01 -8.386255447960776210e-02 0.000000000000000000e+00 -1.063693249420303522e+00 0.000000000000000000e+00 0.000000000000000000e+00 1.000000000000000000e+00 0.000000000000000000e+00
-4.097968832842300430e-02 9.991599797552469520e-01 0.000000000000000000e+00 3.719693198464222306e-01 -9.991599797552468409e-01 -4.097968832842288633e-02 0.000000000000000000e+00 -1.288412680676597644e+00 0.000000000000000000e+00 0.000000000000000000e+00 1.000000000000000000e+00 0.000000000000000000e+00
1.958831972677537760e-03 9.999980814868111301e-01 0.000000000000000000e+00 3.682264796573884724e-01 -9.999980814868110190e-01 1.958831972677669599e-03 0.000000000000000000e+00 -1.479281540096670122e+00 0.000000000000000000e+00 0.000000000000000000e+00 1.000000000000000000e+00 0.000000000000000000e+00
1.453832103332113913e-02 9.998943130258979295e-01 0.000000000000000000e+00 3.749123035605014809e-01 -9.998943130258977074e-01 1.453832103332126577e-02 0.000000000000000000e+00 -1.226515134135085505e+00 0.000000000000000000e+00 0.000000000000000000e+00 1.000000000000000000e+00 0.000000000000000000e+00
2.763531445214416696e-02 9.996180717629765677e-01 0.000000000000000000e+00 3.747351027539627122e-01 -9.996180717629763457e-01 2.763531445214425716e-02 0.000000000000000000e+00 -9.947114379180619359e-01 0.000000000000000000e+00 0.000000000000000000e+00 1.000000000000000000e+00 0.000000000000000000e+00
6.876452472345502553e-02 9.976329185324417370e-01 0.000000000000000000e+00 3.708937826365332757e-01 -9.976329185324415150e-01 6.876452472345510880e-02 0.000000000000000000e+00 -7.737488117439611512e-01 0.000000000000000000e+00 0.000000000000000000e+00 1.000000000000000000e+00 0.000000000000000000e+00
1.018966731841462192e-01 9.947949879216336777e-01 0.000000000000000000e+00 3.721956262075598598e-01 -9.947949879216335667e-01 1.018966731841463025e-01 0.000000000000000000e+00 -7.630946596746231991e-01 0.000000000000000000e+00 0.000000000000000000e+00 1.000000000000000000e+00 0.000000000000000000e+00
1.311211737293666024e-01 9.913663489345568847e-01 0.000000000000000000e+00 3.892009814687411584e-01 -9.913663489345565516e-01 1.311211737293666579e-01 0.000000000000000000e+00 -9.165985717434725899e-01 0.000000000000000000e+00 0.000000000000000000e+00 1.000000000000000000e+00 0.000000000000000000e+00
1.739986676447705105e-01 9.847458878603376764e-01 0.000000000000000000e+00 4.208415765179304713e-01 -9.847458878603375654e-01 1.739986676447705938e-01 0.000000000000000000e+00 -1.125572253248903198e+00 0.000000000000000000e+00 0.000000000000000000e+00 1.000000000000000000e+00 0.000000000000000000e+00
1.879375282529803515e-01 9.821809840727727670e-01 0.000000000000000000e+00 4.561884427640313100e-01 -9.821809840727725449e-01 1.879375282529804625e-01 0.000000000000000000e+00 -1.323944790155049178e+00 0.000000000000000000e+00 0.000000000000000000e+00 1.000000000000000000e+00 0.000000000000000000e+00
2.001792135066776945e-01 9.797592982359739633e-01 0.000000000000000000e+00 5.026461916880045067e-01 -9.797592982359737412e-01 2.001792135066778056e-01 0.000000000000000000e+00 -1.560020253447863992e+00 0.000000000000000000e+00 0.000000000000000000e+00 1.000000000000000000e+00 0.000000000000000000e+00
6.288791772154432580e-03 9.999802253535050589e-01 0.000000000000000000e+00 5.191449978548041688e-01 -9.999802253535048369e-01 6.288791772154523653e-03 0.000000000000000000e+00 -1.782762324453927683e+00 0.000000000000000000e+00 0.000000000000000000e+00 1.000000000000000000e+00 0.000000000000000000e+00
-1.880154475649780943e-01 9.821660712307981322e-01 0.000000000000000000e+00 4.702745891201832174e-01 -9.821660712307979102e-01 -1.880154475649779833e-01 0.000000000000000000e+00 -1.996253495386383525e+00 0.000000000000000000e+00 0.000000000000000000e+00 1.000000000000000000e+00 0.000000000000000000e+00
-3.458426885071341078e-02 9.994017852435834737e-01 0.000000000000000000e+00 4.498162701027434429e-01 -9.994017852435833627e-01 -3.458426885071329282e-02 0.000000000000000000e+00 -2.203059751442578929e+00 0.000000000000000000e+00 0.000000000000000000e+00 1.000000000000000000e+00 0.000000000000000000e+00
2.916475647758741130e-01 9.565258480356412241e-01 0.000000000000000000e+00 5.014738921218130363e-01 -9.565258480356410020e-01 2.916475647758741130e-01 0.000000000000000000e+00 -2.443405055926221259e+00 0.000000000000000000e+00 0.000000000000000000e+00 1.000000000000000000e+00 0.000000000000000000e+00
2.995909034674480997e-01 9.540677599413777132e-01 0.000000000000000000e+00 5.830700089975762168e-01 -9.540677599413774912e-01 2.995909034674480997e-01 0.000000000000000000e+00 -2.672951238884677672e+00 0.000000000000000000e+00 0.000000000000000000e+00 1.000000000000000000e+00 0.000000000000000000e+00
2.779091530337451377e-01 9.606073613397237976e-01 0.000000000000000000e+00 5.312834578695652121e-01 -9.606073613397235755e-01 2.779091530337451932e-01 0.000000000000000000e+00 -2.308421375468432402e+00 0.000000000000000000e+00 0.000000000000000000e+00 1.000000000000000000e+00 0.000000000000000000e+00
3.127774854695269946e-01 9.498264286612371210e-01 0.000000000000000000e+00 4.539491734320180161e-01 -9.498264286612367879e-01 3.127774854695270501e-01 0.000000000000000000e+00 -2.034010937548275777e+00 0.000000000000000000e+00 0.000000000000000000e+00 1.000000000000000000e+00 0.000000000000000000e+00
3.189598707128161181e-01 9.477682210724643896e-01 0.000000000000000000e+00 3.620341141578148902e-01 -9.477682210724642786e-01 3.189598707128161181e-01 0.000000000000000000e+00 -1.737341973145829499e+00 0.000000000000000000e+00 0.000000000000000000e+00 1.000000000000000000e+00 0.000000000000000000e+00
3.159149478647801934e-01 9.487875134694772061e-01 0.000000000000000000e+00 2.812349561745141613e-01 -9.487875134694769841e-01 3.159149478647801934e-01 0.000000000000000000e+00 -1.476522236175657588e+00 0.000000000000000000e+00 0.000000000000000000e+00 1.000000000000000000e+00 0.000000000000000000e+00
3.476567808887889854e-01 9.376218655204477948e-01 0.000000000000000000e+00 2.190324123011293533e-01 -9.376218655204475727e-01 3.476567808887890410e-01 0.000000000000000000e+00 -1.269968063725233298e+00 0.000000000000000000e+00 0.000000000000000000e+00 1.000000000000000000e+00 0.000000000000000000e+00
1.667817865325380011e-01 9.859938314619494104e-01 0.000000000000000000e+00 2.478528049681012480e-01 -9.859938314619492994e-01 1.667817865325380566e-01 0.000000000000000000e+00 -1.496069227781329225e+00 0.000000000000000000e+00 0.000000000000000000e+00 1.000000000000000000e+00 0.000000000000000000e+00
3.427212046216067398e-02 9.994125383239033100e-01 0.000000000000000000e+00 2.587101865473568907e-01 -9.994125383239030880e-01 3.427212046216077806e-02 0.000000000000000000e+00 -1.703826054791279354e+00 0.000000000000000000e+00 0.000000000000000000e+00 1.000000000000000000e+00 0.000000000000000000e+00
8.728722380468848657e-03 9.999619039771490137e-01 0.000000000000000000e+00 2.570836215489946674e-01 -9.999619039771487916e-01 8.728722380468938863e-03 0.000000000000000000e+00 -1.911459484689516541e+00 0.000000000000000000e+00 0.000000000000000000e+00 1.000000000000000000e+00 0.000000000000000000e+00
-8.044415061807630440e-02 9.967591176564859490e-01 0.000000000000000000e+00 2.437908506971102618e-01 -9.967591176564857269e-01 -8.044415061807616563e-02 0.000000000000000000e+00 -2.134998024615139656e+00 0.000000000000000000e+00 0.000000000000000000e+00 1.000000000000000000e+00 0.000000000000000000e+00
-1.993466727433560737e-01 9.799290301170556772e-01 0.000000000000000000e+00 2.009008640083078390e-01 -9.799290301170554551e-01 -1.993466727433559349e-01 0.000000000000000000e+00 -2.346877177820060112e+00 0.000000000000000000e+00 0.000000000000000000e+00 1.000000000000000000e+00 0.000000000000000000e+00
-1.057132737775435261e-01 9.943966531255192809e-01 0.000000000000000000e+00 1.682123192250511434e-01 -9.943966531255191699e-01 -1.057132737775434012e-01 0.000000000000000000e+00 -2.560257105507631081e+00 0.000000000000000000e+00 0.000000000000000000e+00 1.000000000000000000e+00 0.000000000000000000e+00
-3.445434632676058068e-02 9.994062727535762969e-01 0.000000000000000000e+00 1.569477962525991088e-01 -9.994062727535760748e-01 -3.445434632676049047e-02 0.000000000000000000e+00 -2.773030724321626117e+00 0.000000000000000000e+00 0.000000000000000000e+00 1.000000000000000000e+00 0.000000000000000000e+00
3.148828021836795176e-03 9.999950424287558093e-01 0.000000000000000000e+00 1.550600279876558907e-01 -9.999950424287555872e-01 3.148828021836940893e-03 0.000000000000000000e+00 -2.986259768382180546e+00 0.000000000000000000e+00 0.000000000000000000e+00 1.000000000000000000e+00 0.000000000000000000e+00
2.644574966031665655e-02 9.996502499999208036e-01 0.000000000000000000e+00 1.565758298871799403e-01 -9.996502499999205815e-01 2.644574966031674676e-02 0.000000000000000000e+00 -3.202064333775504146e+00 0.000000000000000000e+00 0.000000000000000000e+00 1.000000000000000000e+00 0.000000000000000000e+00
4.586274010955292829e-02 9.989477509207594919e-01 0.000000000000000000e+00 1.642513766419640697e-01 -9.989477509207592698e-01 4.586274010955298380e-02 0.000000000000000000e+00 -3.417569494228833271e+00 0.000000000000000000e+00 0.000000000000000000e+00 1.000000000000000000e+00 0.000000000000000000e+00
7.334291937291975705e-02 9.973067813756494315e-01 0.000000000000000000e+00 1.787596104938417862e-01 -9.973067813756493205e-01 7.334291937291986807e-02 0.000000000000000000e+00 -3.629742075045721883e+00 0.000000000000000000e+00 0.000000000000000000e+00 1.000000000000000000e+00 0.000000000000000000e+00
9.940439464366992994e-02 9.950471176409315666e-01 0.000000000000000000e+00 2.006655410389562577e-01 -9.950471176409313445e-01 9.940439464366999933e-02 0.000000000000000000e+00 -3.851388862089777376e+00 0.000000000000000000e+00 0.000000000000000000e+00 1.000000000000000000e+00 0.000000000000000000e+00
5.777664042224048974e-02 9.983295346835729944e-01 0.000000000000000000e+00 2.169916784322572789e-01 -9.983295346835727724e-01 5.777664042224058688e-02 0.000000000000000000e+00 -4.070994593430776298e+00 0.000000000000000000e+00 0.000000000000000000e+00 1.000000000000000000e+00 0.000000000000000000e+00
1.446832839584761415e-02 9.998953282586282576e-01 0.000000000000000000e+00 2.208251226537323864e-01 -9.998953282586281466e-01 1.446832839584771130e-02 0.000000000000000000e+00 -4.287468437590759684e+00 0.000000000000000000e+00 0.000000000000000000e+00 1.000000000000000000e+00 0.000000000000000000e+00
3.230321253182794061e-02 9.994781150481104604e-01 0.000000000000000000e+00 2.269657551047683242e-01 -9.994781150481102383e-01 3.230321253182806551e-02 0.000000000000000000e+00 -4.502285965816696489e+00 0.000000000000000000e+00 0.000000000000000000e+00 1.000000000000000000e+00 0.000000000000000000e+00
6.525243809250093341e-02 9.978687886305416255e-01 0.000000000000000000e+00 2.383501664042103896e-01 -9.978687886305414034e-01 6.525243809250101668e-02 0.000000000000000000e+00 -4.714894244534542089e+00 0.000000000000000000e+00 0.000000000000000000e+00 1.000000000000000000e+00 0.000000000000000000e+00
8.658029691945737238e-02 9.962448756130888317e-01 0.000000000000000000e+00 2.555395075569247831e-01 -9.962448756130886096e-01 8.658029691945742790e-02 0.000000000000000000e+00 -4.931865800621360485e+00 0.000000000000000000e+00 0.000000000000000000e+00 1.000000000000000000e+00 0.000000000000000000e+00
9.592112799106745913e-02 9.953889376544835521e-01 0.000000000000000000e+00 2.764195549096705173e-01 -9.953889376544833301e-01 9.592112799106752852e-02 0.000000000000000000e+00 -5.152107538315529922e+00 0.000000000000000000e+00 0.000000000000000000e+00 1.000000000000000000e+00 0.000000000000000000e+00
-4.421152371438751526e-03 9.999902266580952270e-01 0.000000000000000000e+00 2.822700155121513621e-01 -9.999902266580950050e-01 -4.421152371438619687e-03 0.000000000000000000e+00 -5.379052172556435529e+00 0.000000000000000000e+00 0.000000000000000000e+00 1.000000000000000000e+00 0.000000000000000000e+00
-8.193919823423145843e-02 9.966373301220116110e-01 0.000000000000000000e+00 2.673025021550130553e-01 -9.966373301220115000e-01 -8.193919823423131965e-02 0.000000000000000000e+00 -5.581521232029492907e+00 0.000000000000000000e+00 0.000000000000000000e+00 1.000000000000000000e+00 0.000000000000000000e+00
-4.839225925729295774e-02 9.988284083084416620e-01 0.000000000000000000e+00 2.548276600897188549e-01 -9.988284083084415510e-01 -4.839225925729283978e-02 0.000000000000000000e+00 -5.801136031201692411e+00 0.000000000000000000e+00 0.000000000000000000e+00 1.000000000000000000e+00 0.000000000000000000e+00
-3.091623962664463363e-02 9.995219788115456971e-01 0.000000000000000000e+00 2.466761045324240287e-01 -9.995219788115454751e-01 -3.091623962664453301e-02 0.000000000000000000e+00 -6.018389285589276660e+00 0.000000000000000000e+00 0.000000000000000000e+00 1.000000000000000000e+00 0.000000000000000000e+00
-1.410069945979310589e-02 9.999005801952236538e-01 0.000000000000000000e+00 2.425698581354972794e-01 -9.999005801952234318e-01 -1.410069945979300181e-02 0.000000000000000000e+00 -6.230797503981427177e+00 0.000000000000000000e+00 0.000000000000000000e+00 1.000000000000000000e+00 0.000000000000000000e+00
1.968831953394404970e-03 9.999980618484914929e-01 0.000000000000000000e+00 2.428288375625031748e-01 -9.999980618484913819e-01 1.968831953394487803e-03 0.000000000000000000e+00 -6.448375567971472933e+00 0.000000000000000000e+00 0.000000000000000000e+00 1.000000000000000000e+00 0.000000000000000000e+00
1.484828756682825962e-02 9.998897581015284697e-01 0.000000000000000000e+00 2.461173366735543988e-01 -9.998897581015282476e-01 1.484828756682839146e-02 0.000000000000000000e+00 -6.665593478544235673e+00 0.000000000000000000e+00 0.000000000000000000e+00 1.000000000000000000e+00 0.000000000000000000e+00
1.848777988229182226e-02 9.998290863917812521e-01 0.000000000000000000e+00 2.525129437315639658e-01 -9.998290863917811411e-01 1.848777988229191246e-02 0.000000000000000000e+00 -6.885640307674672833e+00 0.000000000000000000e+00 0.000000000000000000e+00 1.000000000000000000e+00 0.000000000000000000e+00
4.546315735082068904e-02 9.989660161004950689e-01 0.000000000000000000e+00 2.631053707668180586e-01 -9.989660161004949579e-01 4.546315735082080700e-02 0.000000000000000000e+00 -7.096580875108967845e+00 0.000000000000000000e+00 0.000000000000000000e+00 1.000000000000000000e+00 0.000000000000000000e+00
5.837562770731577477e-02 9.982946890020887309e-01 0.000000000000000000e+00 2.762698423130015013e-01 -9.982946890020885089e-01 5.837562770731584416e-02 0.000000000000000000e+00 -7.313531824147937677e+00 0.000000000000000000e+00 0.000000000000000000e+00 1.000000000000000000e+00 0.000000000000000000e+00
5.740725454802464434e-02 9.983508437043856487e-01 0.000000000000000000e+00 2.909641801880228362e-01 -9.983508437043854267e-01 5.740725454802476924e-02 0.000000000000000000e+00 -7.522547988437723987e+00 0.000000000000000000e+00 0.000000000000000000e+00 1.000000000000000000e+00 0.000000000000000000e+00
3.989824016963318398e-02 9.992037482072245735e-01 0.000000000000000000e+00 3.030190066273430460e-01 -9.992037482072243515e-01 3.989824016963326031e-02 0.000000000000000000e+00 -7.734363649000199459e+00 0.000000000000000000e+00 0.000000000000000000e+00 1.000000000000000000e+00 0.000000000000000000e+00
3.681051502498471073e-02 9.993222633282996537e-01 0.000000000000000000e+00 3.150964139577914214e-01 -9.993222633282994316e-01 3.681051502498476624e-02 0.000000000000000000e+00 -7.947883331306479171e+00 0.000000000000000000e+00 0.000000000000000000e+00 1.000000000000000000e+00 0.000000000000000000e+00
2.608830266070114208e-03 9.999965969965312063e-01 0.000000000000000000e+00 3.207853568888551221e-01 -9.999965969965310952e-01 2.608830266070211786e-03 0.000000000000000000e+00 -8.167067881009069552e+00 0.000000000000000000e+00 0.000000000000000000e+00 1.000000000000000000e+00 0.000000000000000000e+00
3.698824791183418989e-03 9.999931593241847549e-01 0.000000000000000000e+00 3.215931738686559349e-01 -9.999931593241845329e-01 3.698824791183490113e-03 0.000000000000000000e+00 -8.383141625438437217e+00 0.000000000000000000e+00 0.000000000000000000e+00 1.000000000000000000e+00 0.000000000000000000e+00
7.948749519178451711e-03 9.999684081915195533e-01 0.000000000000000000e+00 3.231492040591249504e-01 -9.999684081915193312e-01 7.948749519178571407e-03 0.000000000000000000e+00 -8.593709456956089454e+00 0.000000000000000000e+00 0.000000000000000000e+00 1.000000000000000000e+00 0.000000000000000000e+00
1.076862508697318081e-02 9.999420166758352657e-01 0.000000000000000000e+00 3.275092038454247012e-01 -9.999420166758351547e-01 1.076862508697332479e-02 0.000000000000000000e+00 -8.804296116794414928e+00 0.000000000000000000e+00 0.000000000000000000e+00 1.000000000000000000e+00 0.000000000000000000e+00
-3.387468492584200935e-02 9.994260881731951152e-01 0.000000000000000000e+00 3.235040954817440806e-01 -9.994260881731948931e-01 -3.387468492584187058e-02 0.000000000000000000e+00 -9.022281679635158369e+00 0.000000000000000000e+00 0.000000000000000000e+00 1.000000000000000000e+00 0.000000000000000000e+00
-4.893161951597502224e-02 9.988021308605342652e-01 0.000000000000000000e+00 3.145802913869574780e-01 -9.988021308605341542e-01 -4.893161951597489734e-02 0.000000000000000000e+00 -9.236632998083349477e+00 0.000000000000000000e+00 0.000000000000000000e+00 1.000000000000000000e+00 0.000000000000000000e+00
-4.721149235984318029e-03 9.999888553128438717e-01 0.000000000000000000e+00 3.131930209738695847e-01 -9.999888553128436497e-01 -4.721149235984192262e-03 0.000000000000000000e+00 -9.451684787847584701e+00 0.000000000000000000e+00 0.000000000000000000e+00 1.000000000000000000e+00 0.000000000000000000e+00
-5.181143593708307377e-03 9.999865777854528570e-01 0.000000000000000000e+00 3.125913598282843431e-01 -9.999865777854526350e-01 -5.181143593708211099e-03 0.000000000000000000e+00 -9.674016860441408738e+00 0.000000000000000000e+00 0.000000000000000000e+00 1.000000000000000000e+00 0.000000000000000000e+00
5.858799707104360779e-03 9.999828370857132276e-01 0.000000000000000000e+00 3.166900821806564736e-01 -9.999828370857131166e-01 5.858799707104460526e-03 0.000000000000000000e+00 -9.893707570702627407e+00 0.000000000000000000e+00 0.000000000000000000e+00 1.000000000000000000e+00 0.000000000000000000e+00
1.688803036226163221e-02 9.998573870460144564e-01 0.000000000000000000e+00 3.220318359632354799e-01 -9.998573870460142343e-01 1.688803036226173629e-02 0.000000000000000000e+00 -1.011344489494802268e+01 0.000000000000000000e+00 0.000000000000000000e+00 1.000000000000000000e+00 0.000000000000000000e+00
3.728019240573553217e-02 9.993048520117329137e-01 0.000000000000000000e+00 3.257079200077280801e-01 -9.993048520117328026e-01 3.728019240573558074e-02 0.000000000000000000e+00 -1.032571407053905865e+01 0.000000000000000000e+00 0.000000000000000000e+00 1.000000000000000000e+00 0.000000000000000000e+00
4.387474458678269212e-02 9.990370397474983566e-01 0.000000000000000000e+00 3.326534542103375958e-01 -9.990370397474982456e-01 4.387474458678283784e-02 0.000000000000000000e+00 -1.053181494039321464e+01 0.000000000000000000e+00 0.000000000000000000e+00 1.000000000000000000e+00 0.000000000000000000e+00
6.388529704358152095e-02 9.979572479929457174e-01 0.000000000000000000e+00 3.443462785692413819e-01 -9.979572479929454953e-01 6.388529704358157646e-02 0.000000000000000000e+00 -1.074445610352611347e+01 0.000000000000000000e+00 0.000000000000000000e+00 1.000000000000000000e+00 0.000000000000000000e+00
-1.601048268639656408e-02 9.998718240075318286e-01 0.000000000000000000e+00 3.453940812672991467e-01 -9.998718240075316066e-01 -1.601048268639650857e-02 0.000000000000000000e+00 -1.096693973148445700e+01 0.000000000000000000e+00 0.000000000000000000e+00 1.000000000000000000e+00 0.000000000000000000e+00
-1.174097298554099972e-01 9.930835590902106214e-01 0.000000000000000000e+00 3.170555506810596724e-01 -9.930835590902105103e-01 -1.174097298554099000e-01 0.000000000000000000e+00 -1.117361127810907639e+01 0.000000000000000000e+00 0.000000000000000000e+00 1.000000000000000000e+00 0.000000000000000000e+00
-1.103261197115918274e-01 9.938954408333824375e-01 0.000000000000000000e+00 2.887806306620877561e-01 -9.938954408333823265e-01 -1.103261197115917164e-01 0.000000000000000000e+00 -1.137659358989490954e+01 0.000000000000000000e+00 0.000000000000000000e+00 1.000000000000000000e+00 0.000000000000000000e+00
-9.043743059981214361e-02 9.959021393422671231e-01 0.000000000000000000e+00 2.648202286953930118e-01 -9.959021393422669011e-01 -9.043743059981203258e-02 0.000000000000000000e+00 -1.159290277055443141e+01 0.000000000000000000e+00 0.000000000000000000e+00 1.000000000000000000e+00 0.000000000000000000e+00
-7.024327337831820506e-02 9.975298905522075321e-01 0.000000000000000000e+00 2.454440133687342540e-01 -9.975298905522073101e-01 -7.024327337831806628e-02 0.000000000000000000e+00 -1.180480794930100075e+01 0.000000000000000000e+00 0.000000000000000000e+00 1.000000000000000000e+00 0.000000000000000000e+00
-5.033988141337639166e-02 9.987321444407841753e-01 0.000000000000000000e+00 2.316551724997535366e-01 -9.987321444407839532e-01 -5.033988141337628064e-02 0.000000000000000000e+00 -1.201203251412739803e+01 0.000000000000000000e+00 0.000000000000000000e+00 1.000000000000000000e+00 0.000000000000000000e+00
-3.042647016513140568e-02 9.995370077757453897e-01 0.000000000000000000e+00 2.210842810948114856e-01 -9.995370077757451677e-01 -3.042647016513132935e-02 0.000000000000000000e+00 -1.221965369116602496e+01 0.000000000000000000e+00 0.000000000000000000e+00 1.000000000000000000e+00 0.000000000000000000e+00
-1.058096932925033096e-02 9.999440199771453264e-01 0.000000000000000000e+00 2.146825768058519823e-01 -9.999440199771452153e-01 -1.058096932925021126e-02 0.000000000000000000e+00 -1.243230059987197578e+01 0.000000000000000000e+00 0.000000000000000000e+00 1.000000000000000000e+00 0.000000000000000000e+00
9.068708916750475857e-03 9.999588784137993791e-01 0.000000000000000000e+00 2.126374060500611507e-01 -9.999588784137991571e-01 9.068708916750564328e-03 0.000000000000000000e+00 -1.265006811553163324e+01 0.000000000000000000e+00 0.000000000000000000e+00 1.000000000000000000e+00 0.000000000000000000e+00
2.859493491928488673e-02 9.995910812412054369e-01 0.000000000000000000e+00 2.159110646070888095e-01 -9.995910812412052149e-01 2.859493491928502551e-02 0.000000000000000000e+00 -1.286144973620772802e+01 0.000000000000000000e+00 0.000000000000000000e+00 1.000000000000000000e+00 0.000000000000000000e+00
4.778063407873760909e-02 9.988578532539221788e-01 0.000000000000000000e+00 2.229617522316872380e-01 -9.988578532539219568e-01 4.778063407873766461e-02 0.000000000000000000e+00 -1.307059670894226144e+01 0.000000000000000000e+00 0.000000000000000000e+00 1.000000000000000000e+00 0.000000000000000000e+00
8.211626595717802513e-02 9.966227565459512272e-01 0.000000000000000000e+00 2.353108995512259716e-01 -9.966227565459510052e-01 8.211626595717812227e-02 0.000000000000000000e+00 -1.327558930749274779e+01 0.000000000000000000e+00 0.000000000000000000e+00 1.000000000000000000e+00 0.000000000000000000e+00
7.449974563475633693e-02 9.972210326203297948e-01 0.000000000000000000e+00 2.494054715973715308e-01 -9.972210326203296837e-01 7.449974563475642020e-02 0.000000000000000000e+00 -1.349256290735880626e+01 0.000000000000000000e+00 0.000000000000000000e+00 1.000000000000000000e+00 0.000000000000000000e+00
8.779565093315158664e-02 9.961385062717054151e-01 0.000000000000000000e+00 2.670158714421232427e-01 -9.961385062717051930e-01 8.779565093315164215e-02 0.000000000000000000e+00 -1.370066825740370042e+01 0.000000000000000000e+00 0.000000000000000000e+00 1.000000000000000000e+00 0.000000000000000000e+00
7.933537247338993958e-02 9.968479817276597599e-01 0.000000000000000000e+00 2.836164095693875509e-01 -9.968479817276595378e-01 7.933537247338999510e-02 0.000000000000000000e+00 -1.391734163401902258e+01 0.000000000000000000e+00 0.000000000000000000e+00 1.000000000000000000e+00 0.000000000000000000e+00
1.454831997572438550e-02 9.998941675926927841e-01 0.000000000000000000e+00 2.876614007951145968e-01 -9.998941675926926731e-01 1.454831997572449999e-02 0.000000000000000000e+00 -1.413180407372813185e+01 0.000000000000000000e+00 0.000000000000000000e+00 1.000000000000000000e+00 0.000000000000000000e+00
-6.082360127771584829e-02 9.981485307946956764e-01 0.000000000000000000e+00 2.728774835184863967e-01 -9.981485307946955654e-01 -6.082360127771570951e-02 0.000000000000000000e+00 -1.434121491917305669e+01 0.000000000000000000e+00 0.000000000000000000e+00 1.000000000000000000e+00 0.000000000000000000e+00
-5.302628550975351657e-02 9.985931168624377907e-01 0.000000000000000000e+00 2.564084534512358071e-01 -9.985931168624375687e-01 -5.302628550975341942e-02 0.000000000000000000e+00 -1.455481652766101774e+01 0.000000000000000000e+00 0.000000000000000000e+00 1.000000000000000000e+00 0.000000000000000000e+00
-2.655804375384380675e-02 9.996472729477977603e-01 0.000000000000000000e+00 2.452376456489533396e-01 -9.996472729477976493e-01 -2.655804375384369226e-02 0.000000000000000000e+00 -1.476605711077194449e+01 0.000000000000000000e+00 0.000000000000000000e+00 1.000000000000000000e+00 0.000000000000000000e+00
-2.516850883549762510e-02 9.996832229076357823e-01 0.000000000000000000e+00 2.368712123664840630e-01 -9.996832229076355603e-01 -2.516850883549753143e-02 0.000000000000000000e+00 -1.497636394683327943e+01 0.000000000000000000e+00 0.000000000000000000e+00 1.000000000000000000e+00 0.000000000000000000e+00
2.188332236137563740e-04 9.999999760560098760e-01 0.000000000000000000e+00 2.351972446929100347e-01 -9.999999760560096540e-01 2.188332236138399930e-04 0.000000000000000000e+00 -1.518277398881822648e+01 0.000000000000000000e+00 0.000000000000000000e+00 1.000000000000000000e+00 0.000000000000000000e+00
7.868752021172369104e-03 9.999690408915815620e-01 0.000000000000000000e+00 2.343156069680931430e-01 -9.999690408915813400e-01 7.868752021172500943e-03 0.000000000000000000e+00 -1.540213956295173325e+01 0.000000000000000000e+00 0.000000000000000000e+00 1.000000000000000000e+00 0.000000000000000000e+00
1.684803605328004730e-02 9.998580617673427096e-01 0.000000000000000000e+00 2.362785105808510033e-01 -9.998580617673425985e-01 1.684803605328009241e-02 0.000000000000000000e+00 -1.561622015037013256e+01 0.000000000000000000e+00 0.000000000000000000e+00 1.000000000000000000e+00 0.000000000000000000e+00
1.702801023048812479e-02 9.998550129231690287e-01 0.000000000000000000e+00 2.380592195383814669e-01 -9.998550129231689176e-01 1.702801023048824969e-02 0.000000000000000000e+00 -1.582919964510051258e+01 0.000000000000000000e+00 0.000000000000000000e+00 1.000000000000000000e+00 0.000000000000000000e+00
8.958713385481072503e-03 9.999598699220267894e-01 0.000000000000000000e+00 2.366081434419207430e-01 -9.999598699220266784e-01 8.958713385481183525e-03 0.000000000000000000e+00 -1.604099087834250170e+01 0.000000000000000000e+00 0.000000000000000000e+00 1.000000000000000000e+00 0.000000000000000000e+00
8.848717745811226013e-03 9.999608493307401424e-01 0.000000000000000000e+00 2.356973970270505314e-01 -9.999608493307400314e-01 8.848717745811290197e-03 0.000000000000000000e+00 -1.624857207074915522e+01 0.000000000000000000e+00 0.000000000000000000e+00 1.000000000000000000e+00 0.000000000000000000e+00
8.468731993333004568e-03 9.999641396462302101e-01 0.000000000000000000e+00 2.358913644615057703e-01 -9.999641396462299880e-01 8.468731993333094774e-03 0.000000000000000000e+00 -1.646399867629413905e+01 0.000000000000000000e+00 0.000000000000000000e+00 1.000000000000000000e+00 0.000000000000000000e+00
-8.485898971363543819e-02 9.963929706018510579e-01 0.000000000000000000e+00 2.205555715853189380e-01 -9.963929706018509469e-01 -8.485898971363532717e-02 0.000000000000000000e+00 -1.667638070556417418e+01 0.000000000000000000e+00 0.000000000000000000e+00 1.000000000000000000e+00 0.000000000000000000e+00
-1.160490956219072667e-01 9.932434784106753956e-01 0.000000000000000000e+00 1.931444999134888096e-01 -9.932434784106751735e-01 -1.160490956219071418e-01 0.000000000000000000e+00 -1.688533781994366123e+01 0.000000000000000000e+00 0.000000000000000000e+00 1.000000000000000000e+00 0.000000000000000000e+00
-7.043280278849163578e-02 9.975165263249313741e-01 0.000000000000000000e+00 1.736292163973942870e-01 -9.975165263249312630e-01 -7.043280278849148313e-02 0.000000000000000000e+00 -1.709470655234964198e+01 0.000000000000000000e+00 0.000000000000000000e+00 1.000000000000000000e+00 0.000000000000000000e+00
-7.107119889711988048e-02 9.974712450428465660e-01 0.000000000000000000e+00 1.548035919623848566e-01 -9.974712450428463439e-01 -7.107119889711974170e-02 0.000000000000000000e+00 -1.730913239562566019e+01 0.000000000000000000e+00 0.000000000000000000e+00 1.000000000000000000e+00 0.000000000000000000e+00
-5.586207230503766746e-02 9.984384952904145072e-01 0.000000000000000000e+00 1.379263761428430324e-01 -9.984384952904142851e-01 -5.586207230503757032e-02 0.000000000000000000e+00 -1.751860407864315405e+01 0.000000000000000000e+00 0.000000000000000000e+00 1.000000000000000000e+00 0.000000000000000000e+00
-4.025029068894600548e-02 9.991896286989049303e-01 0.000000000000000000e+00 1.254898945460399817e-01 -9.991896286989048193e-01 -4.025029068894590834e-02 0.000000000000000000e+00 -1.772897952023625479e+01 0.000000000000000000e+00 0.000000000000000000e+00 1.000000000000000000e+00 0.000000000000000000e+00
-2.438874834443653661e-02 9.997025502389157436e-01 0.000000000000000000e+00 1.161962228535883268e-01 -9.997025502389156326e-01 -2.438874834443644987e-02 0.000000000000000000e+00 -1.793870469580292948e+01 0.000000000000000000e+00 0.000000000000000000e+00 1.000000000000000000e+00 0.000000000000000000e+00
-3.305514423671342128e-02 9.994535294046892338e-01 0.000000000000000000e+00 1.077807014953992559e-01 -9.994535294046891227e-01 -3.305514423671328944e-02 0.000000000000000000e+00 -1.815335825365900035e+01 0.000000000000000000e+00 0.000000000000000000e+00 1.000000000000000000e+00 0.000000000000000000e+00
-4.778296496263106929e-02 9.988577417527383373e-01 0.000000000000000000e+00 9.501823783804974610e-02 -9.988577417527381153e-01 -4.778296496263095133e-02 0.000000000000000000e+00 -1.836625881617914757e+01 0.000000000000000000e+00 0.000000000000000000e+00 1.000000000000000000e+00 0.000000000000000000e+00
-2.088964718137261908e-02 9.997817875119741071e-01 0.000000000000000000e+00 8.541470934698713879e-02 -9.997817875119738851e-01 -2.088964718137253582e-02 0.000000000000000000e+00 -1.857885355421497309e+01 0.000000000000000000e+00 0.000000000000000000e+00 1.000000000000000000e+00 0.000000000000000000e+00
-4.450646041032503553e-02 9.990090965460446393e-01 0.000000000000000000e+00 7.357547717365181539e-02 -9.990090965460444172e-01 -4.450646041032490369e-02 0.000000000000000000e+00 -1.879311839076438417e+01 0.000000000000000000e+00 0.000000000000000000e+00 1.000000000000000000e+00 0.000000000000000000e+00
-6.311917999611083019e-02 9.980059965333969441e-01 0.000000000000000000e+00 5.772582571559858877e-02 -9.980059965333967220e-01 -6.311917999611069141e-02 0.000000000000000000e+00 -1.899929932744054284e+01 0.000000000000000000e+00 0.000000000000000000e+00 1.000000000000000000e+00 0.000000000000000000e+00
-3.458426885071341078e-02 9.994017852435834737e-01 0.000000000000000000e+00 4.496326450019666465e-02 -9.994017852435833627e-01 -3.458426885071329282e-02 0.000000000000000000e+00 -1.920872499428017122e+01 0.000000000000000000e+00 0.000000000000000000e+00 1.000000000000000000e+00 0.000000000000000000e+00
-3.726253822999585352e-02 9.993055104644715803e-01 0.000000000000000000e+00 3.552923991039930174e-02 -9.993055104644714692e-01 -3.726253822999576332e-02 0.000000000000000000e+00 -1.942140557186082361e+01 0.000000000000000000e+00 0.000000000000000000e+00 1.000000000000000000e+00 0.000000000000000000e+00
-5.395495404334904599e-02 9.985433705824602324e-01 0.000000000000000000e+00 2.155048320840813325e-02 -9.985433705824600104e-01 -5.395495404334894884e-02 0.000000000000000000e+00 -1.963951895810996362e+01 0.000000000000000000e+00 0.000000000000000000e+00 1.000000000000000000e+00 0.000000000000000000e+00
