5.797380295758520347e-02 9.983181046994165087e-01 0.000000000000000000e+00 1.641420000000000379e-01 -9.983181046994165087e-01 5.797380295758517571e-02 0.000000000000000000e+00 2.186059999999999948e-01 0.000000000000000000e+00 0.000000000000000000e+00 1.000000000000000000e+00 0.000000000000000000e+00
6.275506331578915853e-02 9.980289585118417017e-01 0.000000000000000000e+00 1.641420000000000379e-01 -9.980289585118417017e-01 6.275506331578915853e-02 0.000000000000000000e+00 2.186059999999999948e-01 0.000000000000000000e+00 0.000000000000000000e+00 1.000000000000000000e+00 0.000000000000000000e+00
7.056762649864421755e-02 9.975069975144775780e-01 0.000000000000000000e+00 1.641420396866080378e-01 -9.975069975144775780e-01 7.056762649864420367e-02 0.000000000000000000e+00 2.186060917876524456e-01 0.000000000000000000e+00 0.000000000000000000e+00 1.000000000000000000e+00 0.000000000000000000e+00
7.694021212778640040e-02 9.970357083664213027e-01 0.000000000000000000e+00 1.641411614966913624e-01 -9.970357083664211917e-01 7.694021212778638652e-02 0.000000000000000000e+00 2.186065804413848956e-01 0.000000000000000000e+00 0.000000000000000000e+00 1.000000000000000000e+00 0.000000000000000000e+00
7.971167051465946618e-02 9.968179621093122833e-01 0.000000000000000000e+00 1.641402436201666593e-01 -9.968179621093122833e-01 7.971167051465945230e-02 0.000000000000000000e+00 2.186069773074648948e-01 0.000000000000000000e+00 0.000000000000000000e+00 1.000000000000000000e+00 0.000000000000000000e+00
8.242271715909935126e-02 9.965974592061285220e-01 0.000000000000000000e+00 1.641393257436419839e-01 -9.965974592061285220e-01 8.242271715909932350e-02 0.000000000000000000e+00 2.186073741735448661e-01 0.000000000000000000e+00 0.000000000000000000e+00 1.000000000000000000e+00 0.000000000000000000e+00
8.554165836986092619e-02 9.963345947438210226e-01 0.000000000000000000e+00 1.641374503039846333e-01 -9.963345947438210226e-01 8.554165836986092619e-02 0.000000000000000000e+00 2.186080761180523580e-01 0.000000000000000000e+00 0.000000000000000000e+00 1.000000000000000000e+00 0.000000000000000000e+00
8.910798043249021361e-02 9.960219715564727627e-01 0.000000000000000000e+00 1.641364530542439304e-01 -9.960219715564727627e-01 8.910798043249018585e-02 0.000000000000000000e+00 2.186082894088273998e-01 0.000000000000000000e+00 0.000000000000000000e+00 1.000000000000000000e+00 0.000000000000000000e+00
9.312121451687427331e-02 9.956547792316884360e-01 0.000000000000000000e+00 1.641345379279785799e-01 -9.956547792316884360e-01 9.312121451687425944e-02 0.000000000000000000e+00 2.186088995656824407e-01 0.000000000000000000e+00 0.000000000000000000e+00 1.000000000000000000e+00 0.000000000000000000e+00
5.837562174863306641e-01 8.119289861472195335e-01 0.000000000000000000e+00 2.082099571786105441e-01 -8.119289861472195335e-01 5.837562174863307751e-01 0.000000000000000000e+00 2.091366681405628647e-01 0.000000000000000000e+00 0.000000000000000000e+00 1.000000000000000000e+00 0.000000000000000000e+00
6.006040032375966620e-01 7.995466411004258367e-01 0.000000000000000000e+00 3.463724612188103791e-01 -7.995466411004258367e-01 6.006040032375965509e-01 0.000000000000000000e+00 5.752279891460714001e-02 0.000000000000000000e+00 0.000000000000000000e+00 1.000000000000000000e+00 0.000000000000000000e+00
1.987588363057670449e-01 9.800484299208775951e-01 0.000000000000000000e+00 4.059855767718221764e-01 -9.800484299208774841e-01 1.987588363057670449e-01 0.000000000000000000e+00 -1.451551413992728523e-01 0.000000000000000000e+00 0.000000000000000000e+00 1.000000000000000000e+00 0.000000000000000000e+00
-7.733596113886762567e-03 9.999700952984280633e-01 0.000000000000000000e+00 4.078582080574703062e-01 -9.999700952984280633e-01 -7.733596113886757363e-03 0.000000000000000000e+00 -3.781409277083694898e-01 0.000000000000000000e+00 0.000000000000000000e+00 1.000000000000000000e+00 0.000000000000000000e+00
4.533078753113996967e-02 9.989720314912760024e-01 0.000000000000000000e+00 4.120177012400010330e-01 -9.989720314912758914e-01 4.533078753113993498e-02 0.000000000000000000e+00 -5.885698433199472168e-01 0.000000000000000000e+00 0.000000000000000000e+00 1.000000000000000000e+00 0.000000000000000000e+00
6.732536177886062900e-02 9.977310738176622396e-01 0.000000000000000000e+00 4.229387516658738022e-01 -9.977310738176622396e-01 6.732536177886058737e-02 0.000000000000000000e+00 -8.015682033549379470e-01 0.000000000000000000e+00 0.000000000000000000e+00 1.000000000000000000e+00 0.000000000000000000e+00
3.003181063176088919e-02 9.995489434490829606e-01 0.000000000000000000e+00 4.256584681933032743e-01 -9.995489434490829606e-01 3.003181063176089266e-02 0.000000000000000000e+00 -9.987345523904932465e-01 0.000000000000000000e+00 0.000000000000000000e+00 1.000000000000000000e+00 0.000000000000000000e+00
7.566254600616248265e-03 9.999713754859779202e-01 0.000000000000000000e+00 4.240797610236046178e-01 -9.999713754859779202e-01 7.566254600616290765e-03 0.000000000000000000e+00 -1.043838075098507234e+00 0.000000000000000000e+00 0.000000000000000000e+00 1.000000000000000000e+00 0.000000000000000000e+00
5.259205229947076093e-02 9.986160804007363501e-01 0.000000000000000000e+00 4.236787843140047971e-01 -9.986160804007362390e-01 5.259205229947080257e-02 0.000000000000000000e+00 -9.443713912909209585e-01 0.000000000000000000e+00 0.000000000000000000e+00 1.000000000000000000e+00 0.000000000000000000e+00
1.029635256042304159e-01 9.946851322881764546e-01 0.000000000000000000e+00 4.117209448171294528e-01 -9.946851322881764546e-01 1.029635256042304436e-01 0.000000000000000000e+00 -7.307144825316510550e-01 0.000000000000000000e+00 0.000000000000000000e+00 1.000000000000000000e+00 0.000000000000000000e+00
1.226467466518802174e-01 9.924503894581881980e-01 0.000000000000000000e+00 3.913702039526931742e-01 -9.924503894581881980e-01 1.226467466518801896e-01 0.000000000000000000e+00 -5.187398720914652150e-01 0.000000000000000000e+00 0.000000000000000000e+00 1.000000000000000000e+00 0.000000000000000000e+00
2.359413716927670490e-02 9.997216195977944864e-01 0.000000000000000000e+00 3.924092217077903566e-01 -9.997216195977944864e-01 2.359413716927673613e-02 0.000000000000000000e+00 -7.693894362943669574e-01 0.000000000000000000e+00 0.000000000000000000e+00 1.000000000000000000e+00 0.000000000000000000e+00
4.867708321504086999e-02 9.988145681605149484e-01 0.000000000000000000e+00 3.985889100411513231e-01 -9.988145681605149484e-01 4.867708321504089081e-02 0.000000000000000000e+00 -1.036738586300688159e+00 0.000000000000000000e+00 0.000000000000000000e+00 1.000000000000000000e+00 0.000000000000000000e+00
8.299076429051625847e-02 9.965503163626391325e-01 0.000000000000000000e+00 4.109236891394072444e-01 -9.965503163626391325e-01 8.299076429051625847e-02 0.000000000000000000e+00 -1.265511465638684108e+00 0.000000000000000000e+00 0.000000000000000000e+00 1.000000000000000000e+00 0.000000000000000000e+00
1.702420767561344805e-01 9.854022708020102606e-01 0.000000000000000000e+00 4.362188600292205010e-01 -9.854022708020102606e-01 1.702420767561345083e-01 0.000000000000000000e+00 -1.457453181736710013e+00 0.000000000000000000e+00 0.000000000000000000e+00 1.000000000000000000e+00 0.000000000000000000e+00
6.593845099318626501e-02 9.978236921824512606e-01 0.000000000000000000e+00 4.099116650297923159e-01 -9.978236921824512606e-01 6.593845099318626501e-02 0.000000000000000000e+00 -1.161443396053428723e+00 0.000000000000000000e+00 0.000000000000000000e+00 1.000000000000000000e+00 0.000000000000000000e+00
-2.189192418728094780e-02 9.997603431099767457e-01 0.000000000000000000e+00 4.010433653416807798e-01 -9.997603431099767457e-01 -2.189192418728094780e-02 0.000000000000000000e+00 -9.211784787108384664e-01 0.000000000000000000e+00 0.000000000000000000e+00 1.000000000000000000e+00 0.000000000000000000e+00
2.115474860292138742e-02 9.997762132655223510e-01 0.000000000000000000e+00 3.991658142319353120e-01 -9.997762132655223510e-01 2.115474860292137702e-02 0.000000000000000000e+00 -1.146240192455824980e+00 0.000000000000000000e+00 0.000000000000000000e+00 1.000000000000000000e+00 0.000000000000000000e+00
6.415224190132196025e-02 9.979401233836799889e-01 0.000000000000000000e+00 4.071259952496814605e-01 -9.979401233836799889e-01 6.415224190132194637e-02 0.000000000000000000e+00 -1.336776850855631915e+00 0.000000000000000000e+00 0.000000000000000000e+00 1.000000000000000000e+00 0.000000000000000000e+00
7.676074445481805009e-02 9.970495414525509803e-01 0.000000000000000000e+00 3.979229260155630055e-01 -9.970495414525509803e-01 7.676074445481806396e-02 0.000000000000000000e+00 -1.083886206232957061e+00 0.000000000000000000e+00 0.000000000000000000e+00 1.000000000000000000e+00 0.000000000000000000e+00
8.983505266432775804e-02 9.959566573464918582e-01 0.000000000000000000e+00 3.831609988269942257e-01 -9.959566573464918582e-01 8.983505266432779968e-02 0.000000000000000000e+00 -8.523512421483088186e-01 0.000000000000000000e+00 0.000000000000000000e+00 1.000000000000000000e+00 0.000000000000000000e+00
1.307310545543028668e-01 9.914178692030519713e-01 0.000000000000000000e+00 3.654116921031946852e-01 -9.914178692030519713e-01 1.307310545543028668e-01 0.000000000000000000e+00 -6.318704995429181848e-01 0.000000000000000000e+00 0.000000000000000000e+00 1.000000000000000000e+00 0.000000000000000000e+00
1.635956623789870945e-01 9.865274751626437189e-01 0.000000000000000000e+00 3.658927093667264652e-01 -9.865274751626437189e-01 1.635956623789870945e-01 0.000000000000000000e+00 -6.209713205191483842e-01 0.000000000000000000e+00 0.000000000000000000e+00 1.000000000000000000e+00 0.000000000000000000e+00
1.925521704497303310e-01 9.812867377352544329e-01 0.000000000000000000e+00 3.922603802928777417e-01 -9.812867377352544329e-01 1.925521704497302755e-01 0.000000000000000000e+00 -7.729312306465572213e-01 0.000000000000000000e+00 0.000000000000000000e+00 1.000000000000000000e+00 0.000000000000000000e+00
2.349667174776149114e-01 9.720034164949189481e-01 0.000000000000000000e+00 4.366895620491835772e-01 -9.720034164949189481e-01 2.349667174776148837e-01 0.000000000000000000e+00 -9.793396419152483601e-01 0.000000000000000000e+00 0.000000000000000000e+00 1.000000000000000000e+00 0.000000000000000000e+00
2.487789129586633063e-01 9.685602988286821091e-01 0.000000000000000000e+00 4.841672096659862534e-01 -9.685602988286821091e-01 2.487789129586632508e-01 0.000000000000000000e+00 -1.174930511785942100e+00 0.000000000000000000e+00 0.000000000000000000e+00 1.000000000000000000e+00 0.000000000000000000e+00
2.609318107055924596e-01 9.653572344794961735e-01 0.000000000000000000e+00 5.450948150920423840e-01 -9.653572344794961735e-01 2.609318107055925151e-01 0.000000000000000000e+00 -1.407467344560981992e+00 0.000000000000000000e+00 0.000000000000000000e+00 1.000000000000000000e+00 0.000000000000000000e+00
6.881190579427104437e-02 9.976296515345564053e-01 0.000000000000000000e+00 5.753157197586569183e-01 -9.976296515345564053e-01 6.881190579427104437e-02 0.000000000000000000e+00 -1.628546810602338635e+00 0.000000000000000000e+00 0.000000000000000000e+00 1.000000000000000000e+00 0.000000000000000000e+00
-1.260574111611642845e-01 9.920229478652927702e-01 0.000000000000000000e+00 5.397449246933363476e-01 -9.920229478652927702e-01 -1.260574111611643122e-01 0.000000000000000000e+00 -1.844472539903922792e+00 0.000000000000000000e+00 0.000000000000000000e+00 1.000000000000000000e+00 0.000000000000000000e+00
2.836252279424587505e-02 9.995977027288257544e-01 0.000000000000000000e+00 5.321570424456235626e-01 -9.995977027288257544e-01 2.836252279424586811e-02 0.000000000000000000e+00 -2.051949931248123971e+00 0.000000000000000000e+00 0.000000000000000000e+00 1.000000000000000000e+00 0.000000000000000000e+00
3.523587683983211982e-01 9.358650000576035355e-01 0.000000000000000000e+00 5.987418179881545122e-01 -9.358650000576035355e-01 3.523587683983212537e-01 0.000000000000000000e+00 -2.288436248327888389e+00 0.000000000000000000e+00 0.000000000000000000e+00 1.000000000000000000e+00 0.000000000000000000e+00
3.612521015344036246e-01 9.324681866621385984e-01 0.000000000000000000e+00 6.948196907712540504e-01 -9.324681866621385984e-01 3.612521015344036801e-01 0.000000000000000000e+00 -2.512170098385215322e+00 0.000000000000000000e+00 0.000000000000000000e+00 1.000000000000000000e+00 0.000000000000000000e+00
3.411578093218499697e-01 9.400060367565286068e-01 0.000000000000000000e+00 6.193020465861382995e-01 -9.400060367565287178e-01 3.411578093218499697e-01 0.000000000000000000e+00 -2.151685455277176473e+00 0.000000000000000000e+00 0.000000000000000000e+00 1.000000000000000000e+00 0.000000000000000000e+00
3.763202143762388596e-01 9.264896633270236492e-01 0.000000000000000000e+00 5.238502466252885625e-01 -9.264896633270235382e-01 3.763202143762389151e-01 0.000000000000000000e+00 -1.882889408049479796e+00 0.000000000000000000e+00 0.000000000000000000e+00 1.000000000000000000e+00 0.000000000000000000e+00
3.834309519592239979e-01 9.235695453400590837e-01 0.000000000000000000e+00 4.120519379681539807e-01 -9.235695453400590837e-01 3.834309519592239979e-01 0.000000000000000000e+00 -1.592960480411336199e+00 0.000000000000000000e+00 0.000000000000000000e+00 1.000000000000000000e+00 0.000000000000000000e+00
3.815516196427462536e-01 9.243475328835994986e-01 0.000000000000000000e+00 3.134822693291058338e-01 -9.243475328835994986e-01 3.815516196427462536e-01 0.000000000000000000e+00 -1.338156101272381271e+00 0.000000000000000000e+00 0.000000000000000000e+00 1.000000000000000000e+00 0.000000000000000000e+00
4.135123649002855895e-01 9.104985030600397655e-01 0.000000000000000000e+00 2.369751743797690602e-01 -9.104985030600397655e-01 4.135123649002855339e-01 0.000000000000000000e+00 -1.136284644839300695e+00 0.000000000000000000e+00 0.000000000000000000e+00 1.000000000000000000e+00 0.000000000000000000e+00
2.376806030209094589e-01 9.713433640827618953e-01 0.000000000000000000e+00 2.818335023717728482e-01 -9.713433640827618953e-01 2.376806030209094589e-01 0.000000000000000000e+00 -1.359585648049679962e+00 0.000000000000000000e+00 0.000000000000000000e+00 1.000000000000000000e+00 0.000000000000000000e+00
1.076473331809014167e-01 9.941891427988137631e-01 0.000000000000000000e+00 3.077189135351884319e-01 -9.941891427988137631e-01 1.076473331809014167e-01 0.000000000000000000e+00 -1.565847641429218839e+00 0.000000000000000000e+00 0.000000000000000000e+00 1.000000000000000000e+00 0.000000000000000000e+00
8.335948221843968164e-02 9.965195415666837642e-01 0.000000000000000000e+00 3.214057190338116543e-01 -9.965195415666838752e-01 8.335948221843968164e-02 0.000000000000000000e+00 -1.772860048584545822e+00 0.000000000000000000e+00 0.000000000000000000e+00 1.000000000000000000e+00 0.000000000000000000e+00
-6.343630657972449370e-03 9.999798789726097592e-01 0.000000000000000000e+00 3.245915540050454684e-01 -9.999798789726097592e-01 -6.343630657972421615e-03 0.000000000000000000e+00 -1.996718426385190259e+00 0.000000000000000000e+00 0.000000000000000000e+00 1.000000000000000000e+00 0.000000000000000000e+00
-1.266030046887990368e-01 9.919534662491824584e-01 0.000000000000000000e+00 2.972845731816064485e-01 -9.919534662491824584e-01 -1.266030046887990368e-01 0.000000000000000000e+00 -2.211129385019090954e+00 0.000000000000000000e+00 0.000000000000000000e+00 1.000000000000000000e+00 0.000000000000000000e+00
-3.252793435256332716e-02 9.994708267312034655e-01 0.000000000000000000e+00 2.801700830360031591e-01 -9.994708267312034655e-01 -3.252793435256336879e-02 0.000000000000000000e+00 -2.426264900608814390e+00 0.000000000000000000e+00 0.000000000000000000e+00 1.000000000000000000e+00 0.000000000000000000e+00
3.863670754995356810e-02 9.992533236520654283e-01 0.000000000000000000e+00 2.842979965436819301e-01 -9.992533236520653173e-01 3.863670754995359585e-02 0.000000000000000000e+00 -2.639211003484807527e+00 0.000000000000000000e+00 0.000000000000000000e+00 1.000000000000000000e+00 0.000000000000000000e+00
7.596308034330070957e-02 9.971106309857283856e-01 0.000000000000000000e+00 2.977652180141805993e-01 -9.971106309857283856e-01 7.596308034330066794e-02 0.000000000000000000e+00 -2.851924454742278847e+00 0.000000000000000000e+00 0.000000000000000000e+00 1.000000000000000000e+00 0.000000000000000000e+00
9.902377545985249774e-02 9.950850676669189543e-01 0.000000000000000000e+00 3.147702723542161185e-01 -9.950850676669189543e-01 9.902377545985249774e-02 0.000000000000000000e+00 -3.066962887416283312e+00 0.000000000000000000e+00 0.000000000000000000e+00 1.000000000000000000e+00 0.000000000000000000e+00
1.182490023437914317e-01 9.929839744148432068e-01 0.000000000000000000e+00 3.378822631054004266e-01 -9.929839744148432068e-01 1.182490023437914595e-01 0.000000000000000000e+00 -3.281231756791928245e+00 0.000000000000000000e+00 0.000000000000000000e+00 1.000000000000000000e+00 0.000000000000000000e+00
1.454980162786799480e-01 9.893585433294489473e-01 0.000000000000000000e+00 3.675324338794824230e-01 -9.893585433294489473e-01 1.454980162786799203e-01 0.000000000000000000e+00 -3.491692686831372683e+00 0.000000000000000000e+00 0.000000000000000000e+00 1.000000000000000000e+00 0.000000000000000000e+00
1.713495611354328152e-01 9.852102962813038545e-01 0.000000000000000000e+00 4.052477807552804512e-01 -9.852102962813038545e-01 1.713495611354327874e-01 0.000000000000000000e+00 -3.711066356878710337e+00 0.000000000000000000e+00 0.000000000000000000e+00 1.000000000000000000e+00 0.000000000000000000e+00
1.301262653690825333e-01 9.914974306880957045e-01 0.000000000000000000e+00 4.372643954451661541e-01 -9.914974306880957045e-01 1.301262653690825610e-01 0.000000000000000000e+00 -3.928804040534524145e+00 0.000000000000000000e+00 0.000000000000000000e+00 1.000000000000000000e+00 0.000000000000000000e+00
8.715560745961563327e-02 9.961947099279063744e-01 0.000000000000000000e+00 4.566117452321465930e-01 -9.961947099279063744e-01 8.715560745961563327e-02 0.000000000000000000e+00 -4.144321380338588767e+00 0.000000000000000000e+00 0.000000000000000000e+00 1.000000000000000000e+00 0.000000000000000000e+00
1.050620804741538017e-01 9.944656651923395874e-01 0.000000000000000000e+00 4.781603743443619270e-01 -9.944656651923395874e-01 1.050620804741538433e-01 0.000000000000000000e+00 -4.358023239673934235e+00 0.000000000000000000e+00 0.000000000000000000e+00 1.000000000000000000e+00 0.000000000000000000e+00
1.379945704580970434e-01 9.904329853776504544e-01 0.000000000000000000e+00 5.048134008451754529e-01 -9.904329853776505654e-01 1.379945704580970156e-01 0.000000000000000000e+00 -4.569116645962115086e+00 0.000000000000000000e+00 0.000000000000000000e+00 1.000000000000000000e+00 0.000000000000000000e+00
1.593738137101884111e-01 9.872183079255926197e-01 0.000000000000000000e+00 5.376160151145668031e-01 -9.872183079255926197e-01 1.593738137101884667e-01 0.000000000000000000e+00 -4.784154550986074561e+00 0.000000000000000000e+00 0.000000000000000000e+00 1.000000000000000000e+00 0.000000000000000000e+00
1.688830455857480428e-01 9.856360976109195260e-01 0.000000000000000000e+00 5.743916083453927124e-01 -9.856360976109195260e-01 1.688830455857479595e-01 0.000000000000000000e+00 -5.002174055944968778e+00 0.000000000000000000e+00 0.000000000000000000e+00 1.000000000000000000e+00 0.000000000000000000e+00
6.946035048559162650e-02 9.975847130496832138e-01 0.000000000000000000e+00 5.967247308708670817e-01 -9.975847130496832138e-01 6.946035048559161262e-02 0.000000000000000000e+00 -5.227970503743117447e+00 0.000000000000000000e+00 0.000000000000000000e+00 1.000000000000000000e+00 0.000000000000000000e+00
-7.753595514244594235e-03 9.999699404265117719e-01 0.000000000000000000e+00 5.965727053289637816e-01 -9.999699404265117719e-01 -7.753595514244601174e-03 0.000000000000000000e+00 -5.430884143226110794e+00 0.000000000000000000e+00 0.000000000000000000e+00 1.000000000000000000e+00 0.000000000000000000e+00
2.625331007014274423e-02 9.996553224538750060e-01 0.000000000000000000e+00 6.002464941932345033e-01 -9.996553224538751170e-01 2.625331007014273382e-02 0.000000000000000000e+00 -5.650726351583334583e+00 0.000000000000000000e+00 0.000000000000000000e+00 1.000000000000000000e+00 0.000000000000000000e+00
4.416195949430240519e-02 9.990243847542579214e-01 0.000000000000000000e+00 6.081293942369303540e-01 -9.990243847542579214e-01 4.416195949430238438e-02 0.000000000000000000e+00 -5.867888954917567013e+00 0.000000000000000000e+00 0.000000000000000000e+00 1.000000000000000000e+00 0.000000000000000000e+00
6.142762968859433181e-02 9.981115400148627970e-01 0.000000000000000000e+00 6.198025434936419442e-01 -9.981115400148626859e-01 6.142762968859431100e-02 0.000000000000000000e+00 -6.079913853423451364e+00 0.000000000000000000e+00 0.000000000000000000e+00 1.000000000000000000e+00 0.000000000000000000e+00
7.795714834968155149e-02 9.969567107057286659e-01 0.000000000000000000e+00 6.362988960560852503e-01 -9.969567107057285549e-01 7.795714834968156537e-02 0.000000000000000000e+00 -6.296758752953358851e+00 0.000000000000000000e+00 0.000000000000000000e+00 1.000000000000000000e+00 0.000000000000000000e+00
9.132888602570667091e-02 9.958207843669982795e-01 0.000000000000000000e+00 6.559065067355585033e-01 -9.958207843669981685e-01 9.132888602570667091e-02 0.000000000000000000e+00 -6.513009621398880178e+00 0.000000000000000000e+00 0.000000000000000000e+00 1.000000000000000000e+00 0.000000000000000000e+00
9.552046978350811623e-02 9.954274658920849728e-01 0.000000000000000000e+00 6.789408277821739057e-01 -9.954274658920849728e-01 9.552046978350811623e-02 0.000000000000000000e+00 -6.731842476687845966e+00 0.000000000000000000e+00 0.000000000000000000e+00 1.000000000000000000e+00 0.000000000000000000e+00
1.229643244915734068e-01 9.924110916864700149e-01 0.000000000000000000e+00 7.055992295398667569e-01 -9.924110916864700149e-01 1.229643244915734346e-01 0.000000000000000000e+00 -6.941260421515230483e+00 0.000000000000000000e+00 0.000000000000000000e+00 1.000000000000000000e+00 0.000000000000000000e+00
1.364394212384921201e-01 9.906484161053836779e-01 0.000000000000000000e+00 7.354101341759382571e-01 -9.906484161053836779e-01 1.364394212384921201e-01 0.000000000000000000e+00 -7.156464679987917243e+00 0.000000000000000000e+00 0.000000000000000000e+00 1.000000000000000000e+00 0.000000000000000000e+00
1.362412888278034806e-01 9.906756841764812194e-01 0.000000000000000000e+00 7.662709710294606236e-01 -9.906756841764812194e-01 1.362412888278034528e-01 0.000000000000000000e+00 -7.363646816401026030e+00 0.000000000000000000e+00 0.000000000000000000e+00 1.000000000000000000e+00 0.000000000000000000e+00
1.196589198949699201e-01 9.928150597616703932e-01 0.000000000000000000e+00 7.948742739056888773e-01 -9.928150597616703932e-01 1.196589198949699201e-01 0.000000000000000000e+00 -7.573807633787548177e+00 0.000000000000000000e+00 0.000000000000000000e+00 1.000000000000000000e+00 0.000000000000000000e+00
1.174446466208844686e-01 9.930794303478930329e-01 0.000000000000000000e+00 8.238227247077810622e-01 -9.930794303478930329e-01 1.174446466208844270e-01 0.000000000000000000e+00 -7.785664733258297332e+00 0.000000000000000000e+00 0.000000000000000000e+00 1.000000000000000000e+00 0.000000000000000000e+00
8.429617362134689262e-02 9.964407434026369970e-01 0.000000000000000000e+00 8.470527317828767666e-01 -9.964407434026369970e-01 8.429617362134686487e-02 0.000000000000000000e+00 -8.003667042354534189e+00 0.000000000000000000e+00 0.000000000000000000e+00 1.000000000000000000e+00 0.000000000000000000e+00
8.577081306205464051e-02 9.963148938095195417e-01 0.000000000000000000e+00 8.654184621425211610e-01 -9.963148938095195417e-01 8.577081306205464051e-02 0.000000000000000000e+00 -8.219010533661693430e+00 0.000000000000000000e+00 0.000000000000000000e+00 1.000000000000000000e+00 0.000000000000000000e+00
8.870956452585337937e-02 9.960575350659385263e-01 0.000000000000000000e+00 8.840161315238537210e-01 -9.960575350659385263e-01 8.870956452585336549e-02 0.000000000000000000e+00 -8.429181269002231858e+00 0.000000000000000000e+00 0.000000000000000000e+00 1.000000000000000000e+00 0.000000000000000000e+00
9.030314235376528387e-02 9.959143248698834050e-01 0.000000000000000000e+00 9.051329361904021376e-01 -9.959143248698834050e-01 9.030314235376531162e-02 0.000000000000000000e+00 -8.639144742636753804e+00 0.000000000000000000e+00 0.000000000000000000e+00 1.000000000000000000e+00 0.000000000000000000e+00
4.459153588373529487e-02 9.990053027524576912e-01 0.000000000000000000e+00 9.182273212836408183e-01 -9.990053027524576912e-01 4.459153588373530874e-02 0.000000000000000000e+00 -8.857155239583644146e+00 0.000000000000000000e+00 0.000000000000000000e+00 1.000000000000000000e+00 0.000000000000000000e+00
2.855244584467822241e-02 9.995922958067887665e-01 0.000000000000000000e+00 9.258868406482637647e-01 -9.995922958067887665e-01 2.855244584467819813e-02 0.000000000000000000e+00 -9.071911580032773870e+00 0.000000000000000000e+00 0.000000000000000000e+00 1.000000000000000000e+00 0.000000000000000000e+00
7.180448060619956663e-02 9.974187267967620230e-01 0.000000000000000000e+00 9.409070827262639991e-01 -9.974187267967620230e-01 7.180448060619959438e-02 0.000000000000000000e+00 -9.286778198026166109e+00 0.000000000000000000e+00 0.000000000000000000e+00 1.000000000000000000e+00 0.000000000000000000e+00
7.048782571311194844e-02 9.975126397325690952e-01 0.000000000000000000e+00 9.570715269630923894e-01 -9.975126397325689842e-01 7.048782571311194844e-02 0.000000000000000000e+00 -9.508850681784318581e+00 0.000000000000000000e+00 0.000000000000000000e+00 1.000000000000000000e+00 0.000000000000000000e+00
8.068851368361924792e-02 9.967393660127648047e-01 0.000000000000000000e+00 9.775222170379052056e-01 -9.967393660127648047e-01 8.068851368361926180e-02 0.000000000000000000e+00 -9.727939175492830159e+00 0.000000000000000000e+00 0.000000000000000000e+00 1.000000000000000000e+00 0.000000000000000000e+00
9.093055041627122470e-02 9.958572362547726264e-01 0.000000000000000000e+00 9.990326583124050641e-01 -9.958572362547726264e-01 9.093055041627123858e-02 0.000000000000000000e+00 -9.946995616202013224e+00 0.000000000000000000e+00 0.000000000000000000e+00 1.000000000000000000e+00 0.000000000000000000e+00
1.097348914839658823e-01 9.939608913790333178e-01 0.000000000000000000e+00 1.018405372018339694e+00 -9.939608913790332068e-01 1.097348914839658823e-01 0.000000000000000000e+00 -1.015869987894527426e+01 0.000000000000000000e+00 0.000000000000000000e+00 1.000000000000000000e+00 0.000000000000000000e+00
1.148225106992993155e-01 9.933860231736246771e-01 0.000000000000000000e+00 1.040268390684612410e+00 -9.933860231736246771e-01 1.148225106992993433e-01 0.000000000000000000e+00 -1.036403979716576629e+01 0.000000000000000000e+00 0.000000000000000000e+00 1.000000000000000000e+00 0.000000000000000000e+00
1.332587423418155614e-01 9.910812820296213133e-01 0.000000000000000000e+00 1.067005287310651251e+00 -9.910812820296213133e-01 1.332587423418155892e-01 0.000000000000000000e+00 -1.057559436047936607e+01 0.000000000000000000e+00 0.000000000000000000e+00 1.000000000000000000e+00 0.000000000000000000e+00
5.224253345720325514e-02 9.986344264534309234e-01 0.000000000000000000e+00 1.083478085234929278e+00 -9.986344264534309234e-01 5.224253345720326208e-02 0.000000000000000000e+00 -1.079773480013083287e+01 0.000000000000000000e+00 0.000000000000000000e+00 1.000000000000000000e+00 0.000000000000000000e+00
-5.080179605186539715e-02 9.987087551022594267e-01 0.000000000000000000e+00 1.069227053196466937e+00 -9.987087551022593157e-01 -5.080179605186542491e-02 0.000000000000000000e+00 -1.100614436681585318e+01 0.000000000000000000e+00 0.000000000000000000e+00 1.000000000000000000e+00 0.000000000000000000e+00
-4.508838204941896521e-02 9.989830017593721578e-01 0.000000000000000000e+00 1.054478459582104843e+00 -9.989830017593721578e-01 -4.508838204941894440e-02 0.000000000000000000e+00 -1.121084159832228799e+01 0.000000000000000000e+00 0.000000000000000000e+00 1.000000000000000000e+00 0.000000000000000000e+00
-2.651056690663971052e-02 9.996485331566733468e-01 0.000000000000000000e+00 1.044625409509074343e+00 -9.996485331566733468e-01 -2.651056690663971399e-02 0.000000000000000000e+00 -1.142850666902555545e+01 0.000000000000000000e+00 0.000000000000000000e+00 1.000000000000000000e+00 0.000000000000000000e+00
-7.623599356837516133e-03 9.999709399441798485e-01 0.000000000000000000e+00 1.038708002913858230e+00 -9.999709399441798485e-01 -7.623599356837536950e-03 0.000000000000000000e+00 -1.164155447750803418e+01 0.000000000000000000e+00 0.000000000000000000e+00 1.000000000000000000e+00 0.000000000000000000e+00
1.098610578909799303e-02 9.999396509187895576e-01 0.000000000000000000e+00 1.037808541722938571e+00 -9.999396509187895576e-01 1.098610578909800170e-02 0.000000000000000000e+00 -1.184947245910069391e+01 0.000000000000000000e+00 0.000000000000000000e+00 1.000000000000000000e+00 0.000000000000000000e+00
2.961199743904901344e-02 9.995614686489618927e-01 0.000000000000000000e+00 1.039787448899864852e+00 -9.995614686489620038e-01 2.961199743904899609e-02 0.000000000000000000e+00 -1.205776339583675494e+01 0.000000000000000000e+00 0.000000000000000000e+00 1.000000000000000000e+00 0.000000000000000000e+00
4.818765825254353596e-02 9.988383000226493946e-01 0.000000000000000000e+00 1.046024444598019354e+00 -9.988383000226493946e-01 4.818765825254356372e-02 0.000000000000000000e+00 -1.227061909786200289e+01 0.000000000000000000e+00 0.000000000000000000e+00 1.000000000000000000e+00 0.000000000000000000e+00
6.658702241793638954e-02 9.977806214020761288e-01 0.000000000000000000e+00 1.056602401828839355e+00 -9.977806214020761288e-01 6.658702241793643117e-02 0.000000000000000000e+00 -1.248840223867143706e+01 0.000000000000000000e+00 0.000000000000000000e+00 1.000000000000000000e+00 0.000000000000000000e+00
8.489402285820574212e-02 9.963899863421704639e-01 0.000000000000000000e+00 1.071811739826730836e+00 -9.963899863421704639e-01 8.489402285820572824e-02 0.000000000000000000e+00 -1.269958104664625864e+01 0.000000000000000000e+00 0.000000000000000000e+00 1.000000000000000000e+00 0.000000000000000000e+00
1.028938973927664424e-01 9.946923372979842304e-01 0.000000000000000000e+00 1.090462916848613073e+00 -9.946923372979842304e-01 1.028938973927664285e-01 0.000000000000000000e+00 -1.290821697355171338e+01 0.000000000000000000e+00 0.000000000000000000e+00 1.000000000000000000e+00 0.000000000000000000e+00
1.360035227421345361e-01 9.907083535540264219e-01 0.000000000000000000e+00 1.113906334063276660e+00 -9.907083535540264219e-01 1.360035227421345361e-01 0.000000000000000000e+00 -1.311249706139509463e+01 0.000000000000000000e+00 0.000000000000000000e+00 1.000000000000000000e+00 0.000000000000000000e+00
1.274289143202498031e-01 9.918477059484296365e-01 0.000000000000000000e+00 1.139530863193506605e+00 -9.918477059484296365e-01 1.274289143202498586e-01 0.000000000000000000e+00 -1.332861491722115410e+01 0.000000000000000000e+00 0.000000000000000000e+00 1.000000000000000000e+00 0.000000000000000000e+00
1.397276159936921558e-01 9.901899784024877915e-01 0.000000000000000000e+00 1.167919191577620364e+00 -9.901899784024877915e-01 1.397276159936921835e-01 0.000000000000000000e+00 -1.353579568662689780e+01 0.000000000000000000e+00 0.000000000000000000e+00 1.000000000000000000e+00 0.000000000000000000e+00
1.304336233151059399e-01 9.914570439050262030e-01 0.000000000000000000e+00 1.195598707626279733e+00 -9.914570439050262030e-01 1.304336233151059676e-01 0.000000000000000000e+00 -1.375149470028090626e+01 0.000000000000000000e+00 0.000000000000000000e+00 1.000000000000000000e+00 0.000000000000000000e+00
6.508029833965046917e-02 9.978800302481366513e-01 0.000000000000000000e+00 1.210388463664963998e+00 -9.978800302481366513e-01 6.508029833965045530e-02 0.000000000000000000e+00 -1.396576050533695401e+01 0.000000000000000000e+00 0.000000000000000000e+00 1.000000000000000000e+00 0.000000000000000000e+00
-1.104344872040591979e-02 9.999390192608546002e-01 0.000000000000000000e+00 1.205964290438617859e+00 -9.999390192608546002e-01 -1.104344872040591459e-02 0.000000000000000000e+00 -1.417585869450397951e+01 0.000000000000000000e+00 0.000000000000000000e+00 1.000000000000000000e+00 0.000000000000000000e+00
-3.933663060309278842e-03 9.999922631175343080e-01 0.000000000000000000e+00 1.199849243176056568e+00 -9.999922631175343080e-01 -3.933663060309265831e-03 0.000000000000000000e+00 -1.439034630789220337e+01 0.000000000000000000e+00 0.000000000000000000e+00 1.000000000000000000e+00 0.000000000000000000e+00
2.191457234236588239e-02 9.997598469227754192e-01 0.000000000000000000e+00 1.198827420309268366e+00 -9.997598469227754192e-01 2.191457234236585463e-02 0.000000000000000000e+00 -1.460202453251162247e+01 0.000000000000000000e+00 0.000000000000000000e+00 1.000000000000000000e+00 0.000000000000000000e+00
2.273436795729096363e-02 9.997415408562267958e-01 0.000000000000000000e+00 1.200386217278557321e+00 -9.997415408562266848e-01 2.273436795729094975e-02 0.000000000000000000e+00 -1.481274855523330736e+01 0.000000000000000000e+00 0.000000000000000000e+00 1.000000000000000000e+00 0.000000000000000000e+00
4.759833530265847323e-02 9.988665568915678916e-01 0.000000000000000000e+00 1.208263636894396642e+00 -9.988665568915678916e-01 4.759833530265843854e-02 0.000000000000000000e+00 -1.501934091874221089e+01 0.000000000000000000e+00 0.000000000000000000e+00 1.000000000000000000e+00 0.000000000000000000e+00
5.478887863142689607e-02 9.984979613290709821e-01 0.000000000000000000e+00 1.217527643893197453e+00 -9.984979613290709821e-01 5.478887863142692383e-02 0.000000000000000000e+00 -1.523862593663975673e+01 0.000000000000000000e+00 0.000000000000000000e+00 1.000000000000000000e+00 0.000000000000000000e+00
6.339378895339586872e-02 9.979885908777376136e-01 0.000000000000000000e+00 1.229231155634585626e+00 -9.979885908777376136e-01 6.339378895339585485e-02 0.000000000000000000e+00 -1.545264680060614282e+01 0.000000000000000000e+00 0.000000000000000000e+00 1.000000000000000000e+00 0.000000000000000000e+00
6.327402986634260429e-02 9.979961909468758607e-01 0.000000000000000000e+00 1.240582110376939884e+00 -9.979961909468758607e-01 6.327402986634260429e-02 0.000000000000000000e+00 -1.566564365111440260e+01 0.000000000000000000e+00 0.000000000000000000e+00 1.000000000000000000e+00 0.000000000000000000e+00
5.499856199367013365e-02 9.984864336477629054e-01 0.000000000000000000e+00 1.248659481597405030e+00 -9.984864336477629054e-01 5.499856199367015447e-02 0.000000000000000000e+00 -1.587744298296926537e+01 0.000000000000000000e+00 0.000000000000000000e+00 1.000000000000000000e+00 0.000000000000000000e+00
5.471898363995821024e-02 9.985017941042519940e-01 0.000000000000000000e+00 1.256990424629992553e+00 -9.985017941042518830e-01 5.471898363995817555e-02 0.000000000000000000e+00 -1.608510301520509955e+01 0.000000000000000000e+00 0.000000000000000000e+00 1.000000000000000000e+00 0.000000000000000000e+00
5.425966704160033183e-02 9.985268591943508021e-01 0.000000000000000000e+00 1.266740708243310642e+00 -9.985268591943508021e-01 5.425966704160033183e-02 0.000000000000000000e+00 -1.630056724325574535e+01 0.000000000000000000e+00 0.000000000000000000e+00 1.000000000000000000e+00 0.000000000000000000e+00
-3.915366247626654583e-02 9.992332013672756696e-01 0.000000000000000000e+00 1.260850837943835678e+00 -9.992332013672756696e-01 -3.915366247626655971e-02 0.000000000000000000e+00 -1.651362695772062139e+01 0.000000000000000000e+00 0.000000000000000000e+00 1.000000000000000000e+00 0.000000000000000000e+00
-7.040537747189512530e-02 9.975184623970826392e-01 0.000000000000000000e+00 1.242742908423341230e+00 -9.975184623970826392e-01 -7.040537747189511142e-02 0.000000000000000000e+00 -1.672380073579124726e+01 0.000000000000000000e+00 0.000000000000000000e+00 1.000000000000000000e+00 0.000000000000000000e+00
-2.453121213827018365e-02 9.996990645344363546e-01 0.000000000000000000e+00 1.232556583615713297e+00 -9.996990645344363546e-01 -2.453121213827017671e-02 0.000000000000000000e+00 -1.693402225035841369e+01 0.000000000000000000e+00 0.000000000000000000e+00 1.000000000000000000e+00 0.000000000000000000e+00
-2.498107421834261724e-02 9.996879242698182289e-01 0.000000000000000000e+00 1.223249174916761328e+00 -9.996879242698181178e-01 -2.498107421834258601e-02 0.000000000000000000e+00 -1.714941745862292422e+01 0.000000000000000000e+00 0.000000000000000000e+00 1.000000000000000000e+00 0.000000000000000000e+00
-9.503530144098656235e-03 9.999548404377071043e-01 0.000000000000000000e+00 1.215766557813074300e+00 -9.999548404377071043e-01 -9.503530144098668378e-03 0.000000000000000000e+00 -1.735960956823048917e+01 0.000000000000000000e+00 0.000000000000000000e+00 1.000000000000000000e+00 0.000000000000000000e+00
6.456281940568183580e-03 9.999791579945572773e-01 0.000000000000000000e+00 1.212795865166951037e+00 -9.999791579945573883e-01 6.456281940568212203e-03 0.000000000000000000e+00 -1.757055409905601806e+01 0.000000000000000000e+00 0.000000000000000000e+00 1.000000000000000000e+00 0.000000000000000000e+00
2.269437827748005398e-02 9.997424494311515364e-01 0.000000000000000000e+00 1.213014562410204666e+00 -9.997424494311515364e-01 2.269437827748008174e-02 0.000000000000000000e+00 -1.778069869730093089e+01 0.000000000000000000e+00 0.000000000000000000e+00 1.000000000000000000e+00 0.000000000000000000e+00
1.448582013208686223e-02 9.998950750029229617e-01 0.000000000000000000e+00 1.214368917064833742e+00 -9.998950750029229617e-01 1.448582013208686223e-02 0.000000000000000000e+00 -1.799580115619777843e+01 0.000000000000000000e+00 0.000000000000000000e+00 1.000000000000000000e+00 0.000000000000000000e+00
2.563267920896672653e-04 9.999999671482873165e-01 0.000000000000000000e+00 1.211498068158918251e+00 -9.999999671482873165e-01 2.563267920896320287e-04 0.000000000000000000e+00 -1.820918569342238413e+01 0.000000000000000000e+00 0.000000000000000000e+00 1.000000000000000000e+00 0.000000000000000000e+00
2.775276295654904510e-02 9.996148178915105209e-01 0.000000000000000000e+00 1.211783393876832537e+00 -9.996148178915105209e-01 2.775276295654902775e-02 0.000000000000000000e+00 -1.842230067222311263e+01 0.000000000000000000e+00 0.000000000000000000e+00 1.000000000000000000e+00 0.000000000000000000e+00
4.776308634289672811e-03 9.999885933728595022e-01 0.000000000000000000e+00 1.210109548372656274e+00 -9.999885933728595022e-01 4.776308634289675413e-03 0.000000000000000000e+00 -1.863707433969943139e+01 0.000000000000000000e+00 0.000000000000000000e+00 1.000000000000000000e+00 0.000000000000000000e+00
-1.316329303648602900e-02 9.999133601049821074e-01 0.000000000000000000e+00 1.204156615574610623e+00 -9.999133601049821074e-01 -1.316329303648604808e-02 0.000000000000000000e+00 -1.884400574908694281e+01 0.000000000000000000e+00 0.000000000000000000e+00 1.000000000000000000e+00 0.000000000000000000e+00
1.617562131798755062e-02 9.998691660787311086e-01 0.000000000000000000e+00 1.201622475616464847e+00 -9.998691660787311086e-01 1.617562131798757838e-02 0.000000000000000000e+00 -1.905394061573531772e+01 0.000000000000000000e+00 0.000000000000000000e+00 1.000000000000000000e+00 0.000000000000000000e+00
1.432583673535054586e-02 9.998973799354772263e-01 0.000000000000000000e+00 1.202754955159883732e+00 -9.998973799354773373e-01 1.432583673535052851e-02 0.000000000000000000e+00 -1.926698609348616031e+01 0.000000000000000000e+00 0.000000000000000000e+00 1.000000000000000000e+00 0.000000000000000000e+00
-1.503672638460963953e-03 9.999988694836592362e-01 0.000000000000000000e+00 1.199781422729663483e+00 -9.999988694836591252e-01 -1.503672638460981301e-03 0.000000000000000000e+00 -1.948577358879813559e+01 0.000000000000000000e+00 0.000000000000000000e+00 1.000000000000000000e+00 0.000000000000000000e+00
