5.797380295758520347e-02 9.983181046994165087e-01 0.000000000000000000e+00 1.641420000000000379e-01 -9.983181046994165087e-01 5.797380295758517571e-02 0.000000000000000000e+00 2.186059999999999948e-01 0.000000000000000000e+00 0.000000000000000000e+00 1.000000000000000000e+00 0.000000000000000000e+00
6.275506331578915853e-02 9.980289585118417017e-01 0.000000000000000000e+00 1.641420000000000379e-01 -9.980289585118417017e-01 6.275506331578915853e-02 0.000000000000000000e+00 2.186059999999999948e-01 0.000000000000000000e+00 0.000000000000000000e+00 1.000000000000000000e+00 0.000000000000000000e+00
7.056762649864421755e-02 9.975069975144775780e-01 0.000000000000000000e+00 1.641420396866080378e-01 -9.975069975144775780e-01 7.056762649864420367e-02 0.000000000000000000e+00 2.186060917876524456e-01 0.000000000000000000e+00 0.000000000000000000e+00 1.000000000000000000e+00 0.000000000000000000e+00
7.694021212778640040e-02 9.970357083664213027e-01 0.000000000000000000e+00 1.641411614966913624e-01 -9.970357083664211917e-01 7.694021212778638652e-02 0.000000000000000000e+00 2.186065804413848956e-01 0.000000000000000000e+00 0.000000000000000000e+00 1.000000000000000000e+00 0.000000000000000000e+00
7.971167051465946618e-02 9.968179621093122833e-01 0.000000000000000000e+00 1.641402436201666593e-01 -9.968179621093122833e-01 7.971167051465945230e-02 0.000000000000000000e+00 2.186069773074648948e-01 0.000000000000000000e+00 0.000000000000000000e+00 1.000000000000000000e+00 0.000000000000000000e+00
8.242271715909935126e-02 9.965974592061285220e-01 0.000000000000000000e+00 1.641393257436419839e-01 -9.965974592061285220e-01 8.242271715909932350e-02 0.000000000000000000e+00 2.186073741735448661e-01 0.000000000000000000e+00 0.000000000000000000e+00 1.000000000000000000e+00 0.000000000000000000e+00
8.554165836986092619e-02 9.963345947438210226e-01 0.000000000000000000e+00 1.641374503039846333e-01 -9.963345947438210226e-01 8.554165836986092619e-02 0.000000000000000000e+00 2.186080761180523580e-01 0.000000000000000000e+00 0.000000000000000000e+00 1.000000000000000000e+00 0.000000000000000000e+00
8.910798043249021361e-02 9.960219715564727627e-01 0.000000000000000000e+00 1.641364530542439304e-01 -9.960219715564727627e-01 8.910798043249018585e-02 0.000000000000000000e+00 2.186082894088273998e-01 0.000000000000000000e+00 0.000000000000000000e+00 1.000000000000000000e+00 0.000000000000000000e+00
9.312121451687427331e-02 9.956547792316884360e-01 0.000000000000000000e+00 1.641345379279785799e-01 -9.956547792316884360e-01 9.312121451687425944e-02 0.000000000000000000e+00 2.186088995656824407e-01 0.000000000000000000e+00 0.000000000000000000e+00 1.000000000000000000e+00 0.000000000000000000e+00
5.837562174863306641e-01 8.119289861472195335e-01 0.000000000000000000e+00 2.082099571786105441e-01 -8.119289861472195335e-01 5.837562174863307751e-01 0.000000000000000000e+00 2.091366681405628647e-01 0.000000000000000000e+00 0.000000000000000000e+00 1.000000000000000000e+00 0.000000000000000000e+00
5.995440770304987232e-01 8.003417393199280250e-01 0.000000000000000000e+00 3.480956053932110494e-01 -8.003417393199279140e-01 5.995440770304987232e-01 0.000000000000000000e+00 5.111729957386015877e-02 0.000000000000000000e+00 0.000000000000000000e+00 1.000000000000000000e+00 0.000000000000000000e+00
1.974600980431218400e-01 9.803109250032873145e-01 0.000000000000000000e+00 4.074404009269104177e-01 -9.803109250032873145e-01 1.974600980431218122e-01 0.000000000000000000e+00 -1.516400772260773355e-01 0.000000000000000000e+00 0.000000000000000000e+00 1.000000000000000000e+00 0.000000000000000000e+00
-9.053549518856247175e-03 9.999590157807016766e-01 0.000000000000000000e+00 4.090040617621561458e-01 -9.999590157807016766e-01 -9.053549518856241970e-03 0.000000000000000000e+00 -3.846273671236001279e-01 0.000000000000000000e+00 0.000000000000000000e+00 1.000000000000000000e+00 0.000000000000000000e+00
4.401210534032906629e-02 9.990309978091329590e-01 0.000000000000000000e+00 4.128843778421401600e-01 -9.990309978091329590e-01 4.401210534032904548e-02 0.000000000000000000e+00 -5.950619524277259709e-01 0.000000000000000000e+00 0.000000000000000000e+00 1.000000000000000000e+00 0.000000000000000000e+00
4.991557553922935930e-02 9.987534407042548690e-01 0.000000000000000000e+00 4.231871435868600484e-01 -9.987534407042548690e-01 4.991557553922934543e-02 0.000000000000000000e+00 -8.182388316110531523e-01 0.000000000000000000e+00 0.000000000000000000e+00 1.000000000000000000e+00 0.000000000000000000e+00
-3.393666690941521923e-03 9.999942414966151993e-01 0.000000000000000000e+00 4.219688094679761581e-01 -9.999942414966153104e-01 -3.393666690941558352e-03 0.000000000000000000e+00 -1.025561362907038143e+00 0.000000000000000000e+00 0.000000000000000000e+00 1.000000000000000000e+00 0.000000000000000000e+00
-4.184145488642550953e-02 9.991242628687320160e-01 0.000000000000000000e+00 4.182206828684837396e-01 -9.991242628687320160e-01 -4.184145488642546096e-02 0.000000000000000000e+00 -1.080721827662098011e+00 0.000000000000000000e+00 0.000000000000000000e+00 1.000000000000000000e+00 0.000000000000000000e+00
-1.284332009275284195e-02 9.999175211631183835e-01 0.000000000000000000e+00 4.219117915316566991e-01 -9.999175211631183835e-01 -1.284332009275283848e-02 0.000000000000000000e+00 -9.914776624923983261e-01 0.000000000000000000e+00 0.000000000000000000e+00 1.000000000000000000e+00 0.000000000000000000e+00
2.139469428254486480e-02 9.997711073323515274e-01 0.000000000000000000e+00 4.229645121900187377e-01 -9.997711073323515274e-01 2.139469428254487868e-02 0.000000000000000000e+00 -7.876450054322120531e-01 0.000000000000000000e+00 0.000000000000000000e+00 1.000000000000000000e+00 0.000000000000000000e+00
2.454386191818497959e-02 9.996987540465084310e-01 0.000000000000000000e+00 4.188294593126608012e-01 -9.996987540465083200e-01 2.454386191818496224e-02 0.000000000000000000e+00 -5.849052498964478763e-01 0.000000000000000000e+00 0.000000000000000000e+00 1.000000000000000000e+00 0.000000000000000000e+00
-9.122666096637961630e-02 9.958301543581241644e-01 0.000000000000000000e+00 3.939075082336091493e-01 -9.958301543581241644e-01 -9.122666096637963018e-02 0.000000000000000000e+00 -8.445930363909485150e-01 0.000000000000000000e+00 0.000000000000000000e+00 1.000000000000000000e+00 0.000000000000000000e+00
-8.249980014836784392e-02 9.965910811237873590e-01 0.000000000000000000e+00 3.678897862358788684e-01 -9.965910811237874700e-01 -8.249980014836783004e-02 0.000000000000000000e+00 -1.120983642141304637e+00 0.000000000000000000e+00 0.000000000000000000e+00 1.000000000000000000e+00 0.000000000000000000e+00
-6.422942879549579931e-02 9.979351584529950747e-01 0.000000000000000000e+00 3.485213403677870359e-01 -9.979351584529950747e-01 -6.422942879549579931e-02 0.000000000000000000e+00 -1.359428917652593993e+00 0.000000000000000000e+00 0.000000000000000000e+00 1.000000000000000000e+00 0.000000000000000000e+00
8.056239646667778115e-03 9.999675479748107998e-01 0.000000000000000000e+00 3.435599719020631104e-01 -9.999675479748107998e-01 8.056239646667802401e-03 0.000000000000000000e+00 -1.562943220636309194e+00 0.000000000000000000e+00 0.000000000000000000e+00 1.000000000000000000e+00 0.000000000000000000e+00
-1.129222984901694371e-01 9.936038217034478537e-01 0.000000000000000000e+00 3.636745146193787193e-01 -9.936038217034478537e-01 -1.129222984901694510e-01 0.000000000000000000e+00 -1.276567860538284416e+00 0.000000000000000000e+00 0.000000000000000000e+00 1.000000000000000000e+00 0.000000000000000000e+00
-2.156853770793770997e-01 9.764629117965141214e-01 0.000000000000000000e+00 3.956231250073170558e-01 -9.764629117965141214e-01 -2.156853770793770719e-01 0.000000000000000000e+00 -1.048551700840600454e+00 0.000000000000000000e+00 0.000000000000000000e+00 1.000000000000000000e+00 0.000000000000000000e+00
-1.894811267885854189e-01 9.818843631461536825e-01 0.000000000000000000e+00 3.477635275093810541e-01 -9.818843631461537935e-01 -1.894811267885854189e-01 0.000000000000000000e+00 -1.278894392331638485e+00 0.000000000000000000e+00 0.000000000000000000e+00 1.000000000000000000e+00 0.000000000000000000e+00
-1.629537401520152196e-01 9.866337104368922972e-01 0.000000000000000000e+00 3.130436641434093392e-01 -9.866337104368924082e-01 -1.629537401520152196e-01 0.000000000000000000e+00 -1.476710611666273154e+00 0.000000000000000000e+00 0.000000000000000000e+00 1.000000000000000000e+00 0.000000000000000000e+00
-1.665933008856078645e-01 9.860256954562784948e-01 0.000000000000000000e+00 3.585880471601031738e-01 -9.860256954562783838e-01 -1.665933008856078645e-01 0.000000000000000000e+00 -1.238143687511585211e+00 0.000000000000000000e+00 0.000000000000000000e+00 1.000000000000000000e+00 0.000000000000000000e+00
-1.700532177481120510e-01 9.854348802095007631e-01 0.000000000000000000e+00 3.974537047788434529e-01 -9.854348802095007631e-01 -1.700532177481120510e-01 0.000000000000000000e+00 -1.019770591103481561e+00 0.000000000000000000e+00 0.000000000000000000e+00 1.000000000000000000e+00 0.000000000000000000e+00
-1.461780138983884980e-01 9.892583020893596091e-01 0.000000000000000000e+00 4.341912751234996981e-01 -9.892583020893596091e-01 -1.461780138983885258e-01 0.000000000000000000e+00 -8.120366537577233812e-01 0.000000000000000000e+00 0.000000000000000000e+00 1.000000000000000000e+00 0.000000000000000000e+00
-1.300740592897293435e-01 9.915042809286765957e-01 0.000000000000000000e+00 4.345036674915936925e-01 -9.915042809286765957e-01 -1.300740592897293713e-01 0.000000000000000000e+00 -8.115006099084380864e-01 0.000000000000000000e+00 0.000000000000000000e+00 1.000000000000000000e+00 0.000000000000000000e+00
-1.172831171337322120e-01 9.930985200046343886e-01 0.000000000000000000e+00 4.123022977236956432e-01 -9.930985200046344996e-01 -1.172831171337322259e-01 0.000000000000000000e+00 -9.742610960880667692e-01 0.000000000000000000e+00 0.000000000000000000e+00 1.000000000000000000e+00 0.000000000000000000e+00
-8.986228847003410736e-02 9.959542003078898365e-01 0.000000000000000000e+00 3.879621122457067584e-01 -9.959542003078898365e-01 -8.986228847003409348e-02 0.000000000000000000e+00 -1.193897616450453336e+00 0.000000000000000000e+00 0.000000000000000000e+00 1.000000000000000000e+00 0.000000000000000000e+00
-9.077852817534329266e-02 9.958711055263720358e-01 0.000000000000000000e+00 3.665421672152653909e-01 -9.958711055263720358e-01 -9.077852817534332042e-02 0.000000000000000000e+00 -1.403761519930525115e+00 0.000000000000000000e+00 0.000000000000000000e+00 1.000000000000000000e+00 0.000000000000000000e+00
-9.250124848301964631e-02 9.957125684800220977e-01 0.000000000000000000e+00 3.422581090687660810e-01 -9.957125684800220977e-01 -9.250124848301968794e-02 0.000000000000000000e+00 -1.652479593547898862e+00 0.000000000000000000e+00 0.000000000000000000e+00 1.000000000000000000e+00 0.000000000000000000e+00
-2.970518735295427648e-01 9.548613430402284052e-01 0.000000000000000000e+00 2.896662902489546831e-01 -9.548613430402282942e-01 -2.970518735295427648e-01 0.000000000000000000e+00 -1.879316303527179155e+00 0.000000000000000000e+00 0.000000000000000000e+00 1.000000000000000000e+00 0.000000000000000000e+00
-4.890965632215470982e-01 8.722296439842384119e-01 0.000000000000000000e+00 1.744560303348142716e-01 -8.722296439842383009e-01 -4.890965632215470982e-01 0.000000000000000000e+00 -2.076823213116480105e+00 0.000000000000000000e+00 0.000000000000000000e+00 1.000000000000000000e+00 0.000000000000000000e+00
-3.620849743789628095e-01 9.321450913505825442e-01 0.000000000000000000e+00 8.556422931868590265e-02 -9.321450913505825442e-01 -3.620849743789628095e-01 0.000000000000000000e+00 -2.275337778516878462e+00 0.000000000000000000e+00 0.000000000000000000e+00 1.000000000000000000e+00 0.000000000000000000e+00
-3.373726994573270077e-02 9.994307362777116177e-01 0.000000000000000000e+00 5.112281045101962906e-02 -9.994307362777116177e-01 -3.373726994573272159e-02 0.000000000000000000e+00 -2.530471625835069460e+00 0.000000000000000000e+00 0.000000000000000000e+00 1.000000000000000000e+00 0.000000000000000000e+00
-1.817267281423055880e-02 9.998348633463363111e-01 0.000000000000000000e+00 5.006128606462750819e-02 -9.998348633463363111e-01 -1.817267281423059350e-02 0.000000000000000000e+00 -2.785384689505759237e+00 0.000000000000000000e+00 0.000000000000000000e+00 1.000000000000000000e+00 0.000000000000000000e+00
-3.423698107589134842e-02 9.994137427146021491e-01 0.000000000000000000e+00 1.126163558733576375e-01 -9.994137427146021491e-01 -3.423698107589134842e-02 0.000000000000000000e+00 -2.434516129299483467e+00 0.000000000000000000e+00 0.000000000000000000e+00 1.000000000000000000e+00 0.000000000000000000e+00
7.856245977281387308e-03 9.999691392233784892e-01 0.000000000000000000e+00 1.205994889384902902e-01 -9.999691392233784892e-01 7.856245977281385573e-03 0.000000000000000000e+00 -2.160893524819399669e+00 0.000000000000000000e+00 0.000000000000000000e+00 1.000000000000000000e+00 0.000000000000000000e+00
1.883521293723968912e-02 9.998226016417157691e-01 0.000000000000000000e+00 1.199875610631089828e-01 -9.998226016417156581e-01 1.883521293723965095e-02 0.000000000000000000e+00 -1.861514636670493106e+00 0.000000000000000000e+00 0.000000000000000000e+00 1.000000000000000000e+00 0.000000000000000000e+00
1.910516434985957968e-02 9.998174796907508544e-01 0.000000000000000000e+00 1.178653417986351426e-01 -9.998174796907507433e-01 1.910516434985956580e-02 0.000000000000000000e+00 -1.599625122801775268e+00 0.000000000000000000e+00 0.000000000000000000e+00 1.000000000000000000e+00 0.000000000000000000e+00
5.545785991810208565e-02 9.984610286702751969e-01 0.000000000000000000e+00 1.164289721473181216e-01 -9.984610286702753079e-01 5.545785991810208565e-02 0.000000000000000000e+00 -1.395065967682223684e+00 0.000000000000000000e+00 0.000000000000000000e+00 1.000000000000000000e+00 0.000000000000000000e+00
-1.285767401035740609e-01 9.916995623193236575e-01 0.000000000000000000e+00 7.372149470000699534e-02 -9.916995623193236575e-01 -1.285767401035740887e-01 0.000000000000000000e+00 -1.630763084911279748e+00 0.000000000000000000e+00 0.000000000000000000e+00 1.000000000000000000e+00 0.000000000000000000e+00
-2.561079177550740771e-01 9.666481958102235428e-01 0.000000000000000000e+00 1.990981189937468532e-02 -9.666481958102235428e-01 -2.561079177550741326e-01 0.000000000000000000e+00 -1.843813493252038693e+00 0.000000000000000000e+00 0.000000000000000000e+00 1.000000000000000000e+00 0.000000000000000000e+00
-2.776179225203244116e-01 9.606915681401076990e-01 0.000000000000000000e+00 -4.511850697965424928e-02 -9.606915681401076990e-01 -2.776179225203244116e-01 0.000000000000000000e+00 -2.053299694095357175e+00 0.000000000000000000e+00 0.000000000000000000e+00 1.000000000000000000e+00 0.000000000000000000e+00
-3.792482090724904609e-01 9.252949777856295244e-01 0.000000000000000000e+00 -1.276673327376143252e-01 -9.252949777856295244e-01 -3.792482090724904609e-01 0.000000000000000000e+00 -2.268741712490057072e+00 0.000000000000000000e+00 0.000000000000000000e+00 1.000000000000000000e+00 0.000000000000000000e+00
-5.026778610749556009e-01 8.644738098896389555e-01 0.000000000000000000e+00 -2.387391116981135708e-01 -8.644738098896389555e-01 -5.026778610749556009e-01 0.000000000000000000e+00 -2.462459901926541850e+00 0.000000000000000000e+00 0.000000000000000000e+00 1.000000000000000000e+00 0.000000000000000000e+00
-4.336807602685999741e-01 9.010665892001817889e-01 0.000000000000000000e+00 -3.439348630650388428e-01 -9.010665892001817889e-01 -4.336807602685999741e-01 0.000000000000000000e+00 -2.658827680900965884e+00 0.000000000000000000e+00 0.000000000000000000e+00 1.000000000000000000e+00 0.000000000000000000e+00
-3.827153905208718898e-01 9.238662943621531731e-01 0.000000000000000000e+00 -4.319155495552491342e-01 -9.238662943621530621e-01 -3.827153905208718898e-01 0.000000000000000000e+00 -2.859969604541243271e+00 0.000000000000000000e+00 0.000000000000000000e+00 1.000000000000000000e+00 0.000000000000000000e+00
-3.613204937567531250e-01 9.324416876091374817e-01 0.000000000000000000e+00 -5.143196474983029454e-01 -9.324416876091374817e-01 -3.613204937567531250e-01 0.000000000000000000e+00 -3.063370174939144430e+00 0.000000000000000000e+00 0.000000000000000000e+00 1.000000000000000000e+00 0.000000000000000000e+00
-3.521747203743638144e-01 9.359342745776750849e-01 0.000000000000000000e+00 -5.973564794355968877e-01 -9.359342745776750849e-01 -3.521747203743638144e-01 0.000000000000000000e+00 -3.269133687717328041e+00 0.000000000000000000e+00 0.000000000000000000e+00 1.000000000000000000e+00 0.000000000000000000e+00
-3.456427568518993798e-01 9.383661783311558757e-01 0.000000000000000000e+00 -6.772695794363193800e-01 -9.383661783311559867e-01 -3.456427568518994353e-01 0.000000000000000000e+00 -3.475735769984846790e+00 0.000000000000000000e+00 0.000000000000000000e+00 1.000000000000000000e+00 0.000000000000000000e+00
-3.304814798798313413e-01 9.438124768493137973e-01 0.000000000000000000e+00 -7.521039760329079060e-01 -9.438124768493139083e-01 -3.304814798798313413e-01 0.000000000000000000e+00 -3.680862234506186326e+00 0.000000000000000000e+00 0.000000000000000000e+00 1.000000000000000000e+00 0.000000000000000000e+00
-3.154906564512508504e-01 9.489286831432376390e-01 0.000000000000000000e+00 -8.261913800318035905e-01 -9.489286831432375280e-01 -3.154906564512508504e-01 0.000000000000000000e+00 -3.896716128871575258e+00 0.000000000000000000e+00 0.000000000000000000e+00 1.000000000000000000e+00 0.000000000000000000e+00
-3.635200478919584643e-01 9.315863753730130314e-01 0.000000000000000000e+00 -9.067136266573071479e-01 -9.315863753730130314e-01 -3.635200478919584088e-01 0.000000000000000000e+00 -4.107619716037326896e+00 0.000000000000000000e+00 0.000000000000000000e+00 1.000000000000000000e+00 0.000000000000000000e+00
-4.112305868997176428e-01 9.115313512974272392e-01 0.000000000000000000e+00 -9.991947939298152503e-01 -9.115313512974272392e-01 -4.112305868997176983e-01 0.000000000000000000e+00 -4.309681057280312366e+00 0.000000000000000000e+00 0.000000000000000000e+00 1.000000000000000000e+00 0.000000000000000000e+00
-4.018110092499076469e-01 9.157226178519184412e-01 0.000000000000000000e+00 -1.090546913574218735e+00 -9.157226178519184412e-01 -4.018110092499076469e-01 0.000000000000000000e+00 -4.510411152695710690e+00 0.000000000000000000e+00 0.000000000000000000e+00 1.000000000000000000e+00 0.000000000000000000e+00
-3.775542851762658247e-01 9.259874522611193370e-01 0.000000000000000000e+00 -1.177681700858864922e+00 -9.259874522611194481e-01 -3.775542851762658247e-01 0.000000000000000000e+00 -4.710687718875728791e+00 0.000000000000000000e+00 0.000000000000000000e+00 1.000000000000000000e+00 0.000000000000000000e+00
-3.629983025490745585e-01 9.317898005164526598e-01 0.000000000000000000e+00 -1.262808425434946091e+00 -9.317898005164525488e-01 -3.629983025490745585e-01 0.000000000000000000e+00 -4.916822297360145200e+00 0.000000000000000000e+00 0.000000000000000000e+00 1.000000000000000000e+00 0.000000000000000000e+00
-3.587175785468787459e-01 9.334461413715651190e-01 0.000000000000000000e+00 -1.347218004646356881e+00 -9.334461413715651190e-01 -3.587175785468786904e-01 0.000000000000000000e+00 -5.127025626454507545e+00 0.000000000000000000e+00 0.000000000000000000e+00 1.000000000000000000e+00 0.000000000000000000e+00
-4.540393040892991561e-01 8.909816554464546901e-01 0.000000000000000000e+00 -1.449055338701735973e+00 -8.909816554464546901e-01 -4.540393040892991561e-01 0.000000000000000000e+00 -5.336088840599161109e+00 0.000000000000000000e+00 0.000000000000000000e+00 1.000000000000000000e+00 0.000000000000000000e+00
-5.245391023714244261e-01 8.513863577033522478e-01 0.000000000000000000e+00 -1.559266769545684550e+00 -8.513863577033522478e-01 -5.245391023714244261e-01 0.000000000000000000e+00 -5.513510113605892826e+00 0.000000000000000000e+00 0.000000000000000000e+00 1.000000000000000000e+00 0.000000000000000000e+00
-4.978289510738426182e-01 8.672752362847204743e-01 0.000000000000000000e+00 -1.675583493151132419e+00 -8.672752362847204743e-01 -4.978289510738426182e-01 0.000000000000000000e+00 -5.706986940925584229e+00 0.000000000000000000e+00 0.000000000000000000e+00 1.000000000000000000e+00 0.000000000000000000e+00
-4.841606853807736144e-01 8.749791030256777180e-01 0.000000000000000000e+00 -1.787470610589763975e+00 -8.749791030256777180e-01 -4.841606853807735589e-01 0.000000000000000000e+00 -5.900025757735245513e+00 0.000000000000000000e+00 0.000000000000000000e+00 1.000000000000000000e+00 0.000000000000000000e+00
-4.703114594608724941e-01 8.825004992065353937e-01 0.000000000000000000e+00 -1.893876565429803982e+00 -8.825004992065353937e-01 -4.703114594608724941e-01 0.000000000000000000e+00 -6.090401130802718832e+00 0.000000000000000000e+00 0.000000000000000000e+00 1.000000000000000000e+00 0.000000000000000000e+00
-4.563276249818477015e-01 8.898118332987184909e-01 0.000000000000000000e+00 -1.998976811431384171e+00 -8.898118332987183798e-01 -4.563276249818477015e-01 0.000000000000000000e+00 -6.287245992291169649e+00 0.000000000000000000e+00 0.000000000000000000e+00 1.000000000000000000e+00 0.000000000000000000e+00
-4.443724932045948761e-01 8.958421106886705898e-01 0.000000000000000000e+00 -2.101261765039172502e+00 -8.958421106886705898e-01 -4.443724932045948761e-01 0.000000000000000000e+00 -6.485133798043450248e+00 0.000000000000000000e+00 0.000000000000000000e+00 1.000000000000000000e+00 0.000000000000000000e+00
-4.399236684286285670e-01 8.980351696655861637e-01 0.000000000000000000e+00 -2.201995269728132421e+00 -8.980351696655862748e-01 -4.399236684286285670e-01 0.000000000000000000e+00 -6.687015297230669120e+00 0.000000000000000000e+00 0.000000000000000000e+00 1.000000000000000000e+00 0.000000000000000000e+00
-4.135718618260363910e-01 9.104714795674524463e-01 0.000000000000000000e+00 -2.294576590952162931e+00 -9.104714795674524463e-01 -4.135718618260363910e-01 0.000000000000000000e+00 -6.882845138318316458e+00 0.000000000000000000e+00 0.000000000000000000e+00 1.000000000000000000e+00 0.000000000000000000e+00
-3.990161906736917063e-01 9.169438802785349063e-01 0.000000000000000000e+00 -2.387188565556535913e+00 -9.169438802785349063e-01 -3.990161906736917063e-01 0.000000000000000000e+00 -7.085405552143128283e+00 0.000000000000000000e+00 0.000000000000000000e+00 1.000000000000000000e+00 0.000000000000000000e+00
-3.985851829944900282e-01 9.171313166047972976e-01 0.000000000000000000e+00 -2.477532348322766254e+00 -9.171313166047972976e-01 -3.985851829944900282e-01 0.000000000000000000e+00 -7.286822204723018004e+00 0.000000000000000000e+00 0.000000000000000000e+00 1.000000000000000000e+00 0.000000000000000000e+00
-4.123332385243342335e-01 9.110330951222542772e-01 0.000000000000000000e+00 -2.571225568296922059e+00 -9.110330951222543883e-01 -4.123332385243342890e-01 0.000000000000000000e+00 -7.489688640524692076e+00 0.000000000000000000e+00 0.000000000000000000e+00 1.000000000000000000e+00 0.000000000000000000e+00
-4.119050074431858111e-01 9.112267911136223697e-01 0.000000000000000000e+00 -2.665191377864390088e+00 -9.112267911136223697e-01 -4.119050074431858111e-01 0.000000000000000000e+00 -7.694354684870914340e+00 0.000000000000000000e+00 0.000000000000000000e+00 1.000000000000000000e+00 0.000000000000000000e+00
-4.387109204374485816e-01 8.986282481031445668e-01 0.000000000000000000e+00 -2.766702291178622541e+00 -8.986282481031445668e-01 -4.387109204374485261e-01 0.000000000000000000e+00 -7.901619776244523052e+00 0.000000000000000000e+00 0.000000000000000000e+00 1.000000000000000000e+00 0.000000000000000000e+00
-4.529608841698481991e-01 8.915303906273018830e-01 0.000000000000000000e+00 -2.870561898304021309e+00 -8.915303906273018830e-01 -4.529608841698481991e-01 0.000000000000000000e+00 -8.099349688680042902e+00 0.000000000000000000e+00 0.000000000000000000e+00 1.000000000000000000e+00 0.000000000000000000e+00
-4.524704739693927169e-01 8.917793842570668206e-01 0.000000000000000000e+00 -2.973992559818015913e+00 -8.917793842570668206e-01 -4.524704739693927169e-01 0.000000000000000000e+00 -8.294225441578594982e+00 0.000000000000000000e+00 0.000000000000000000e+00 1.000000000000000000e+00 0.000000000000000000e+00
-4.523277834768981709e-01 8.918517681178170786e-01 0.000000000000000000e+00 -3.075632041427969199e+00 -8.918517681178169676e-01 -4.523277834768981709e-01 0.000000000000000000e+00 -8.489995496188742052e+00 0.000000000000000000e+00 0.000000000000000000e+00 1.000000000000000000e+00 0.000000000000000000e+00
-4.931471287140644089e-01 8.699459232855073498e-01 0.000000000000000000e+00 -3.188605673963253562e+00 -8.699459232855074609e-01 -4.931471287140644089e-01 0.000000000000000000e+00 -8.688175308421930865e+00 0.000000000000000000e+00 0.000000000000000000e+00 1.000000000000000000e+00 0.000000000000000000e+00
-5.055969055951082813e-01 8.627698239117147505e-01 0.000000000000000000e+00 -3.301385587866345173e+00 -8.627698239117147505e-01 -5.055969055951082813e-01 0.000000000000000000e+00 -8.874759748772705237e+00 0.000000000000000000e+00 0.000000000000000000e+00 1.000000000000000000e+00 0.000000000000000000e+00
-4.654594684585517950e-01 8.850691968554110778e-01 0.000000000000000000e+00 -3.407673466819888919e+00 -8.850691968554110778e-01 -4.654594684585517950e-01 0.000000000000000000e+00 -9.065534805571429544e+00 0.000000000000000000e+00 0.000000000000000000e+00 1.000000000000000000e+00 0.000000000000000000e+00
-4.634757473713136955e-01 8.861096047321697089e-01 0.000000000000000000e+00 -3.516315950306355909e+00 -8.861096047321698199e-01 -4.634757473713136955e-01 0.000000000000000000e+00 -9.263310299963158911e+00 0.000000000000000000e+00 0.000000000000000000e+00 1.000000000000000000e+00 0.000000000000000000e+00
-4.503378309924189193e-01 8.928582406950409389e-01 0.000000000000000000e+00 -3.619055715041155974e+00 -8.928582406950409389e-01 -4.503378309924189193e-01 0.000000000000000000e+00 -9.461186667238884240e+00 0.000000000000000000e+00 0.000000000000000000e+00 1.000000000000000000e+00 0.000000000000000000e+00
-4.361750477353286137e-01 8.998618381357683660e-01 0.000000000000000000e+00 -3.720003302758127184e+00 -8.998618381357683660e-01 -4.361750477353285582e-01 0.000000000000000000e+00 -9.660055819756625084e+00 0.000000000000000000e+00 0.000000000000000000e+00 1.000000000000000000e+00 0.000000000000000000e+00
-4.219849759675778356e-01 9.066028237644325749e-01 0.000000000000000000e+00 -3.817591726518978490e+00 -9.066028237644325749e-01 -4.219849759675778356e-01 0.000000000000000000e+00 -9.860050546579289588e+00 0.000000000000000000e+00 0.000000000000000000e+00 1.000000000000000000e+00 0.000000000000000000e+00
-4.200892558094045937e-01 9.074827916569552233e-01 0.000000000000000000e+00 -3.910393199428759736e+00 -9.074827916569552233e-01 -4.200892558094045937e-01 0.000000000000000000e+00 -1.005557820024949400e+01 0.000000000000000000e+00 0.000000000000000000e+00 1.000000000000000000e+00 0.000000000000000000e+00
-4.057357497512454336e-01 9.139904273972428994e-01 0.000000000000000000e+00 -4.002857944015283387e+00 -9.139904273972428994e-01 -4.057357497512454336e-01 0.000000000000000000e+00 -1.025865985041402517e+01 0.000000000000000000e+00 0.000000000000000000e+00 1.000000000000000000e+00 0.000000000000000000e+00
-4.810777658291917058e-01 8.766779244538974725e-01 0.000000000000000000e+00 -4.110180968432065818e+00 -8.766779244538973614e-01 -4.810777658291917058e-01 0.000000000000000000e+00 -1.046512240492143420e+01 0.000000000000000000e+00 0.000000000000000000e+00 1.000000000000000000e+00 0.000000000000000000e+00
-5.711397439996885872e-01 8.208528448047006654e-01 0.000000000000000000e+00 -4.236970435606469465e+00 -8.208528448047007764e-01 -5.711397439996885872e-01 0.000000000000000000e+00 -1.064344874487936288e+01 0.000000000000000000e+00 0.000000000000000000e+00 1.000000000000000000e+00 0.000000000000000000e+00
-5.690118218783694060e-01 8.223293419078872013e-01 0.000000000000000000e+00 -4.362711982266762156e+00 -8.223293419078872013e-01 -5.690118218783694060e-01 0.000000000000000000e+00 -1.081797924106120057e+01 0.000000000000000000e+00 0.000000000000000000e+00 1.000000000000000000e+00 0.000000000000000000e+00
-5.563557657104010179e-01 8.309441990656133425e-01 0.000000000000000000e+00 -4.491822127505206375e+00 -8.309441990656132315e-01 -5.563557657104010179e-01 0.000000000000000000e+00 -1.100576110293351739e+01 0.000000000000000000e+00 0.000000000000000000e+00 1.000000000000000000e+00 0.000000000000000000e+00
-5.434182100907731794e-01 8.394621188247509691e-01 0.000000000000000000e+00 -4.615658529258816145e+00 -8.394621188247510801e-01 -5.434182100907731794e-01 0.000000000000000000e+00 -1.119124741628738207e+01 0.000000000000000000e+00 0.000000000000000000e+00 1.000000000000000000e+00 0.000000000000000000e+00
-5.306469592862425033e-01 8.475929474696359822e-01 0.000000000000000000e+00 -4.733238309360361384e+00 -8.475929474696359822e-01 -5.306469592862425033e-01 0.000000000000000000e+00 -1.137475420511679403e+01 0.000000000000000000e+00 0.000000000000000000e+00 1.000000000000000000e+00 0.000000000000000000e+00
-5.177711866077127079e-01 8.555191396566420581e-01 0.000000000000000000e+00 -4.849134083879559576e+00 -8.555191396566421691e-01 -5.177711866077125968e-01 0.000000000000000000e+00 -1.155964279711909981e+01 0.000000000000000000e+00 0.000000000000000000e+00 1.000000000000000000e+00 0.000000000000000000e+00
-5.048115758213238546e-01 8.632295598024849470e-01 0.000000000000000000e+00 -4.964676793125166299e+00 -8.632295598024849470e-01 -5.048115758213238546e-01 0.000000000000000000e+00 -1.175034929543833861e+01 0.000000000000000000e+00 0.000000000000000000e+00 1.000000000000000000e+00 0.000000000000000000e+00
-4.918329486568229214e-01 8.706895833852240640e-01 0.000000000000000000e+00 -5.079866872932055522e+00 -8.706895833852240640e-01 -4.918329486568229214e-01 0.000000000000000000e+00 -1.194709140586232010e+01 0.000000000000000000e+00 0.000000000000000000e+00 1.000000000000000000e+00 0.000000000000000000e+00
-4.787265441587200132e-01 8.779640629990781431e-01 0.000000000000000000e+00 -5.188253862998022825e+00 -8.779640629990781431e-01 -4.787265441587200132e-01 0.000000000000000000e+00 -1.214045606369937147e+01 0.000000000000000000e+00 0.000000000000000000e+00 1.000000000000000000e+00 0.000000000000000000e+00
-4.656364729875534514e-01 8.849760872609561124e-01 0.000000000000000000e+00 -5.293093709247422396e+00 -8.849760872609561124e-01 -4.656364729875534514e-01 0.000000000000000000e+00 -1.233328441962090594e+01 0.000000000000000000e+00 0.000000000000000000e+00 1.000000000000000000e+00 0.000000000000000000e+00
-4.386210554192334077e-01 8.986721147019739453e-01 0.000000000000000000e+00 -5.392056807970288190e+00 -8.986721147019739453e-01 -4.386210554192334077e-01 0.000000000000000000e+00 -1.252473163307717030e+01 0.000000000000000000e+00 0.000000000000000000e+00 1.000000000000000000e+00 0.000000000000000000e+00
-4.489354891116595914e-01 8.935641703963262961e-01 0.000000000000000000e+00 -5.496393605418350425e+00 -8.935641703963264071e-01 -4.489354891116595914e-01 0.000000000000000000e+00 -1.272692905202034552e+01 0.000000000000000000e+00 0.000000000000000000e+00 1.000000000000000000e+00 0.000000000000000000e+00
-4.401840801253911750e-01 8.979075540411514122e-01 0.000000000000000000e+00 -5.594035681878635202e+00 -8.979075540411514122e-01 -4.401840801253911750e-01 0.000000000000000000e+00 -1.292297848463499044e+01 0.000000000000000000e+00 0.000000000000000000e+00 1.000000000000000000e+00 0.000000000000000000e+00
-4.507395715904668476e-01 8.926554982760384060e-01 0.000000000000000000e+00 -5.697568201573639080e+00 -8.926554982760384060e-01 -4.507395715904668476e-01 0.000000000000000000e+00 -1.312541470537031962e+01 0.000000000000000000e+00 0.000000000000000000e+00 1.000000000000000000e+00 0.000000000000000000e+00
-5.103602676193639276e-01 8.599606951689660050e-01 0.000000000000000000e+00 -5.811418333391280555e+00 -8.599606951689661161e-01 -5.103602676193639276e-01 0.000000000000000000e+00 -1.331914091984349291e+01 0.000000000000000000e+00 0.000000000000000000e+00 1.000000000000000000e+00 0.000000000000000000e+00
-5.763160931353704663e-01 8.172268722901756544e-01 0.000000000000000000e+00 -5.939238070131956704e+00 -8.172268722901756544e-01 -5.763160931353704663e-01 0.000000000000000000e+00 -1.349832916326516496e+01 0.000000000000000000e+00 0.000000000000000000e+00 1.000000000000000000e+00 0.000000000000000000e+00
-5.725835596796868820e-01 8.198463680376578688e-01 0.000000000000000000e+00 -6.071312184538403933e+00 -8.198463680376577578e-01 -5.725835596796868820e-01 0.000000000000000000e+00 -1.367981791416932680e+01 0.000000000000000000e+00 0.000000000000000000e+00 1.000000000000000000e+00 0.000000000000000000e+00
-5.533857558754278205e-01 8.329250897854989510e-01 0.000000000000000000e+00 -6.198147726610732988e+00 -8.329250897854989510e-01 -5.533857558754278205e-01 0.000000000000000000e+00 -1.386161064023728251e+01 0.000000000000000000e+00 0.000000000000000000e+00 1.000000000000000000e+00 0.000000000000000000e+00
-5.549257194314648478e-01 8.318999013784478258e-01 0.000000000000000000e+00 -6.322734081569495679e+00 -8.318999013784478258e-01 -5.549257194314648478e-01 0.000000000000000000e+00 -1.404372217397166445e+01 0.000000000000000000e+00 0.000000000000000000e+00 1.000000000000000000e+00 0.000000000000000000e+00
-5.362885584207088829e-01 8.440347043262130811e-01 0.000000000000000000e+00 -6.440240042546873767e+00 -8.440347043262130811e-01 -5.362885584207088829e-01 0.000000000000000000e+00 -1.422573562066114050e+01 0.000000000000000000e+00 0.000000000000000000e+00 1.000000000000000000e+00 0.000000000000000000e+00
-5.324088034506554434e-01 8.464873690777915405e-01 0.000000000000000000e+00 -6.564493453075905371e+00 -8.464873690777915405e-01 -5.324088034506554434e-01 0.000000000000000000e+00 -1.441866792830530919e+01 0.000000000000000000e+00 0.000000000000000000e+00 1.000000000000000000e+00 0.000000000000000000e+00
-5.272693454368608812e-01 8.496982036950438966e-01 0.000000000000000000e+00 -6.684163542722011186e+00 -8.496982036950438966e-01 -5.272693454368608812e-01 0.000000000000000000e+00 -1.460835248385238572e+01 0.000000000000000000e+00 0.000000000000000000e+00 1.000000000000000000e+00 0.000000000000000000e+00
-5.294937424907985024e-01 8.483138432579583332e-01 0.000000000000000000e+00 -6.803973288220204196e+00 -8.483138432579583332e-01 -5.294937424907985024e-01 0.000000000000000000e+00 -1.479666929043018087e+01 0.000000000000000000e+00 0.000000000000000000e+00 1.000000000000000000e+00 0.000000000000000000e+00
-5.385991974980844921e-01 8.425621071792983585e-01 0.000000000000000000e+00 -6.926270928051609488e+00 -8.425621071792983585e-01 -5.385991974980844921e-01 0.000000000000000000e+00 -1.498184040061659061e+01 0.000000000000000000e+00 0.000000000000000000e+00 1.000000000000000000e+00 0.000000000000000000e+00
-5.408973821317653030e-01 8.410885934329409563e-01 0.000000000000000000e+00 -7.046399869805536120e+00 -8.410885934329409563e-01 -5.408973821317653030e-01 0.000000000000000000e+00 -1.516348236803899674e+01 0.000000000000000000e+00 0.000000000000000000e+00 1.000000000000000000e+00 0.000000000000000000e+00
-5.433174707241447132e-01 8.395273229656782243e-01 0.000000000000000000e+00 -7.170347653684754796e+00 -8.395273229656782243e-01 -5.433174707241447132e-01 0.000000000000000000e+00 -1.535197104188289252e+01 0.000000000000000000e+00 0.000000000000000000e+00 1.000000000000000000e+00 0.000000000000000000e+00
-6.212710009024926539e-01 7.835957780881767087e-01 0.000000000000000000e+00 -7.306060989917358306e+00 -7.835957780881767087e-01 -6.212710009024925428e-01 0.000000000000000000e+00 -1.552905366234186602e+01 0.000000000000000000e+00 0.000000000000000000e+00 1.000000000000000000e+00 0.000000000000000000e+00
-6.476100243608439166e-01 7.619719524676398237e-01 0.000000000000000000e+00 -7.450330282213972311e+00 -7.619719524676397127e-01 -6.476100243608439166e-01 0.000000000000000000e+00 -1.569622692299150835e+01 0.000000000000000000e+00 0.000000000000000000e+00 1.000000000000000000e+00 0.000000000000000000e+00
-6.142567032675125827e-01 7.891062681863116879e-01 0.000000000000000000e+00 -7.588779352557906144e+00 -7.891062681863115769e-01 -6.142567032675125827e-01 0.000000000000000000e+00 -1.586776879811504770e+01 0.000000000000000000e+00 0.000000000000000000e+00 1.000000000000000000e+00 0.000000000000000000e+00
-6.170462848168928316e-01 7.869268596214453737e-01 0.000000000000000000e+00 -7.730023238273034281e+00 -7.869268596214453737e-01 -6.170462848168928316e-01 0.000000000000000000e+00 -1.604354962311337474e+01 0.000000000000000000e+00 0.000000000000000000e+00 1.000000000000000000e+00 0.000000000000000000e+00
-6.073524304115797134e-01 7.944325177591531340e-01 0.000000000000000000e+00 -7.867275833463656554e+00 -7.944325177591531340e-01 -6.073524304115797134e-01 0.000000000000000000e+00 -1.621582671739302128e+01 0.000000000000000000e+00 0.000000000000000000e+00 1.000000000000000000e+00 0.000000000000000000e+00
-5.972625531946319510e-01 8.020457858198803969e-01 0.000000000000000000e+00 -8.001923310250122157e+00 -8.020457858198803969e-01 -5.972625531946319510e-01 0.000000000000000000e+00 -1.639097335137449107e+01 0.000000000000000000e+00 0.000000000000000000e+00 1.000000000000000000e+00 0.000000000000000000e+00
-5.868829485238594712e-01 8.096717882771641284e-01 0.000000000000000000e+00 -8.134132471152158317e+00 -8.096717882771641284e-01 -5.868829485238594712e-01 0.000000000000000000e+00 -1.656695635587657023e+01 0.000000000000000000e+00 0.000000000000000000e+00 1.000000000000000000e+00 0.000000000000000000e+00
-5.962595296121308008e-01 8.027917372187636236e-01 0.000000000000000000e+00 -8.269002219535350307e+00 -8.027917372187637346e-01 -5.962595296121308008e-01 0.000000000000000000e+00 -1.674712739980720855e+01 0.000000000000000000e+00 0.000000000000000000e+00 1.000000000000000000e+00 0.000000000000000000e+00
-6.103985659000781272e-01 7.920944329731954836e-01 0.000000000000000000e+00 -8.406891187255663311e+00 -7.920944329731954836e-01 -6.103985659000781272e-01 0.000000000000000000e+00 -1.692294249210882739e+01 0.000000000000000000e+00 0.000000000000000000e+00 1.000000000000000000e+00 0.000000000000000000e+00
-5.912707926578227857e-01 8.064730930104178075e-01 0.000000000000000000e+00 -8.542592373176010057e+00 -8.064730930104178075e-01 -5.912707926578226747e-01 0.000000000000000000e+00 -1.709992141893293294e+01 0.000000000000000000e+00 0.000000000000000000e+00 1.000000000000000000e+00 0.000000000000000000e+00
-6.125270889038764155e-01 7.904495969756342166e-01 0.000000000000000000e+00 -8.681581736229082580e+00 -7.904495969756342166e-01 -6.125270889038764155e-01 0.000000000000000000e+00 -1.727656809412977879e+01 0.000000000000000000e+00 0.000000000000000000e+00 1.000000000000000000e+00 0.000000000000000000e+00
-6.295265184731827501e-01 7.769789974890142226e-01 0.000000000000000000e+00 -8.819719190622404170e+00 -7.769789974890142226e-01 -6.295265184731827501e-01 0.000000000000000000e+00 -1.744388681930342244e+01 0.000000000000000000e+00 0.000000000000000000e+00 1.000000000000000000e+00 0.000000000000000000e+00
-6.095110374786801843e-01 7.927775824224994050e-01 0.000000000000000000e+00 -8.957706615281201934e+00 -7.927775824224994050e-01 -6.095110374786801843e-01 0.000000000000000000e+00 -1.761519250962348337e+01 0.000000000000000000e+00 0.000000000000000000e+00 1.000000000000000000e+00 0.000000000000000000e+00
-6.140594075069989444e-01 7.892598077009581603e-01 0.000000000000000000e+00 -9.095390942743287965e+00 -7.892598077009581603e-01 -6.140594075069989444e-01 0.000000000000000000e+00 -1.779066029461922582e+01 0.000000000000000000e+00 0.000000000000000000e+00 1.000000000000000000e+00 0.000000000000000000e+00
