-7.641160916568244532e-02 9.970763591544585802e-01 0.000000000000000000e+00 3.212076283236721119e-01 -9.970763591544585802e-01 -7.641160916568215389e-02 0.000000000000000000e+00 1.752834371225251875e+00 0.000000000000000000e+00 0.000000000000000000e+00 1.000000000000000000e+00 0.000000000000000000e+00
-9.182662193895159419e-02 9.957750104834328653e-01 0.000000000000000000e+00 2.945148596170976685e-01 -9.957750104834328653e-01 -9.182662193895128888e-02 0.000000000000000000e+00 1.491449284852640833e+00 0.000000000000000000e+00 0.000000000000000000e+00 1.000000000000000000e+00 0.000000000000000000e+00
-1.898272192877006048e-01 9.818175119733295597e-01 0.000000000000000000e+00 2.135968041947624851e-01 -9.818175119733295597e-01 -1.898272192877002995e-01 0.000000000000000000e+00 9.955964069812326400e-01 0.000000000000000000e+00 0.000000000000000000e+00 1.000000000000000000e+00 0.000000000000000000e+00
-2.038669026672928486e-01 9.789986138891333400e-01 0.000000000000000000e+00 1.008662892540406752e-01 -9.789986138891334511e-01 -2.038669026672925988e-01 0.000000000000000000e+00 4.947049894522439484e-01 0.000000000000000000e+00 0.000000000000000000e+00 1.000000000000000000e+00 0.000000000000000000e+00
-1.065932696096019983e-01 9.943027078681493380e-01 0.000000000000000000e+00 4.583831198735788259e-02 -9.943027078681494491e-01 -1.065932696096016929e-01 0.000000000000000000e+00 2.109017631192688924e-02 0.000000000000000000e+00 0.000000000000000000e+00 1.000000000000000000e+00 0.000000000000000000e+00
-1.666450570027902534e-01 9.860169496395773114e-01 0.000000000000000000e+00 -3.579695123486437147e-02 -9.860169496395773114e-01 -1.666450570027900036e-01 0.000000000000000000e+00 -4.762910466977869905e-01 0.000000000000000000e+00 0.000000000000000000e+00 1.000000000000000000e+00 0.000000000000000000e+00
-1.176232364175160000e-01 9.930582934826479580e-01 0.000000000000000000e+00 -9.996893405511153574e-02 -9.930582934826479580e-01 -1.176232364175156947e-01 0.000000000000000000e+00 -9.618448903865355337e-01 0.000000000000000000e+00 0.000000000000000000e+00 1.000000000000000000e+00 0.000000000000000000e+00
-1.171862793965531141e-01 9.931099515769604702e-01 0.000000000000000000e+00 -1.603037977754134813e-01 -9.931099515769604702e-01 -1.171862793965528365e-01 0.000000000000000000e+00 -1.489075585168101457e+00 0.000000000000000000e+00 0.000000000000000000e+00 1.000000000000000000e+00 0.000000000000000000e+00
-1.166301194779294087e-01 9.931754201703562046e-01 0.000000000000000000e+00 -2.157118362797397215e-01 -9.931754201703563156e-01 -1.166301194779291173e-01 0.000000000000000000e+00 -1.978927263198403397e+00 0.000000000000000000e+00 0.000000000000000000e+00 1.000000000000000000e+00 0.000000000000000000e+00
-8.606954053976709207e-02 9.962891318243278782e-01 0.000000000000000000e+00 -2.644600336757916836e-01 -9.962891318243279892e-01 -8.606954053976675900e-02 0.000000000000000000e+00 -2.473961789520190635e+00 0.000000000000000000e+00 0.000000000000000000e+00 1.000000000000000000e+00 0.000000000000000000e+00
-4.069492236323643541e-02 9.991716185390026039e-01 0.000000000000000000e+00 -2.932519515146936873e-01 -9.991716185390026039e-01 -4.069492236323613704e-02 0.000000000000000000e+00 -2.963902465997616531e+00 0.000000000000000000e+00 0.000000000000000000e+00 1.000000000000000000e+00 0.000000000000000000e+00
-5.737463823128056972e-02 9.983527186760345895e-01 0.000000000000000000e+00 -3.207979856630557847e-01 -9.983527186760345895e-01 -5.737463823128023666e-02 0.000000000000000000e+00 -3.462237776107884635e+00 0.000000000000000000e+00 0.000000000000000000e+00 1.000000000000000000e+00 0.000000000000000000e+00
-4.363230681469885269e-02 9.990476574228217554e-01 0.000000000000000000e+00 -3.432660742147180533e-01 -9.990476574228217554e-01 -4.363230681469852656e-02 0.000000000000000000e+00 -3.967222497358770639e+00 0.000000000000000000e+00 0.000000000000000000e+00 1.000000000000000000e+00 0.000000000000000000e+00
-4.582011480313445684e-02 9.989497069820018060e-01 0.000000000000000000e+00 -3.666542264138334395e-01 -9.989497069820019171e-01 -4.582011480313415153e-02 0.000000000000000000e+00 -4.469543408765722425e+00 0.000000000000000000e+00 0.000000000000000000e+00 1.000000000000000000e+00 0.000000000000000000e+00
-4.791780661260205965e-02 9.988512821283441756e-01 0.000000000000000000e+00 -3.938942025497082500e-01 -9.988512821283442866e-01 -4.791780661260177515e-02 0.000000000000000000e+00 -4.949661805622286082e+00 0.000000000000000000e+00 0.000000000000000000e+00 1.000000000000000000e+00 0.000000000000000000e+00
-4.878678898393653401e-02 9.988092156266062949e-01 0.000000000000000000e+00 -4.255113324257582819e-01 -9.988092156266062949e-01 -4.878678898393622176e-02 0.000000000000000000e+00 -5.445976576305570305e+00 0.000000000000000000e+00 0.000000000000000000e+00 1.000000000000000000e+00 0.000000000000000000e+00
1.328344626404570974e-02 9.999117711355087756e-01 0.000000000000000000e+00 -4.339630930437750611e-01 -9.999117711355087756e-01 1.328344626404600812e-02 0.000000000000000000e+00 -5.928799387637487150e+00 0.000000000000000000e+00 0.000000000000000000e+00 1.000000000000000000e+00 0.000000000000000000e+00
8.493734807641099144e-03 9.999639275838989594e-01 0.000000000000000000e+00 -4.357574453800707182e-01 -9.999639275838989594e-01 8.493734807641444354e-03 0.000000000000000000e+00 -6.396252468491270271e+00 0.000000000000000000e+00 0.000000000000000000e+00 1.000000000000000000e+00 0.000000000000000000e+00
1.938262310346235834e-02 9.998121393149959069e-01 0.000000000000000000e+00 -4.337272073234716419e-01 -9.998121393149960179e-01 1.938262310346264630e-02 0.000000000000000000e+00 -6.858771088044508524e+00 0.000000000000000000e+00 0.000000000000000000e+00 1.000000000000000000e+00 0.000000000000000000e+00
3.030919444309269212e-02 9.995405708285234336e-01 0.000000000000000000e+00 -4.262470651682330192e-01 -9.995405708285234336e-01 3.030919444309299049e-02 0.000000000000000000e+00 -7.325311068724983166e+00 0.000000000000000000e+00 0.000000000000000000e+00 1.000000000000000000e+00 0.000000000000000000e+00
-2.962182939024872105e-02 9.995611773291190882e-01 0.000000000000000000e+00 -4.283874049386220961e-01 -9.995611773291190882e-01 -2.962182939024845738e-02 0.000000000000000000e+00 -7.787940956373486934e+00 0.000000000000000000e+00 0.000000000000000000e+00 1.000000000000000000e+00 0.000000000000000000e+00
-9.017824523181119378e-01 4.321902459463098922e-01 0.000000000000000000e+00 -5.364934396408846951e-01 -4.321902459463101698e-01 -9.017824523181118268e-01 0.000000000000000000e+00 -7.781120211476239668e+00 0.000000000000000000e+00 0.000000000000000000e+00 1.000000000000000000e+00 0.000000000000000000e+00
-9.009444852801220538e-01 -4.339343665156469854e-01 0.000000000000000000e+00 -5.476470842306710995e-01 4.339343665156467078e-01 -9.009444852801220538e-01 0.000000000000000000e+00 -7.662304096355584626e+00 0.000000000000000000e+00 0.000000000000000000e+00 1.000000000000000000e+00 0.000000000000000000e+00
-1.455621823586839003e-01 -9.893491047486610013e-01 0.000000000000000000e+00 -4.716954007933011339e-01 9.893491047486608903e-01 -1.455621823586842056e-01 0.000000000000000000e+00 -7.569760109608581367e+00 0.000000000000000000e+00 0.000000000000000000e+00 1.000000000000000000e+00 0.000000000000000000e+00
8.163786107340964548e-02 -9.966620588942666226e-01 0.000000000000000000e+00 -4.411466602425276329e-01 9.966620588942666226e-01 8.163786107340934017e-02 0.000000000000000000e+00 -7.506416704657778105e+00 0.000000000000000000e+00 0.000000000000000000e+00 1.000000000000000000e+00 0.000000000000000000e+00
1.575901347360727234e-01 -9.875046072975387501e-01 0.000000000000000000e+00 -4.147020959271126572e-01 9.875046072975388611e-01 1.575901347360723903e-01 0.000000000000000000e+00 -7.051345677324495576e+00 0.000000000000000000e+00 0.000000000000000000e+00 1.000000000000000000e+00 0.000000000000000000e+00
2.313429137942750458e-01 -9.728722712859969590e-01 0.000000000000000000e+00 -2.723991302594772068e-01 9.728722712859969590e-01 2.313429137942746849e-01 0.000000000000000000e+00 -6.549752596767960178e+00 0.000000000000000000e+00 0.000000000000000000e+00 1.000000000000000000e+00 0.000000000000000000e+00
-1.013667813271954266e-01 -9.948491220498534293e-01 0.000000000000000000e+00 -3.165404623248004312e-01 9.948491220498534293e-01 -1.013667813271957319e-01 0.000000000000000000e+00 -6.067554526983874652e+00 0.000000000000000000e+00 0.000000000000000000e+00 1.000000000000000000e+00 0.000000000000000000e+00
1.573156023691821281e-01 -9.875483791952782697e-01 0.000000000000000000e+00 -2.677889688694477521e-01 9.875483791952782697e-01 1.573156023691818506e-01 0.000000000000000000e+00 -5.559137426577256846e+00 0.000000000000000000e+00 0.000000000000000000e+00 1.000000000000000000e+00 0.000000000000000000e+00
1.582625887795853226e-01 -9.873970594410254042e-01 0.000000000000000000e+00 -1.692088916735571824e-01 9.873970594410254042e-01 1.582625887795850173e-01 0.000000000000000000e+00 -5.043647197979224117e+00 0.000000000000000000e+00 0.000000000000000000e+00 1.000000000000000000e+00 0.000000000000000000e+00
-3.826184150503222220e-02 -9.992677476455665841e-01 0.000000000000000000e+00 -1.501214295916755148e-01 9.992677476455665841e-01 -3.826184150503254139e-02 0.000000000000000000e+00 -4.577673966890491997e+00 0.000000000000000000e+00 0.000000000000000000e+00 1.000000000000000000e+00 0.000000000000000000e+00
-5.679061236203373358e-02 -9.983861108546858709e-01 0.000000000000000000e+00 -1.772300724686788898e-01 9.983861108546858709e-01 -5.679061236203403890e-02 0.000000000000000000e+00 -4.087701484008680275e+00 0.000000000000000000e+00 0.000000000000000000e+00 1.000000000000000000e+00 0.000000000000000000e+00
-1.277083618201427413e-02 -9.999184495463676603e-01 0.000000000000000000e+00 -1.843311407206987274e-01 9.999184495463676603e-01 -1.277083618201455863e-02 0.000000000000000000e+00 -3.581391407741498334e+00 0.000000000000000000e+00 0.000000000000000000e+00 1.000000000000000000e+00 0.000000000000000000e+00
9.011639672879688534e-02 -9.959312401168155526e-01 0.000000000000000000e+00 -1.429499604512278199e-01 9.959312401168155526e-01 9.011639672879656615e-02 0.000000000000000000e+00 -3.065681428373728146e+00 0.000000000000000000e+00 0.000000000000000000e+00 1.000000000000000000e+00 0.000000000000000000e+00
1.436006449115340144e-01 -9.896357182221099391e-01 0.000000000000000000e+00 -5.821912324120248616e-02 9.896357182221099391e-01 1.436006449115337091e-01 0.000000000000000000e+00 -2.545876996278648718e+00 0.000000000000000000e+00 0.000000000000000000e+00 1.000000000000000000e+00 0.000000000000000000e+00
9.788660322660751659e-03 -9.999520899168555799e-01 0.000000000000000000e+00 -3.240454594456476656e-02 9.999520899168555799e-01 9.788660322660441143e-03 0.000000000000000000e+00 -2.073436121037104840e+00 0.000000000000000000e+00 0.000000000000000000e+00 1.000000000000000000e+00 0.000000000000000000e+00
-2.308913135680278755e-02 -9.997334104716056880e-01 0.000000000000000000e+00 -6.574767644809559330e-02 9.997334104716056880e-01 -2.308913135680306858e-02 0.000000000000000000e+00 -1.599207451671549984e+00 0.000000000000000000e+00 0.000000000000000000e+00 1.000000000000000000e+00 0.000000000000000000e+00
1.051739471086032274e-01 -9.944538404820992827e-01 0.000000000000000000e+00 -2.600109060795452454e-02 9.944538404820993938e-01 1.051739471086029637e-01 0.000000000000000000e+00 -1.078182352262652133e+00 0.000000000000000000e+00 0.000000000000000000e+00 1.000000000000000000e+00 0.000000000000000000e+00
1.001406857353875912e-01 -9.949732876115047198e-01 0.000000000000000000e+00 1.745267155774476997e-02 9.949732876115047198e-01 1.001406857353872998e-01 0.000000000000000000e+00 -5.812582080981256727e-01 0.000000000000000000e+00 0.000000000000000000e+00 1.000000000000000000e+00 0.000000000000000000e+00
6.358589045784961147e-02 -9.979763697276013978e-01 0.000000000000000000e+00 4.610831485515770600e-02 9.979763697276013978e-01 6.358589045784932003e-02 0.000000000000000000e+00 -9.702560469743426452e-02 0.000000000000000000e+00 0.000000000000000000e+00 1.000000000000000000e+00 0.000000000000000000e+00
9.234705475712183531e-02 -9.957268809657018327e-01 0.000000000000000000e+00 7.007073422201900992e-02 9.957268809657018327e-01 9.234705475712153000e-02 0.000000000000000000e+00 4.043617424535350668e-01 0.000000000000000000e+00 0.000000000000000000e+00 1.000000000000000000e+00 0.000000000000000000e+00
1.166029596518761424e-01 -9.931786092140841848e-01 0.000000000000000000e+00 1.108815815802739191e-01 9.931786092140842959e-01 1.166029596518758371e-01 0.000000000000000000e+00 9.007206023350737834e-01 0.000000000000000000e+00 0.000000000000000000e+00 1.000000000000000000e+00 0.000000000000000000e+00
6.300705350071393596e-02 -9.980130816823785667e-01 0.000000000000000000e+00 3.039009914408099533e-01 9.980130816823785667e-01 6.300705350071363064e-02 0.000000000000000000e+00 1.379951139444397068e+00 0.000000000000000000e+00 0.000000000000000000e+00 1.000000000000000000e+00 0.000000000000000000e+00
-7.869444634832126750e-01 -6.170238337318246780e-01 0.000000000000000000e+00 4.298275611562200060e-01 6.170238337318244559e-01 -7.869444634832128971e-01 0.000000000000000000e+00 1.454645628428524740e+00 0.000000000000000000e+00 0.000000000000000000e+00 1.000000000000000000e+00 0.000000000000000000e+00
-9.188756278558175561e-01 -3.945473108925935390e-01 0.000000000000000000e+00 5.920115129413712207e-01 3.945473108925933170e-01 -9.188756278558177781e-01 0.000000000000000000e+00 1.423909268643381631e+00 0.000000000000000000e+00 0.000000000000000000e+00 1.000000000000000000e+00 0.000000000000000000e+00
-9.345780610924827592e-01 -3.557581309325414387e-01 0.000000000000000000e+00 4.118309273078140098e-01 3.557581309325411612e-01 -9.345780610924829812e-01 0.000000000000000000e+00 1.555197292065315873e+00 0.000000000000000000e+00 0.000000000000000000e+00 1.000000000000000000e+00 0.000000000000000000e+00
-9.784881612331471912e-01 -2.063029770182059908e-01 0.000000000000000000e+00 1.847298274617671932e-01 2.063029770182057132e-01 -9.784881612331473022e-01 0.000000000000000000e+00 1.653428402041564604e+00 0.000000000000000000e+00 0.000000000000000000e+00 1.000000000000000000e+00 0.000000000000000000e+00
-9.990577106818495645e-01 -4.340150604692815522e-02 0.000000000000000000e+00 -2.734590557575417025e-02 4.340150604692784297e-02 -9.990577106818496755e-01 0.000000000000000000e+00 1.644233491777839173e+00 0.000000000000000000e+00 0.000000000000000000e+00 1.000000000000000000e+00 0.000000000000000000e+00
-9.992937616405112022e-01 -3.757629500572284148e-02 0.000000000000000000e+00 -3.782267008532725350e-01 3.757629500572250841e-02 -9.992937616405112022e-01 0.000000000000000000e+00 1.661330348664888934e+00 0.000000000000000000e+00 0.000000000000000000e+00 1.000000000000000000e+00 0.000000000000000000e+00
-5.596108475250001213e-01 8.287555123993750605e-01 0.000000000000000000e+00 -4.679121002669119345e-01 -8.287555123993752826e-01 -5.596108475249998992e-01 0.000000000000000000e+00 1.547991374265011988e+00 0.000000000000000000e+00 0.000000000000000000e+00 1.000000000000000000e+00 0.000000000000000000e+00
-3.739980276364799350e-01 9.274294988429161446e-01 0.000000000000000000e+00 -4.652334796849197374e-01 -9.274294988429162556e-01 -3.739980276364796574e-01 0.000000000000000000e+00 1.478298569803018214e+00 0.000000000000000000e+00 0.000000000000000000e+00 1.000000000000000000e+00 0.000000000000000000e+00
-2.179526185491707235e-01 9.759593516471674057e-01 0.000000000000000000e+00 -5.572868106329331717e-01 -9.759593516471675168e-01 -2.179526185491704182e-01 0.000000000000000000e+00 1.067104157436585821e+00 0.000000000000000000e+00 0.000000000000000000e+00 1.000000000000000000e+00 0.000000000000000000e+00
2.173256894448721832e-01 9.760991469657734898e-01 0.000000000000000000e+00 -5.066521410230919731e-01 -9.760991469657734898e-01 2.173256894448724885e-01 0.000000000000000000e+00 6.871405187045326324e-01 0.000000000000000000e+00 0.000000000000000000e+00 1.000000000000000000e+00 0.000000000000000000e+00
-3.353987158026260074e-02 9.994373802366905979e-01 0.000000000000000000e+00 -4.457268742054211752e-01 -9.994373802366905979e-01 -3.353987158026228849e-02 0.000000000000000000e+00 2.019783815748970035e-01 0.000000000000000000e+00 0.000000000000000000e+00 1.000000000000000000e+00 0.000000000000000000e+00
6.642489231017514872e-02 9.977914279455307733e-01 0.000000000000000000e+00 -4.751964864630539576e-01 -9.977914279455307733e-01 6.642489231017542628e-02 0.000000000000000000e+00 -2.406560360536746934e-01 0.000000000000000000e+00 0.000000000000000000e+00 1.000000000000000000e+00 0.000000000000000000e+00
-2.037885821258911823e-01 9.790149201085337483e-01 0.000000000000000000e+00 -4.292693569985270297e-01 -9.790149201085338593e-01 -2.037885821258908492e-01 0.000000000000000000e+00 -4.923163860875019449e-01 0.000000000000000000e+00 0.000000000000000000e+00 1.000000000000000000e+00 0.000000000000000000e+00
-3.419170688864510144e-01 9.397301304119697329e-01 0.000000000000000000e+00 -4.373551762583994251e-01 -9.397301304119698440e-01 -3.419170688864506813e-01 0.000000000000000000e+00 -4.940685638458008899e-01 0.000000000000000000e+00 0.000000000000000000e+00 1.000000000000000000e+00 0.000000000000000000e+00
-2.540894732857822413e-01 9.671807171182402740e-01 0.000000000000000000e+00 -4.623210615692036618e-01 -9.671807171182403851e-01 -2.540894732857819083e-01 0.000000000000000000e+00 -6.905789133713355898e-01 0.000000000000000000e+00 0.000000000000000000e+00 1.000000000000000000e+00 0.000000000000000000e+00
-3.763524895883785804e-01 9.264765531737050308e-01 0.000000000000000000e+00 -6.529117427921218297e-01 -9.264765531737052529e-01 -3.763524895883783028e-01 0.000000000000000000e+00 -1.178164602077417245e+00 0.000000000000000000e+00 0.000000000000000000e+00 1.000000000000000000e+00 0.000000000000000000e+00
-1.458045484469210618e-01 9.893134152796014824e-01 0.000000000000000000e+00 -7.565465403241151687e-01 -9.893134152796014824e-01 -1.458045484469207287e-01 0.000000000000000000e+00 -1.646862400707304941e+00 0.000000000000000000e+00 0.000000000000000000e+00 1.000000000000000000e+00 0.000000000000000000e+00
-1.181396108041935927e-01 9.929969951409889362e-01 0.000000000000000000e+00 -7.920327591032199077e-01 -9.929969951409890472e-01 -1.181396108041933291e-01 0.000000000000000000e+00 -2.117834449534792718e+00 0.000000000000000000e+00 0.000000000000000000e+00 1.000000000000000000e+00 0.000000000000000000e+00
-1.519156821316856865e-01 9.883934568391600228e-01 0.000000000000000000e+00 -8.637215142760377162e-01 -9.883934568391600228e-01 -1.519156821316853812e-01 0.000000000000000000e+00 -2.607927922437433210e+00 0.000000000000000000e+00 0.000000000000000000e+00 1.000000000000000000e+00 0.000000000000000000e+00
-8.960581718381602223e-02 9.959773077368881955e-01 0.000000000000000000e+00 -9.110096987286262493e-01 -9.959773077368883065e-01 -8.960581718381571692e-02 0.000000000000000000e+00 -3.075435219290838518e+00 0.000000000000000000e+00 0.000000000000000000e+00 1.000000000000000000e+00 0.000000000000000000e+00
-6.761453759602704949e-02 9.977115185792310159e-01 0.000000000000000000e+00 -9.564905842318411899e-01 -9.977115185792311269e-01 -6.761453759602675806e-02 0.000000000000000000e+00 -3.592331165351400735e+00 0.000000000000000000e+00 0.000000000000000000e+00 1.000000000000000000e+00 0.000000000000000000e+00
-6.851245045764021990e-02 9.976502614304719740e-01 0.000000000000000000e+00 -9.906072087806661042e-01 -9.976502614304720851e-01 -6.851245045763994235e-02 0.000000000000000000e+00 -4.066095562947288578e+00 0.000000000000000000e+00 0.000000000000000000e+00 1.000000000000000000e+00 0.000000000000000000e+00
-7.830591518533867867e-02 9.969293774621080795e-01 0.000000000000000000e+00 -1.027577583599452726e+00 -9.969293774621080795e-01 -7.830591518533840112e-02 0.000000000000000000e+00 -4.540383132978128344e+00 0.000000000000000000e+00 0.000000000000000000e+00 1.000000000000000000e+00 0.000000000000000000e+00
-4.979556123650739907e-02 9.987594315355129426e-01 0.000000000000000000e+00 -1.059285602705200002e+00 -9.987594315355129426e-01 -4.979556123650707988e-02 0.000000000000000000e+00 -5.007551537864833868e+00 0.000000000000000000e+00 0.000000000000000000e+00 1.000000000000000000e+00 0.000000000000000000e+00
-5.932131571542581527e-02 9.982389400848828975e-01 0.000000000000000000e+00 -1.082890998974867847e+00 -9.982389400848830086e-01 -5.932131571542553078e-02 0.000000000000000000e+00 -5.489843946955991427e+00 0.000000000000000000e+00 0.000000000000000000e+00 1.000000000000000000e+00 0.000000000000000000e+00
-6.846256785894903885e-02 9.976536858059306123e-01 0.000000000000000000e+00 -1.110875202750156054e+00 -9.976536858059307233e-01 -6.846256785894869190e-02 0.000000000000000000e+00 -5.959975120713979280e+00 0.000000000000000000e+00 0.000000000000000000e+00 1.000000000000000000e+00 0.000000000000000000e+00
-6.367305986854472633e-02 9.979708119213589468e-01 0.000000000000000000e+00 -1.139925054635249069e+00 -9.979708119213590578e-01 -6.367305986854444877e-02 0.000000000000000000e+00 -6.475437632353238548e+00 0.000000000000000000e+00 0.000000000000000000e+00 1.000000000000000000e+00 0.000000000000000000e+00
-7.324052533541847154e-02 9.973143062488334376e-01 0.000000000000000000e+00 -1.166385740535794913e+00 -9.973143062488334376e-01 -7.324052533541820786e-02 0.000000000000000000e+00 -6.949030264371171661e+00 0.000000000000000000e+00 0.000000000000000000e+00 1.000000000000000000e+00 0.000000000000000000e+00
-6.519673562559790136e-01 7.582470351914269990e-01 0.000000000000000000e+00 -1.252548355293838123e+00 -7.582470351914272211e-01 -6.519673562559787916e-01 0.000000000000000000e+00 -7.220801874216749461e+00 0.000000000000000000e+00 0.000000000000000000e+00 1.000000000000000000e+00 0.000000000000000000e+00
-9.994397597049916593e-01 -3.346889183746719343e-02 0.000000000000000000e+00 -1.278864739961743435e+00 3.346889183746686036e-02 -9.994397597049917703e-01 0.000000000000000000e+00 -7.127589796147376866e+00 0.000000000000000000e+00 0.000000000000000000e+00 1.000000000000000000e+00 0.000000000000000000e+00
-4.991098151777033642e-01 -8.665387425806642119e-01 0.000000000000000000e+00 -1.223979334292095711e+00 8.665387425806639898e-01 -4.991098151777036418e-01 0.000000000000000000e+00 -7.029318642473074696e+00 0.000000000000000000e+00 0.000000000000000000e+00 1.000000000000000000e+00 0.000000000000000000e+00
1.774461574245763396e-01 -9.841305102552466710e-01 0.000000000000000000e+00 -1.140960529606645402e+00 9.841305102552467821e-01 1.774461574245759787e-01 0.000000000000000000e+00 -7.006350567486282266e+00 0.000000000000000000e+00 0.000000000000000000e+00 1.000000000000000000e+00 0.000000000000000000e+00
1.242849666206150873e-02 -9.999227632526028753e-01 0.000000000000000000e+00 -1.149514760912702549e+00 9.999227632526028753e-01 1.242849666206118781e-02 0.000000000000000000e+00 -7.012428793112436942e+00 0.000000000000000000e+00 0.000000000000000000e+00 1.000000000000000000e+00 0.000000000000000000e+00
1.284876288790753329e-01 -9.917111117785424312e-01 0.000000000000000000e+00 -1.121534194417912467e+00 9.917111117785425423e-01 1.284876288790750554e-01 0.000000000000000000e+00 -7.007330568065367693e+00 0.000000000000000000e+00 0.000000000000000000e+00 1.000000000000000000e+00 0.000000000000000000e+00
1.750817663152689774e-01 -9.845538964952225136e-01 0.000000000000000000e+00 -1.051244568615216757e+00 9.845538964952226246e-01 1.750817663152686166e-01 0.000000000000000000e+00 -6.719464175784994886e+00 0.000000000000000000e+00 0.000000000000000000e+00 1.000000000000000000e+00 0.000000000000000000e+00
1.774176175651668852e-01 -9.841356557799844085e-01 0.000000000000000000e+00 -9.465041982421367184e-01 9.841356557799845195e-01 1.774176175651665521e-01 0.000000000000000000e+00 -6.234683398304998292e+00 0.000000000000000000e+00 0.000000000000000000e+00 1.000000000000000000e+00 0.000000000000000000e+00
1.729113860443731721e-01 -9.849373851043595751e-01 0.000000000000000000e+00 -8.426148853358519375e-01 9.849373851043595751e-01 1.729113860443729223e-01 0.000000000000000000e+00 -5.745576120947710308e+00 0.000000000000000000e+00 0.000000000000000000e+00 1.000000000000000000e+00 0.000000000000000000e+00
1.642452451987722328e-01 -9.864195352027427255e-01 0.000000000000000000e+00 -7.454556519616239996e-01 9.864195352027428365e-01 1.642452451987718998e-01 0.000000000000000000e+00 -5.263625248378593469e+00 0.000000000000000000e+00 0.000000000000000000e+00 1.000000000000000000e+00 0.000000000000000000e+00
1.517670790071835307e-01 -9.884162856456923940e-01 0.000000000000000000e+00 -6.496855249327524451e-01 9.884162856456925050e-01 1.517670790071833087e-01 0.000000000000000000e+00 -4.765266472727081926e+00 0.000000000000000000e+00 0.000000000000000000e+00 1.000000000000000000e+00 0.000000000000000000e+00
7.364209157289046404e-02 -9.972847348419455749e-01 0.000000000000000000e+00 -5.839141818858879507e-01 9.972847348419456859e-01 7.364209157289015872e-02 0.000000000000000000e+00 -4.272838747539099202e+00 0.000000000000000000e+00 0.000000000000000000e+00 1.000000000000000000e+00 0.000000000000000000e+00
8.896105611904724098e-02 -9.960351050511139226e-01 0.000000000000000000e+00 -5.475149749928414078e-01 9.960351050511139226e-01 8.896105611904693566e-02 0.000000000000000000e+00 -3.788902407265341665e+00 0.000000000000000000e+00 0.000000000000000000e+00 1.000000000000000000e+00 0.000000000000000000e+00
1.094292332434795428e-01 -9.939945889750828600e-01 0.000000000000000000e+00 -4.545387396110303624e-01 9.939945889750828600e-01 1.094292332434792514e-01 0.000000000000000000e+00 -3.287346465765068615e+00 0.000000000000000000e+00 0.000000000000000000e+00 1.000000000000000000e+00 0.000000000000000000e+00
-2.322800390453689801e-01 -9.726489518120510214e-01 0.000000000000000000e+00 -5.429723716296799285e-01 9.726489518120509103e-01 -2.322800390453692854e-01 0.000000000000000000e+00 -2.844615377938620071e+00 0.000000000000000000e+00 0.000000000000000000e+00 1.000000000000000000e+00 0.000000000000000000e+00
6.526240023793196399e-02 -9.978681371379606313e-01 0.000000000000000000e+00 -5.393409472686818695e-01 9.978681371379606313e-01 6.526240023793167255e-02 0.000000000000000000e+00 -2.333002754895453279e+00 0.000000000000000000e+00 0.000000000000000000e+00 1.000000000000000000e+00 0.000000000000000000e+00
1.175662878958813884e-01 -9.930650371201186211e-01 0.000000000000000000e+00 -6.473861446938640185e-01 9.930650371201186211e-01 1.175662878958810692e-01 0.000000000000000000e+00 -1.965187483171516147e+00 0.000000000000000000e+00 0.000000000000000000e+00 1.000000000000000000e+00 0.000000000000000000e+00
-6.223094632050907293e-02 -9.980617763044798973e-01 0.000000000000000000e+00 -7.041774689992494896e-01 9.980617763044798973e-01 -6.223094632050937824e-02 0.000000000000000000e+00 -1.471660225582190451e+00 0.000000000000000000e+00 0.000000000000000000e+00 1.000000000000000000e+00 0.000000000000000000e+00
1.865347663812174928e-01 -9.824483604399287806e-01 0.000000000000000000e+00 -6.114431161791586966e-01 9.824483604399288916e-01 1.865347663812171874e-01 0.000000000000000000e+00 -9.846098793067372679e-01 0.000000000000000000e+00 0.000000000000000000e+00 1.000000000000000000e+00 0.000000000000000000e+00
1.685671305491140692e-01 -9.856901757136660169e-01 0.000000000000000000e+00 -4.969552748701319689e-01 9.856901757136661280e-01 1.685671305491137084e-01 0.000000000000000000e+00 -5.080352830551129184e-01 0.000000000000000000e+00 0.000000000000000000e+00 1.000000000000000000e+00 0.000000000000000000e+00
9.648666934600759817e-03 -9.999534505297659193e-01 0.000000000000000000e+00 -4.553059924823770754e-01 9.999534505297659193e-01 9.648666934600485731e-03 0.000000000000000000e+00 -6.787113495058449963e-02 0.000000000000000000e+00 0.000000000000000000e+00 1.000000000000000000e+00 0.000000000000000000e+00
1.418853914332498245e-01 -9.898830919345138479e-01 0.000000000000000000e+00 -3.951285714062773846e-01 9.898830919345139590e-01 1.418853914332495192e-01 0.000000000000000000e+00 4.159295614334013180e-01 0.000000000000000000e+00 0.000000000000000000e+00 1.000000000000000000e+00 0.000000000000000000e+00
2.771444056857543803e-01 -9.608282772676343120e-01 0.000000000000000000e+00 -2.423306492948589796e-01 9.608282772676343120e-01 2.771444056857541027e-01 0.000000000000000000e+00 9.133304012712859521e-01 0.000000000000000000e+00 0.000000000000000000e+00 1.000000000000000000e+00 0.000000000000000000e+00
1.699873345875606845e-01 -9.854462471793256073e-01 0.000000000000000000e+00 -2.422262319623849636e-01 9.854462471793257183e-01 1.699873345875603792e-01 0.000000000000000000e+00 1.398834617548993187e+00 0.000000000000000000e+00 0.000000000000000000e+00 1.000000000000000000e+00 0.000000000000000000e+00
7.593564965745391859e-02 -9.971127203637010217e-01 0.000000000000000000e+00 -3.407426974701028288e-01 9.971127203637010217e-01 7.593564965745364104e-02 0.000000000000000000e+00 1.695532485533373102e+00 0.000000000000000000e+00 0.000000000000000000e+00 1.000000000000000000e+00 0.000000000000000000e+00
-5.586615726656670722e-01 -8.293957120860484533e-01 0.000000000000000000e+00 -5.295815598033466465e-01 8.293957120860482313e-01 -5.586615726656674052e-01 0.000000000000000000e+00 1.688537687274226373e+00 0.000000000000000000e+00 0.000000000000000000e+00 1.000000000000000000e+00 0.000000000000000000e+00
-9.456543900709057926e-01 -3.251734530056581973e-01 0.000000000000000000e+00 -7.275969405318682970e-01 3.251734530056578643e-01 -9.456543900709057926e-01 0.000000000000000000e+00 1.676440655078740516e+00 0.000000000000000000e+00 0.000000000000000000e+00 1.000000000000000000e+00 0.000000000000000000e+00
-9.299552754117571540e-01 -3.676726611183411819e-01 0.000000000000000000e+00 -6.941589213045951112e-01 3.676726611183408489e-01 -9.299552754117572650e-01 0.000000000000000000e+00 1.725238187015883717e+00 0.000000000000000000e+00 0.000000000000000000e+00 1.000000000000000000e+00 0.000000000000000000e+00
-9.523686015878629618e-01 -3.049492526791601210e-01 0.000000000000000000e+00 -5.868506350665350091e-01 3.049492526791598435e-01 -9.523686015878630728e-01 0.000000000000000000e+00 1.773007502655220557e+00 0.000000000000000000e+00 0.000000000000000000e+00 1.000000000000000000e+00 0.000000000000000000e+00
-9.655350131760920274e-01 -2.602731994098579360e-01 0.000000000000000000e+00 -6.900564833570947965e-01 2.602731994098576584e-01 -9.655350131760921384e-01 0.000000000000000000e+00 1.846965293310607326e+00 0.000000000000000000e+00 0.000000000000000000e+00 1.000000000000000000e+00 0.000000000000000000e+00
-9.789967830464451071e-01 -2.038756944432356943e-01 0.000000000000000000e+00 -5.897629576602687607e-01 2.038756944432354168e-01 -9.789967830464452181e-01 0.000000000000000000e+00 1.850990665877226604e+00 0.000000000000000000e+00 0.000000000000000000e+00 1.000000000000000000e+00 0.000000000000000000e+00
-9.835568633722678866e-01 -1.805987168096876427e-01 0.000000000000000000e+00 -1.193810078496569282e+00 1.805987168096873929e-01 -9.835568633722678866e-01 0.000000000000000000e+00 1.976429755882597394e+00 0.000000000000000000e+00 0.000000000000000000e+00 1.000000000000000000e+00 0.000000000000000000e+00
-7.843243057702083965e-01 6.203510162626320046e-01 0.000000000000000000e+00 -1.386565833560006622e+00 -6.203510162626323377e-01 -7.843243057702082854e-01 0.000000000000000000e+00 1.922664820897755922e+00 0.000000000000000000e+00 0.000000000000000000e+00 1.000000000000000000e+00 0.000000000000000000e+00
-4.877680088934095021e-02 9.988097034445556632e-01 0.000000000000000000e+00 -1.346320131425859934e+00 -9.988097034445557743e-01 -4.877680088934069347e-02 0.000000000000000000e+00 1.855248074575128081e+00 0.000000000000000000e+00 0.000000000000000000e+00 1.000000000000000000e+00 0.000000000000000000e+00
-6.616306099162891244e-05 9.999999978112246168e-01 0.000000000000000000e+00 -1.400227538931316351e+00 -9.999999978112246168e-01 -6.616306099134697922e-05 0.000000000000000000e+00 1.368862813658392907e+00 0.000000000000000000e+00 0.000000000000000000e+00 1.000000000000000000e+00 0.000000000000000000e+00
-2.837235510191386118e-02 9.995974236991462814e-01 0.000000000000000000e+00 -1.438062417926301961e+00 -9.995974236991463924e-01 -2.837235510191356974e-02 0.000000000000000000e+00 8.341368939336967214e-01 0.000000000000000000e+00 0.000000000000000000e+00 1.000000000000000000e+00 0.000000000000000000e+00
-6.140750402065578428e-02 9.981127784223348121e-01 0.000000000000000000e+00 -1.493329319040171743e+00 -9.981127784223349231e-01 -6.140750402065547897e-02 0.000000000000000000e+00 3.101228402274460727e-01 0.000000000000000000e+00 0.000000000000000000e+00 1.000000000000000000e+00 0.000000000000000000e+00
-1.636162331030644552e-03 9.999986614855173039e-01 0.000000000000000000e+00 -1.526238505856005068e+00 -9.999986614855173039e-01 -1.636162331030350733e-03 0.000000000000000000e+00 -1.810365979869901221e-01 0.000000000000000000e+00 0.000000000000000000e+00 1.000000000000000000e+00 0.000000000000000000e+00
-1.520557705423630258e-02 9.998843885302177714e-01 0.000000000000000000e+00 -1.550209330528714347e+00 -9.998843885302177714e-01 -1.520557705423596084e-02 0.000000000000000000e+00 -6.786420435857196676e-01 0.000000000000000000e+00 0.000000000000000000e+00 1.000000000000000000e+00 0.000000000000000000e+00
-2.864224536886111894e-02 9.995897267280360321e-01 0.000000000000000000e+00 -1.582887242607237122e+00 -9.995897267280360321e-01 -2.864224536886086567e-02 0.000000000000000000e+00 -1.175774885854451890e+00 0.000000000000000000e+00 0.000000000000000000e+00 1.000000000000000000e+00 0.000000000000000000e+00
-4.613977635792314985e-02 9.989349933992905939e-01 0.000000000000000000e+00 -1.619824392182385386e+00 -9.989349933992905939e-01 -4.613977635792280985e-02 0.000000000000000000e+00 -1.677628924576133551e+00 0.000000000000000000e+00 0.000000000000000000e+00 1.000000000000000000e+00 0.000000000000000000e+00
-5.281158305729481001e-02 9.986044946298721081e-01 0.000000000000000000e+00 -1.662628762583271635e+00 -9.986044946298721081e-01 -5.281158305729451163e-02 0.000000000000000000e+00 -2.177091432452934683e+00 0.000000000000000000e+00 0.000000000000000000e+00 1.000000000000000000e+00 0.000000000000000000e+00
-4.474122260703707749e-02 9.989986101089566306e-01 0.000000000000000000e+00 -1.697932284813133519e+00 -9.989986101089567416e-01 -4.474122260703677217e-02 0.000000000000000000e+00 -2.685092516131075691e+00 0.000000000000000000e+00 0.000000000000000000e+00 1.000000000000000000e+00 0.000000000000000000e+00
-4.046511181661817391e-02 9.991809519429742936e-01 0.000000000000000000e+00 -1.729119216406569626e+00 -9.991809519429744046e-01 -4.046511181661791023e-02 0.000000000000000000e+00 -3.185757818901086225e+00 0.000000000000000000e+00 0.000000000000000000e+00 1.000000000000000000e+00 0.000000000000000000e+00
-3.610831205627666740e-02 9.993478822714573218e-01 0.000000000000000000e+00 -1.772298822607393687e+00 -9.993478822714572107e-01 -3.610831205627635515e-02 0.000000000000000000e+00 -3.676397940587381008e+00 0.000000000000000000e+00 0.000000000000000000e+00 1.000000000000000000e+00 0.000000000000000000e+00
-3.732748929840139229e-02 9.993030864270747715e-01 0.000000000000000000e+00 -1.812509599309083397e+00 -9.993030864270746605e-01 -3.732748929840108004e-02 0.000000000000000000e+00 -4.157790438178532000e+00 0.000000000000000000e+00 0.000000000000000000e+00 1.000000000000000000e+00 0.000000000000000000e+00
-4.358235437730819534e-02 9.990498377893519688e-01 0.000000000000000000e+00 -1.852897698867788323e+00 -9.990498377893520798e-01 -4.358235437730789696e-02 0.000000000000000000e+00 -4.653058981914186987e+00 0.000000000000000000e+00 0.000000000000000000e+00 1.000000000000000000e+00 0.000000000000000000e+00
-4.673912901284152377e-02 9.989071297268434790e-01 0.000000000000000000e+00 -1.897171538060263840e+00 -9.989071297268434790e-01 -4.673912901284119764e-02 0.000000000000000000e+00 -5.159643621597585827e+00 0.000000000000000000e+00 0.000000000000000000e+00 1.000000000000000000e+00 0.000000000000000000e+00
-6.423191351007531691e-02 9.979349985278771484e-01 0.000000000000000000e+00 -1.941881580133524077e+00 -9.979349985278771484e-01 -6.423191351007503935e-02 0.000000000000000000e+00 -5.678520930927843047e+00 0.000000000000000000e+00 0.000000000000000000e+00 1.000000000000000000e+00 0.000000000000000000e+00
-6.320400657152112911e-02 9.980006280325212087e-01 0.000000000000000000e+00 -2.001935048702491393e+00 -9.980006280325213197e-01 -6.320400657152080992e-02 0.000000000000000000e+00 -6.169043712165203530e+00 0.000000000000000000e+00 0.000000000000000000e+00 1.000000000000000000e+00 0.000000000000000000e+00
-6.566887281568289936e-02 9.978414699455607773e-01 0.000000000000000000e+00 -2.063123591911658394e+00 -9.978414699455607773e-01 -6.566887281568264956e-02 0.000000000000000000e+00 -6.665974285967963375e+00 0.000000000000000000e+00 0.000000000000000000e+00 1.000000000000000000e+00 0.000000000000000000e+00
-7.628198859367939233e-02 9.970862842383269031e-01 0.000000000000000000e+00 -2.127596275214080457e+00 -9.970862842383269031e-01 -7.628198859367914253e-02 0.000000000000000000e+00 -7.156760584073142972e+00 0.000000000000000000e+00 0.000000000000000000e+00 1.000000000000000000e+00 0.000000000000000000e+00
-7.821619122434914084e-02 9.969364209569013813e-01 0.000000000000000000e+00 -2.191527716257354541e+00 -9.969364209569013813e-01 -7.821619122434883553e-02 0.000000000000000000e+00 -7.611590420216431063e+00 0.000000000000000000e+00 0.000000000000000000e+00 1.000000000000000000e+00 0.000000000000000000e+00
-3.379860213285785786e-01 9.411511299395424190e-01 0.000000000000000000e+00 -2.252554927021197528e+00 -9.411511299395425301e-01 -3.379860213285782455e-01 0.000000000000000000e+00 -7.598413848341105670e+00 0.000000000000000000e+00 0.000000000000000000e+00 1.000000000000000000e+00 0.000000000000000000e+00
-9.766327442025741767e-01 2.149150598523731359e-01 0.000000000000000000e+00 -2.363745451855066015e+00 -2.149150598523734690e-01 -9.766327442025740657e-01 0.000000000000000000e+00 -7.526308386084985536e+00 0.000000000000000000e+00 0.000000000000000000e+00 1.000000000000000000e+00 0.000000000000000000e+00
-6.870426711081181192e-01 -7.266170711431311213e-01 0.000000000000000000e+00 -2.469188171599892456e+00 7.266170711431308993e-01 -6.870426711081183413e-01 0.000000000000000000e+00 -7.406076535675810923e+00 0.000000000000000000e+00 0.000000000000000000e+00 1.000000000000000000e+00 0.000000000000000000e+00
1.539797608084784997e-01 -9.880740019155263010e-01 0.000000000000000000e+00 -2.412839918571794140e+00 9.880740019155264120e-01 1.539797608084782221e-01 0.000000000000000000e+00 -7.366249976940697941e+00 0.000000000000000000e+00 0.000000000000000000e+00 1.000000000000000000e+00 0.000000000000000000e+00
1.671800980776212975e-01 -9.859263739279707783e-01 0.000000000000000000e+00 -2.418263250929534980e+00 9.859263739279707783e-01 1.671800980776210199e-01 0.000000000000000000e+00 -7.241964307750170526e+00 0.000000000000000000e+00 0.000000000000000000e+00 1.000000000000000000e+00 0.000000000000000000e+00
2.625942408385815163e-01 -9.649063502114642032e-01 0.000000000000000000e+00 -2.324559419877724409e+00 9.649063502114643143e-01 2.625942408385811833e-01 0.000000000000000000e+00 -6.762221396863293599e+00 0.000000000000000000e+00 0.000000000000000000e+00 1.000000000000000000e+00 0.000000000000000000e+00
3.137755643776561354e-01 -9.494971801956459956e-01 0.000000000000000000e+00 -2.192739745847839927e+00 9.494971801956461066e-01 3.137755643776558578e-01 0.000000000000000000e+00 -6.286697930735011042e+00 0.000000000000000000e+00 0.000000000000000000e+00 1.000000000000000000e+00 0.000000000000000000e+00
