-4.993476524666961014e-01 8.664017093565776761e-01 0.000000000000000000e+00 2.866188199999999853e+01 -8.664017093565776761e-01 -4.993476524666961014e-01 0.000000000000000000e+00 -2.044921300000000031e+01 0.000000000000000000e+00 0.000000000000000000e+00 1.000000000000000000e+00 0.000000000000000000e+00
-5.126914599045170329e-01 8.585729246493712941e-01 0.000000000000000000e+00 2.852496899999999869e+01 -8.585729246493712941e-01 -5.126914599045170329e-01 0.000000000000000000e+00 -2.067346600000000123e+01 0.000000000000000000e+00 0.000000000000000000e+00 1.000000000000000000e+00 0.000000000000000000e+00
-5.996387904034959915e-01 8.002707798260737526e-01 0.000000000000000000e+00 2.823792500000000061e+01 -8.002707798260737526e-01 -5.996387904034959915e-01 0.000000000000000000e+00 -2.108273700000000161e+01 0.000000000000000000e+00 0.000000000000000000e+00 1.000000000000000000e+00 0.000000000000000000e+00
-6.147584505880592243e-01 7.887154413542115661e-01 0.000000000000000000e+00 2.791773200000000088e+01 -7.887154413542115661e-01 -6.147584505880592243e-01 0.000000000000000000e+00 -2.148101399999999828e+01 0.000000000000000000e+00 0.000000000000000000e+00 1.000000000000000000e+00 0.000000000000000000e+00
-5.375067849930074138e-01 8.432594239535546876e-01 0.000000000000000000e+00 2.765948500000000010e+01 -8.432594239535546876e-01 -5.375067849930074138e-01 0.000000000000000000e+00 -2.187876299999999929e+01 0.000000000000000000e+00 0.000000000000000000e+00 1.000000000000000000e+00 0.000000000000000000e+00
-5.900644550805133060e-01 8.073561412725718256e-01 0.000000000000000000e+00 2.736528799999999961e+01 -8.073561412725718256e-01 -5.900644550805133060e-01 0.000000000000000000e+00 -2.228495799999999960e+01 0.000000000000000000e+00 0.000000000000000000e+00 1.000000000000000000e+00 0.000000000000000000e+00
-5.512141108268293621e-01 8.343638319254903513e-01 0.000000000000000000e+00 2.709076100000000054e+01 -8.343638319254903513e-01 -5.512141108268293621e-01 0.000000000000000000e+00 -2.268750599999999906e+01 0.000000000000000000e+00 0.000000000000000000e+00 1.000000000000000000e+00 0.000000000000000000e+00
-5.519723197167449857e-01 8.338624336582836083e-01 0.000000000000000000e+00 2.680006600000000105e+01 -8.338624336582836083e-01 -5.519723197167449857e-01 0.000000000000000000e+00 -2.312841399999999936e+01 0.000000000000000000e+00 0.000000000000000000e+00 1.000000000000000000e+00 0.000000000000000000e+00
-5.519723197167449857e-01 8.338624336582836083e-01 0.000000000000000000e+00 2.652999700000000161e+01 -8.338624336582836083e-01 -5.519723197167449857e-01 0.000000000000000000e+00 -2.353777300000000139e+01 0.000000000000000000e+00 0.000000000000000000e+00 1.000000000000000000e+00 0.000000000000000000e+00
-5.259117056062643236e-01 8.505391689430358282e-01 0.000000000000000000e+00 2.626332100000000125e+01 -8.505391689430358282e-01 -5.259117056062643236e-01 0.000000000000000000e+00 -2.395461299999999838e+01 0.000000000000000000e+00 0.000000000000000000e+00 1.000000000000000000e+00 0.000000000000000000e+00
-4.858852016557592690e-01 8.740226374711024260e-01 0.000000000000000000e+00 2.601683399999999935e+01 -8.740226374711024260e-01 -4.858852016557592690e-01 0.000000000000000000e+00 -2.437595900000000171e+01 0.000000000000000000e+00 0.000000000000000000e+00 1.000000000000000000e+00 0.000000000000000000e+00
-4.993476524666961014e-01 8.664017093565776761e-01 0.000000000000000000e+00 2.576725000000000065e+01 -8.664017093565776761e-01 -4.993476524666961014e-01 0.000000000000000000e+00 -2.480807300000000026e+01 0.000000000000000000e+00 0.000000000000000000e+00 1.000000000000000000e+00 0.000000000000000000e+00
-4.858852016557592690e-01 8.740226374711024260e-01 0.000000000000000000e+00 2.551975300000000146e+01 -8.740226374711024260e-01 -4.858852016557592690e-01 0.000000000000000000e+00 -2.524871600000000171e+01 0.000000000000000000e+00 0.000000000000000000e+00 1.000000000000000000e+00 0.000000000000000000e+00
-4.858852016557592690e-01 8.740226374711024260e-01 0.000000000000000000e+00 2.527337800000000101e+01 -8.740226374711024260e-01 -4.858852016557592690e-01 0.000000000000000000e+00 -2.568698499999999996e+01 0.000000000000000000e+00 0.000000000000000000e+00 1.000000000000000000e+00 0.000000000000000000e+00
-4.858852016557592690e-01 8.740226374711024260e-01 0.000000000000000000e+00 2.503492500000000121e+01 -8.740226374711024260e-01 -4.858852016557592690e-01 0.000000000000000000e+00 -2.611009200000000163e+01 0.000000000000000000e+00 0.000000000000000000e+00 1.000000000000000000e+00 0.000000000000000000e+00
-4.858852016557592690e-01 8.740226374711024260e-01 0.000000000000000000e+00 2.478626300000000171e+01 -8.740226374711024260e-01 -4.858852016557592690e-01 0.000000000000000000e+00 -2.654626700000000028e+01 0.000000000000000000e+00 0.000000000000000000e+00 1.000000000000000000e+00 0.000000000000000000e+00
-4.309034225288161379e-01 9.023980498942539841e-01 0.000000000000000000e+00 2.456472600000000028e+01 -9.023980498942539841e-01 -4.309034225288161379e-01 0.000000000000000000e+00 -2.698081600000000080e+01 0.000000000000000000e+00 0.000000000000000000e+00 1.000000000000000000e+00 0.000000000000000000e+00
-4.448122980983877928e-01 8.956238158180201969e-01 0.000000000000000000e+00 2.434389099999999928e+01 -8.956238158180201969e-01 -4.448122980983877928e-01 0.000000000000000000e+00 -2.742500700000000080e+01 0.000000000000000000e+00 0.000000000000000000e+00 1.000000000000000000e+00 0.000000000000000000e+00
-4.448122980983877928e-01 8.956238158180201969e-01 0.000000000000000000e+00 2.412393199999999993e+01 -8.956238158180201969e-01 -4.448122980983877928e-01 0.000000000000000000e+00 -2.786424399999999935e+01 0.000000000000000000e+00 0.000000000000000000e+00 1.000000000000000000e+00 0.000000000000000000e+00
-4.448122980983877928e-01 8.956238158180201969e-01 0.000000000000000000e+00 2.390217600000000076e+01 -8.956238158180201969e-01 -4.448122980983877928e-01 0.000000000000000000e+00 -2.830715000000000003e+01 0.000000000000000000e+00 0.000000000000000000e+00 1.000000000000000000e+00 0.000000000000000000e+00
-5.067137682555212796e-01 8.621143526587931039e-01 0.000000000000000000e+00 2.367125300000000010e+01 -8.621143526587931039e-01 -5.067137682555212796e-01 0.000000000000000000e+00 -2.873526000000000025e+01 0.000000000000000000e+00 0.000000000000000000e+00 1.000000000000000000e+00 0.000000000000000000e+00
-9.976539945257681952e-01 -6.845806896764258798e-02 0.000000000000000000e+00 2.356818399999999869e+01 6.845806896764258798e-02 -9.976539945257681952e-01 0.000000000000000000e+00 -2.869945699999999889e+01 0.000000000000000000e+00 0.000000000000000000e+00 1.000000000000000000e+00 0.000000000000000000e+00
-5.608007854204892784e-01 -8.279507709228625112e-01 0.000000000000000000e+00 2.360666499999999957e+01 8.279507709228625112e-01 -5.608007854204892784e-01 0.000000000000000000e+00 -2.861002200000000073e+01 0.000000000000000000e+00 0.000000000000000000e+00 1.000000000000000000e+00 0.000000000000000000e+00
3.799149276824506649e-01 -9.250214309539203095e-01 0.000000000000000000e+00 2.370849400000000173e+01 9.250214309539203095e-01 3.799149276824506649e-01 0.000000000000000000e+00 -2.858705499999999944e+01 0.000000000000000000e+00 0.000000000000000000e+00 1.000000000000000000e+00 0.000000000000000000e+00
5.858725510295688110e-01 -8.104032045532059136e-01 0.000000000000000000e+00 2.375667400000000029e+01 8.104032045532059136e-01 5.858725510295688110e-01 0.000000000000000000e+00 -2.856679199999999952e+01 0.000000000000000000e+00 0.000000000000000000e+00 1.000000000000000000e+00 0.000000000000000000e+00
6.295355730249503345e-01 -7.769716611924448735e-01 0.000000000000000000e+00 2.400329800000000091e+01 7.769716611924448735e-01 6.295355730249503345e-01 0.000000000000000000e+00 -2.819549599999999856e+01 0.000000000000000000e+00 0.000000000000000000e+00 1.000000000000000000e+00 0.000000000000000000e+00
6.730310434252655405e-01 -7.396142336285168595e-01 0.000000000000000000e+00 2.436619900000000172e+01 7.396142336285168595e-01 6.730310434252655405e-01 0.000000000000000000e+00 -2.783622899999999944e+01 0.000000000000000000e+00 0.000000000000000000e+00 1.000000000000000000e+00 0.000000000000000000e+00
3.804365793171418098e-01 -9.248070118232625259e-01 0.000000000000000000e+00 2.455078500000000119e+01 9.248070118232625259e-01 3.804365793171418098e-01 0.000000000000000000e+00 -2.739702799999999883e+01 0.000000000000000000e+00 0.000000000000000000e+00 1.000000000000000000e+00 0.000000000000000000e+00
5.972999708597171997e-01 -8.020179205048856286e-01 0.000000000000000000e+00 2.482427600000000112e+01 8.020179205048856286e-01 5.972999708597171997e-01 0.000000000000000000e+00 -2.697604600000000019e+01 0.000000000000000000e+00 0.000000000000000000e+00 1.000000000000000000e+00 0.000000000000000000e+00
5.924747240776059298e-01 -8.055890399758208753e-01 0.000000000000000000e+00 2.514133299999999949e+01 8.055890399758208753e-01 5.924747240776059298e-01 0.000000000000000000e+00 -2.656919500000000056e+01 0.000000000000000000e+00 0.000000000000000000e+00 1.000000000000000000e+00 0.000000000000000000e+00
4.194336293315409914e-01 -9.077860048413235461e-01 0.000000000000000000e+00 2.536235200000000134e+01 9.077860048413235461e-01 4.194336293315409914e-01 0.000000000000000000e+00 -2.616773200000000088e+01 0.000000000000000000e+00 0.000000000000000000e+00 1.000000000000000000e+00 0.000000000000000000e+00
4.017676526208568411e-01 -9.157416411344012630e-01 0.000000000000000000e+00 2.555153699999999972e+01 9.157416411344012630e-01 4.017676526208568411e-01 0.000000000000000000e+00 -2.572298400000000029e+01 0.000000000000000000e+00 0.000000000000000000e+00 1.000000000000000000e+00 0.000000000000000000e+00
4.438202597657660564e-01 -8.961158279047680697e-01 0.000000000000000000e+00 2.576556400000000124e+01 8.961158279047680697e-01 4.438202597657660564e-01 0.000000000000000000e+00 -2.527259099999999847e+01 0.000000000000000000e+00 0.000000000000000000e+00 1.000000000000000000e+00 0.000000000000000000e+00
5.380738848279604802e-01 -8.428976773405812972e-01 0.000000000000000000e+00 2.602799800000000019e+01 8.428976773405812972e-01 5.380738848279604802e-01 0.000000000000000000e+00 -2.483645599999999831e+01 0.000000000000000000e+00 0.000000000000000000e+00 1.000000000000000000e+00 0.000000000000000000e+00
5.891700705652052061e-01 -8.080090518986722259e-01 0.000000000000000000e+00 2.633293199999999956e+01 8.080090518986722259e-01 5.891700705652052061e-01 0.000000000000000000e+00 -2.441808299999999932e+01 0.000000000000000000e+00 0.000000000000000000e+00 1.000000000000000000e+00 0.000000000000000000e+00
4.438202597657660564e-01 -8.961158279047680697e-01 0.000000000000000000e+00 2.657245299999999943e+01 8.961158279047680697e-01 4.438202597657660564e-01 0.000000000000000000e+00 -2.400696800000000053e+01 0.000000000000000000e+00 0.000000000000000000e+00 1.000000000000000000e+00 0.000000000000000000e+00
3.885075238086921345e-01 -9.214455512639032619e-01 0.000000000000000000e+00 2.674523399999999995e+01 9.214455512639032619e-01 3.885075238086921345e-01 0.000000000000000000e+00 -2.356098899999999929e+01 0.000000000000000000e+00 0.000000000000000000e+00 1.000000000000000000e+00 0.000000000000000000e+00
4.835127651146892136e-01 -8.753373098247025919e-01 0.000000000000000000e+00 2.699166500000000113e+01 8.753373098247025919e-01 4.835127651146892136e-01 0.000000000000000000e+00 -2.309803600000000046e+01 0.000000000000000000e+00 0.000000000000000000e+00 1.000000000000000000e+00 0.000000000000000000e+00
4.713301280884111266e-01 -8.819568642264552505e-01 0.000000000000000000e+00 2.722806200000000132e+01 8.819568642264552505e-01 4.713301280884111266e-01 0.000000000000000000e+00 -2.266349999999999909e+01 0.000000000000000000e+00 0.000000000000000000e+00 1.000000000000000000e+00 0.000000000000000000e+00
4.279282778951392086e-01 -9.038126957382821569e-01 0.000000000000000000e+00 2.744221900000000147e+01 9.038126957382821569e-01 4.279282778951392086e-01 0.000000000000000000e+00 -2.223320800000000119e+01 0.000000000000000000e+00 0.000000000000000000e+00 1.000000000000000000e+00 0.000000000000000000e+00
4.399098867607316166e-01 -8.980419208089120975e-01 0.000000000000000000e+00 2.765336999999999890e+01 8.980419208089120975e-01 4.399098867607316166e-01 0.000000000000000000e+00 -2.178303899999999871e+01 0.000000000000000000e+00 0.000000000000000000e+00 1.000000000000000000e+00 0.000000000000000000e+00
4.438202597657660564e-01 -8.961158279047680697e-01 0.000000000000000000e+00 2.787172899999999842e+01 8.961158279047680697e-01 4.438202597657660564e-01 0.000000000000000000e+00 -2.134081300000000070e+01 0.000000000000000000e+00 0.000000000000000000e+00 1.000000000000000000e+00 0.000000000000000000e+00
3.359289551544722419e-01 -9.418873271728548380e-01 0.000000000000000000e+00 2.822546399999999878e+01 9.418873271728548380e-01 3.359289551544722419e-01 0.000000000000000000e+00 -2.097341199999999972e+01 0.000000000000000000e+00 0.000000000000000000e+00 1.000000000000000000e+00 0.000000000000000000e+00
-5.729081739378130145e-01 -8.196195606714377080e-01 0.000000000000000000e+00 2.836297000000000068e+01 8.196195606714377080e-01 -5.729081739378130145e-01 0.000000000000000000e+00 -2.092878200000000177e+01 0.000000000000000000e+00 0.000000000000000000e+00 1.000000000000000000e+00 0.000000000000000000e+00
-7.526638385875493720e-01 -6.584050015626061736e-01 0.000000000000000000e+00 2.850506599999999935e+01 6.584050015626061736e-01 -7.526638385875493720e-01 0.000000000000000000e+00 -2.099768299999999854e+01 0.000000000000000000e+00 0.000000000000000000e+00 1.000000000000000000e+00 0.000000000000000000e+00
-7.688493288533244652e-01 -6.394299879750655613e-01 0.000000000000000000e+00 2.837016300000000157e+01 6.394299879750655613e-01 -7.688493288533244652e-01 0.000000000000000000e+00 -2.080948300000000017e+01 0.000000000000000000e+00 0.000000000000000000e+00 1.000000000000000000e+00 0.000000000000000000e+00
-8.505933436511348145e-01 -5.258240805976676091e-01 0.000000000000000000e+00 2.818342000000000169e+01 5.258240805976676091e-01 -8.505933436511348145e-01 0.000000000000000000e+00 -2.063521799999999828e+01 0.000000000000000000e+00 0.000000000000000000e+00 1.000000000000000000e+00 0.000000000000000000e+00
-9.197054837066486188e-01 -3.926089953629685048e-01 0.000000000000000000e+00 2.797726099999999860e+01 3.926089953629685048e-01 -9.197054837066486188e-01 0.000000000000000000e+00 -2.056435400000000158e+01 0.000000000000000000e+00 0.000000000000000000e+00 1.000000000000000000e+00 0.000000000000000000e+00
-9.166779399960225394e-01 -3.996267687788801481e-01 0.000000000000000000e+00 2.765401800000000065e+01 3.996267687788801481e-01 -9.166779399960225394e-01 0.000000000000000000e+00 -2.042189199999999971e+01 0.000000000000000000e+00 0.000000000000000000e+00 1.000000000000000000e+00 0.000000000000000000e+00
-8.329239938671870735e-01 5.533874053864381581e-01 0.000000000000000000e+00 2.752455900000000000e+01 -5.533874053864381581e-01 -8.329239938671870735e-01 0.000000000000000000e+00 -2.050016799999999861e+01 0.000000000000000000e+00 0.000000000000000000e+00 1.000000000000000000e+00 0.000000000000000000e+00
-7.106732185872902674e-01 7.035222643120696562e-01 0.000000000000000000e+00 2.749583600000000061e+01 -7.035222643120696562e-01 -7.106732185872902674e-01 0.000000000000000000e+00 -2.057101600000000019e+01 0.000000000000000000e+00 0.000000000000000000e+00 1.000000000000000000e+00 0.000000000000000000e+00
-5.997068112535040019e-01 8.002198076379727354e-01 0.000000000000000000e+00 2.724374999999999858e+01 -8.002198076379727354e-01 -5.997068112535040019e-01 0.000000000000000000e+00 -2.091741599999999934e+01 0.000000000000000000e+00 0.000000000000000000e+00 1.000000000000000000e+00 0.000000000000000000e+00
-1.928782869343046991e-01 9.812226895202169619e-01 0.000000000000000000e+00 2.713686600000000126e+01 -9.812226895202169619e-01 -1.928782869343046991e-01 0.000000000000000000e+00 -2.129262200000000149e+01 0.000000000000000000e+00 0.000000000000000000e+00 1.000000000000000000e+00 0.000000000000000000e+00
-4.252469097012934185e-01 9.050773811058919760e-01 0.000000000000000000e+00 2.700094199999999844e+01 -9.050773811058919760e-01 -4.252469097012934185e-01 0.000000000000000000e+00 -2.176918999999999826e+01 0.000000000000000000e+00 0.000000000000000000e+00 1.000000000000000000e+00 0.000000000000000000e+00
-3.284090170230086758e-01 9.445356094600040331e-01 0.000000000000000000e+00 2.680225799999999836e+01 -9.445356094600040331e-01 -3.284090170230086758e-01 0.000000000000000000e+00 -2.217187099999999944e+01 0.000000000000000000e+00 0.000000000000000000e+00 1.000000000000000000e+00 0.000000000000000000e+00
-5.670670708372572699e-01 8.236716197442115472e-01 0.000000000000000000e+00 2.674938200000000066e+01 -8.236716197442115472e-01 -5.670670708372572699e-01 0.000000000000000000e+00 -2.242904899999999913e+01 0.000000000000000000e+00 0.000000000000000000e+00 1.000000000000000000e+00 0.000000000000000000e+00
-6.767540714526256718e-01 7.362091596634032786e-01 0.000000000000000000e+00 2.674436800000000147e+01 -7.362091596634032786e-01 -6.767540714526256718e-01 0.000000000000000000e+00 -2.243507599999999869e+01 0.000000000000000000e+00 0.000000000000000000e+00 1.000000000000000000e+00 0.000000000000000000e+00
-6.046056395876117096e-01 7.965249654460649920e-01 0.000000000000000000e+00 2.664895599999999831e+01 -7.965249654460649920e-01 -6.046056395876117096e-01 0.000000000000000000e+00 -2.261441599999999852e+01 0.000000000000000000e+00 0.000000000000000000e+00 1.000000000000000000e+00 0.000000000000000000e+00
-7.033495638939379901e-01 7.108441397171444409e-01 0.000000000000000000e+00 2.628956000000000159e+01 -7.108441397171444409e-01 -7.033495638939379901e-01 0.000000000000000000e+00 -2.299957500000000010e+01 0.000000000000000000e+00 0.000000000000000000e+00 1.000000000000000000e+00 0.000000000000000000e+00
-5.191111488603207258e-01 8.547067421805667475e-01 0.000000000000000000e+00 2.601701900000000123e+01 -8.547067421805667475e-01 -5.191111488603207258e-01 0.000000000000000000e+00 -2.340010600000000096e+01 0.000000000000000000e+00 0.000000000000000000e+00 1.000000000000000000e+00 0.000000000000000000e+00
-5.023320313459925801e-01 8.646748118708030839e-01 0.000000000000000000e+00 2.580434800000000095e+01 -8.646748118708030839e-01 -5.023320313459925801e-01 0.000000000000000000e+00 -2.382798000000000016e+01 0.000000000000000000e+00 0.000000000000000000e+00 1.000000000000000000e+00 0.000000000000000000e+00
-5.418096446976584657e-01 8.405012248132640584e-01 0.000000000000000000e+00 2.554740699999999975e+01 -8.405012248132640584e-01 -5.418096446976584657e-01 0.000000000000000000e+00 -2.425754200000000083e+01 0.000000000000000000e+00 0.000000000000000000e+00 1.000000000000000000e+00 0.000000000000000000e+00
-5.021305484810976161e-01 8.647918317618824569e-01 0.000000000000000000e+00 2.531690199999999891e+01 -8.647918317618824569e-01 -5.021305484810976161e-01 0.000000000000000000e+00 -2.467372900000000158e+01 0.000000000000000000e+00 0.000000000000000000e+00 1.000000000000000000e+00 0.000000000000000000e+00
-5.020293644001798672e-01 8.648505751168530375e-01 0.000000000000000000e+00 2.506075699999999884e+01 -8.648505751168530375e-01 -5.020293644001798672e-01 0.000000000000000000e+00 -2.513249799999999823e+01 0.000000000000000000e+00 0.000000000000000000e+00 1.000000000000000000e+00 0.000000000000000000e+00
-5.019290383560376378e-01 8.649088047042782224e-01 0.000000000000000000e+00 2.482459300000000013e+01 -8.649088047042782224e-01 -5.019290383560376378e-01 0.000000000000000000e+00 -2.556206299999999842e+01 0.000000000000000000e+00 0.000000000000000000e+00 1.000000000000000000e+00 0.000000000000000000e+00
-5.151491638265348616e-01 8.571005419487388588e-01 0.000000000000000000e+00 2.458614199999999883e+01 -8.571005419487388588e-01 -5.151491638265348616e-01 0.000000000000000000e+00 -2.599144199999999927e+01 0.000000000000000000e+00 0.000000000000000000e+00 1.000000000000000000e+00 0.000000000000000000e+00
-5.017275009817524500e-01 8.650257306916399047e-01 0.000000000000000000e+00 2.435357099999999875e+01 -8.650257306916399047e-01 -5.017275009817524500e-01 0.000000000000000000e+00 -2.641723999999999961e+01 0.000000000000000000e+00 0.000000000000000000e+00 1.000000000000000000e+00 0.000000000000000000e+00
-5.016271546215944621e-01 8.650839252617302799e-01 0.000000000000000000e+00 2.411288100000000156e+01 -8.650839252617302799e-01 -5.016271546215944621e-01 0.000000000000000000e+00 -2.685151099999999857e+01 0.000000000000000000e+00 0.000000000000000000e+00 1.000000000000000000e+00 0.000000000000000000e+00
-5.051732246836861950e-01 8.630179679836833539e-01 0.000000000000000000e+00 2.387790899999999894e+01 -8.630179679836833539e-01 -5.051732246836861950e-01 0.000000000000000000e+00 -2.727465199999999967e+01 0.000000000000000000e+00 0.000000000000000000e+00 1.000000000000000000e+00 0.000000000000000000e+00
-5.006709308290964167e-01 8.656376950102889767e-01 0.000000000000000000e+00 2.362393399999999843e+01 -8.656376950102889767e-01 -5.006709308290964167e-01 0.000000000000000000e+00 -2.773886699999999905e+01 0.000000000000000000e+00 0.000000000000000000e+00 1.000000000000000000e+00 0.000000000000000000e+00
-5.122432150080954427e-01 8.588404326055976146e-01 0.000000000000000000e+00 2.339107900000000129e+01 -8.588404326055976146e-01 -5.122432150080954427e-01 0.000000000000000000e+00 -2.816696900000000170e+01 0.000000000000000000e+00 0.000000000000000000e+00 1.000000000000000000e+00 0.000000000000000000e+00
-9.254079600989751908e-01 3.789724361816484421e-01 0.000000000000000000e+00 2.319971500000000120e+01 -3.789724361816484421e-01 -9.254079600989751908e-01 0.000000000000000000e+00 -2.837301400000000129e+01 0.000000000000000000e+00 0.000000000000000000e+00 1.000000000000000000e+00 0.000000000000000000e+00
-8.717234615647131424e-01 -4.899981699533520474e-01 0.000000000000000000e+00 2.322601099999999974e+01 4.899981699533520474e-01 -8.717234615647131424e-01 0.000000000000000000e+00 -2.827973000000000070e+01 0.000000000000000000e+00 0.000000000000000000e+00 1.000000000000000000e+00 0.000000000000000000e+00
-3.660949059483072782e-02 -9.993296479132334209e-01 0.000000000000000000e+00 2.332756600000000091e+01 9.993296479132334209e-01 -3.660949059483072782e-02 0.000000000000000000e+00 -2.821939499999999867e+01 0.000000000000000000e+00 0.000000000000000000e+00 1.000000000000000000e+00 0.000000000000000000e+00
6.252519483089463703e-01 -7.804229629731986861e-01 0.000000000000000000e+00 2.342008999999999830e+01 7.804229629731986861e-01 6.252519483089463703e-01 0.000000000000000000e+00 -2.823935900000000032e+01 0.000000000000000000e+00 0.000000000000000000e+00 1.000000000000000000e+00 0.000000000000000000e+00
4.974296512965987183e-01 -8.675043181511802315e-01 0.000000000000000000e+00 2.341805300000000045e+01 8.675043181511802315e-01 4.974296512965987183e-01 0.000000000000000000e+00 -2.824222800000000078e+01 0.000000000000000000e+00 0.000000000000000000e+00 1.000000000000000000e+00 0.000000000000000000e+00
6.006231921840072818e-01 -7.995322263740799462e-01 0.000000000000000000e+00 2.344866199999999878e+01 7.995322263740799462e-01 6.006231921840072818e-01 0.000000000000000000e+00 -2.825038500000000141e+01 0.000000000000000000e+00 0.000000000000000000e+00 1.000000000000000000e+00 0.000000000000000000e+00
6.427076510605640447e-01 -7.661115292620338524e-01 0.000000000000000000e+00 2.365538400000000152e+01 7.661115292620338524e-01 6.427076510605640447e-01 0.000000000000000000e+00 -2.803358800000000173e+01 0.000000000000000000e+00 0.000000000000000000e+00 1.000000000000000000e+00 0.000000000000000000e+00
6.487413356194479119e-01 -7.610089877647272516e-01 0.000000000000000000e+00 2.399156400000000033e+01 7.610089877647272516e-01 6.487413356194479119e-01 0.000000000000000000e+00 -2.766466099999999884e+01 0.000000000000000000e+00 0.000000000000000000e+00 1.000000000000000000e+00 0.000000000000000000e+00
6.486522931277726167e-01 -7.610848852920955032e-01 0.000000000000000000e+00 2.433119999999999905e+01 7.610848852920955032e-01 6.486522931277726167e-01 0.000000000000000000e+00 -2.729344599999999943e+01 0.000000000000000000e+00 0.000000000000000000e+00 1.000000000000000000e+00 0.000000000000000000e+00
6.445444659685259925e-01 -7.645668259801412514e-01 0.000000000000000000e+00 2.466304799999999986e+01 7.645668259801412514e-01 6.445444659685259925e-01 0.000000000000000000e+00 -2.692649799999999871e+01 0.000000000000000000e+00 0.000000000000000000e+00 1.000000000000000000e+00 0.000000000000000000e+00
6.366214962726394200e-01 -7.711764198181799701e-01 0.000000000000000000e+00 2.500329999999999941e+01 7.711764198181799701e-01 6.366214962726394200e-01 0.000000000000000000e+00 -2.654586199999999963e+01 0.000000000000000000e+00 0.000000000000000000e+00 1.000000000000000000e+00 0.000000000000000000e+00
5.750295993882672541e-01 -8.181326052831342510e-01 0.000000000000000000e+00 2.531562999999999874e+01 8.181326052831342510e-01 5.750295993882672541e-01 0.000000000000000000e+00 -2.615575199999999967e+01 0.000000000000000000e+00 0.000000000000000000e+00 1.000000000000000000e+00 0.000000000000000000e+00
5.875229349231477771e-01 -8.092075141391673609e-01 0.000000000000000000e+00 2.559884800000000027e+01 8.092075141391673609e-01 5.875229349231477771e-01 0.000000000000000000e+00 -2.575822300000000098e+01 0.000000000000000000e+00 0.000000000000000000e+00 1.000000000000000000e+00 0.000000000000000000e+00
6.031562825453601340e-01 -7.976230305263644071e-01 0.000000000000000000e+00 2.593966299999999947e+01 7.976230305263644071e-01 6.031562825453601340e-01 0.000000000000000000e+00 -2.537460700000000102e+01 0.000000000000000000e+00 0.000000000000000000e+00 1.000000000000000000e+00 0.000000000000000000e+00
2.963496394189014671e-01 -9.550795208862385977e-01 0.000000000000000000e+00 2.609413699999999992e+01 9.550795208862385977e-01 2.963496394189014671e-01 0.000000000000000000e+00 -2.494819800000000143e+01 0.000000000000000000e+00 0.000000000000000000e+00 1.000000000000000000e+00 0.000000000000000000e+00
5.619193754291127441e-01 -8.271920064394697736e-01 0.000000000000000000e+00 2.636186400000000063e+01 8.271920064394697736e-01 5.619193754291127441e-01 0.000000000000000000e+00 -2.450911100000000076e+01 0.000000000000000000e+00 0.000000000000000000e+00 1.000000000000000000e+00 0.000000000000000000e+00
3.864517359283130560e-01 -9.223096311965919281e-01 0.000000000000000000e+00 2.663297299999999979e+01 9.223096311965919281e-01 3.864517359283130560e-01 0.000000000000000000e+00 -2.409314499999999981e+01 0.000000000000000000e+00 0.000000000000000000e+00 1.000000000000000000e+00 0.000000000000000000e+00
2.124117064945419686e-01 -9.771802632800544730e-01 0.000000000000000000e+00 2.671859200000000101e+01 9.771802632800544730e-01 2.124117064945419686e-01 0.000000000000000000e+00 -2.359319899999999848e+01 0.000000000000000000e+00 0.000000000000000000e+00 1.000000000000000000e+00 0.000000000000000000e+00
4.453842007099174105e-01 -8.953395522135655371e-01 0.000000000000000000e+00 2.694498300000000057e+01 8.953395522135655371e-01 4.453842007099174105e-01 0.000000000000000000e+00 -2.314005900000000082e+01 0.000000000000000000e+00 0.000000000000000000e+00 1.000000000000000000e+00 0.000000000000000000e+00
4.273271478764842923e-01 -9.040970681778308649e-01 0.000000000000000000e+00 2.718841700000000117e+01 9.040970681778308649e-01 4.273271478764842923e-01 0.000000000000000000e+00 -2.270237699999999847e+01 0.000000000000000000e+00 0.000000000000000000e+00 1.000000000000000000e+00 0.000000000000000000e+00
2.618217590427076025e-01 -9.651162450667704062e-01 0.000000000000000000e+00 2.734495700000000085e+01 9.651162450667704062e-01 2.618217590427076025e-01 0.000000000000000000e+00 -2.227147099999999824e+01 0.000000000000000000e+00 0.000000000000000000e+00 1.000000000000000000e+00 0.000000000000000000e+00
3.764378755283309674e-01 -9.264418631882503918e-01 0.000000000000000000e+00 2.752331900000000076e+01 9.264418631882503918e-01 3.764378755283309674e-01 0.000000000000000000e+00 -2.180180400000000063e+01 0.000000000000000000e+00 0.000000000000000000e+00 1.000000000000000000e+00 0.000000000000000000e+00
4.956102709195581157e-01 -8.685450243706668294e-01 0.000000000000000000e+00 2.778945900000000080e+01 8.685450243706668294e-01 4.956102709195581157e-01 0.000000000000000000e+00 -2.134013600000000110e+01 0.000000000000000000e+00 0.000000000000000000e+00 1.000000000000000000e+00 0.000000000000000000e+00
3.945291017776492160e-01 -9.188834462816931614e-01 0.000000000000000000e+00 2.790172199999999947e+01 9.188834462816931614e-01 3.945291017776492160e-01 0.000000000000000000e+00 -2.085274499999999875e+01 0.000000000000000000e+00 0.000000000000000000e+00 1.000000000000000000e+00 0.000000000000000000e+00
3.031946480849668779e-01 -9.529286465274475759e-01 0.000000000000000000e+00 2.787270499999999984e+01 9.529286465274475759e-01 3.031946480849668779e-01 0.000000000000000000e+00 -2.052572599999999881e+01 0.000000000000000000e+00 0.000000000000000000e+00 1.000000000000000000e+00 0.000000000000000000e+00
-3.425630620258935388e-01 -9.394948368859957766e-01 0.000000000000000000e+00 2.768885200000000069e+01 9.394948368859957766e-01 -3.425630620258935388e-01 0.000000000000000000e+00 -2.048942600000000169e+01 0.000000000000000000e+00 0.000000000000000000e+00 1.000000000000000000e+00 0.000000000000000000e+00
-8.334797274789859101e-01 -5.525500374459814124e-01 0.000000000000000000e+00 2.749527900000000002e+01 5.525500374459814124e-01 -8.334797274789859101e-01 0.000000000000000000e+00 -2.045383299999999949e+01 0.000000000000000000e+00 0.000000000000000000e+00 1.000000000000000000e+00 0.000000000000000000e+00
-8.010532371200798085e-01 -5.985931099665625643e-01 0.000000000000000000e+00 2.754144099999999895e+01 5.985931099665625643e-01 -8.010532371200798085e-01 0.000000000000000000e+00 -2.041536500000000132e+01 0.000000000000000000e+00 0.000000000000000000e+00 1.000000000000000000e+00 0.000000000000000000e+00
-8.331237124424490936e-01 -5.530866837721835072e-01 0.000000000000000000e+00 2.765903899999999993e+01 5.530866837721835072e-01 -8.331237124424490936e-01 0.000000000000000000e+00 -2.039776399999999867e+01 0.000000000000000000e+00 0.000000000000000000e+00 1.000000000000000000e+00 0.000000000000000000e+00
-8.523751797961167664e-01 -5.229307342923511515e-01 0.000000000000000000e+00 2.758142499999999941e+01 5.229307342923511515e-01 -8.523751797961167664e-01 0.000000000000000000e+00 -2.029885099999999909e+01 0.000000000000000000e+00 0.000000000000000000e+00 1.000000000000000000e+00 0.000000000000000000e+00
-8.760966345951679557e-01 -4.821355482133845016e-01 0.000000000000000000e+00 2.768026700000000062e+01 4.821355482133845016e-01 -8.760966345951679557e-01 0.000000000000000000e+00 -2.032377999999999929e+01 0.000000000000000000e+00 0.000000000000000000e+00 1.000000000000000000e+00 0.000000000000000000e+00
-8.823678455169269297e-01 -4.705602885899070054e-01 0.000000000000000000e+00 2.714110399999999856e+01 4.705602885899070054e-01 -8.823678455169269297e-01 0.000000000000000000e+00 -2.002705200000000119e+01 0.000000000000000000e+00 0.000000000000000000e+00 1.000000000000000000e+00 0.000000000000000000e+00
-9.392966852422084401e-01 3.431060143643646088e-01 0.000000000000000000e+00 2.694262300000000110e+01 -3.431060143643646088e-01 -9.392966852422084401e-01 0.000000000000000000e+00 -2.002021799999999985e+01 0.000000000000000000e+00 0.000000000000000000e+00 1.000000000000000000e+00 0.000000000000000000e+00
-3.695462655726293177e-01 9.292123318172891278e-01 0.000000000000000000e+00 2.696119300000000152e+01 -9.292123318172891278e-01 -3.695462655726293177e-01 0.000000000000000000e+00 -2.009730300000000014e+01 0.000000000000000000e+00 0.000000000000000000e+00 1.000000000000000000e+00 0.000000000000000000e+00
-3.348119672053382345e-01 9.422849604106453558e-01 0.000000000000000000e+00 2.675421300000000002e+01 -9.422849604106453558e-01 -3.348119672053382345e-01 0.000000000000000000e+00 -2.054050300000000107e+01 0.000000000000000000e+00 0.000000000000000000e+00 1.000000000000000000e+00 0.000000000000000000e+00
-3.722468486988729786e-01 9.281337638690655423e-01 0.000000000000000000e+00 2.653585400000000050e+01 -9.281337638690655423e-01 -3.722468486988729786e-01 0.000000000000000000e+00 -2.101998899999999892e+01 0.000000000000000000e+00 0.000000000000000000e+00 1.000000000000000000e+00 0.000000000000000000e+00
-4.090864421904259474e-01 9.124956344092717275e-01 0.000000000000000000e+00 2.629939699999999903e+01 -9.124956344092717275e-01 -4.090864421904259474e-01 0.000000000000000000e+00 -2.148133100000000084e+01 0.000000000000000000e+00 0.000000000000000000e+00 1.000000000000000000e+00 0.000000000000000000e+00
-3.567051707228120483e-01 9.342170096822308700e-01 0.000000000000000000e+00 2.609230000000000160e+01 -9.342170096822308700e-01 -3.567051707228120483e-01 0.000000000000000000e+00 -2.191837299999999900e+01 0.000000000000000000e+00 0.000000000000000000e+00 1.000000000000000000e+00 0.000000000000000000e+00
-3.688167201052504618e-01 9.295021393040499014e-01 0.000000000000000000e+00 2.588993500000000125e+01 -9.295021393040499014e-01 -3.688167201052504618e-01 0.000000000000000000e+00 -2.236402500000000160e+01 0.000000000000000000e+00 0.000000000000000000e+00 1.000000000000000000e+00 0.000000000000000000e+00
-3.772440582000459175e-01 9.261138809848172837e-01 0.000000000000000000e+00 2.567981899999999840e+01 -9.261138809848172837e-01 -3.772440582000459175e-01 0.000000000000000000e+00 -2.280615799999999993e+01 0.000000000000000000e+00 0.000000000000000000e+00 1.000000000000000000e+00 0.000000000000000000e+00
-3.856402735386418312e-01 9.226492179723784215e-01 0.000000000000000000e+00 2.546589499999999973e+01 -9.226492179723784215e-01 -3.856402735386418312e-01 0.000000000000000000e+00 -2.325181999999999860e+01 0.000000000000000000e+00 0.000000000000000000e+00 1.000000000000000000e+00 0.000000000000000000e+00
-3.797385621223478558e-01 9.250938462865547773e-01 0.000000000000000000e+00 2.525086800000000054e+01 -9.250938462865547773e-01 -3.797385621223478558e-01 0.000000000000000000e+00 -2.369442199999999943e+01 0.000000000000000000e+00 0.000000000000000000e+00 1.000000000000000000e+00 0.000000000000000000e+00
-3.547070010205734536e-01 9.349775095835144434e-01 0.000000000000000000e+00 2.504553800000000052e+01 -9.349775095835144434e-01 -3.547070010205734536e-01 0.000000000000000000e+00 -2.414923699999999940e+01 0.000000000000000000e+00 0.000000000000000000e+00 1.000000000000000000e+00 0.000000000000000000e+00
-3.243530037199825466e-01 9.459361125244267754e-01 0.000000000000000000e+00 2.485413000000000139e+01 -9.459361125244267754e-01 -3.243530037199825466e-01 0.000000000000000000e+00 -2.459956199999999882e+01 0.000000000000000000e+00 0.000000000000000000e+00 1.000000000000000000e+00 0.000000000000000000e+00
-3.329314436765204999e-01 9.429510346839160562e-01 0.000000000000000000e+00 2.466262800000000155e+01 -9.429510346839160562e-01 -3.329314436765204999e-01 0.000000000000000000e+00 -2.505365799999999865e+01 0.000000000000000000e+00 0.000000000000000000e+00 1.000000000000000000e+00 0.000000000000000000e+00
-3.414814767934834516e-01 9.398885045615472666e-01 0.000000000000000000e+00 2.447120299999999915e+01 -9.398885045615472666e-01 -3.414814767934834516e-01 0.000000000000000000e+00 -2.549741200000000063e+01 0.000000000000000000e+00 0.000000000000000000e+00 1.000000000000000000e+00 0.000000000000000000e+00
-3.500042805299226623e-01 9.367481004041220416e-01 0.000000000000000000e+00 2.427212899999999962e+01 -9.367481004041220416e-01 -3.500042805299226623e-01 0.000000000000000000e+00 -2.595291699999999935e+01 0.000000000000000000e+00 0.000000000000000000e+00 1.000000000000000000e+00 0.000000000000000000e+00
-3.584982088005861378e-01 9.335304142269663652e-01 0.000000000000000000e+00 2.407078200000000123e+01 -9.335304142269663652e-01 -3.584982088005861378e-01 0.000000000000000000e+00 -2.639366000000000057e+01 0.000000000000000000e+00 0.000000000000000000e+00 1.000000000000000000e+00 0.000000000000000000e+00
-3.739243052177244064e-01 9.274592249621770312e-01 0.000000000000000000e+00 2.386261599999999916e+01 -9.274592249621770312e-01 -3.739243052177244064e-01 0.000000000000000000e+00 -2.684545699999999968e+01 0.000000000000000000e+00 0.000000000000000000e+00 1.000000000000000000e+00 0.000000000000000000e+00
-3.753957115129188948e-01 9.268646394041092362e-01 0.000000000000000000e+00 2.365304000000000073e+01 -9.268646394041092362e-01 -3.753957115129188948e-01 0.000000000000000000e+00 -2.728946699999999836e+01 0.000000000000000000e+00 0.000000000000000000e+00 1.000000000000000000e+00 0.000000000000000000e+00
-3.800539970396282219e-01 9.249643016539623730e-01 0.000000000000000000e+00 2.343921100000000024e+01 -9.249643016539623730e-01 -3.800539970396282219e-01 0.000000000000000000e+00 -2.773865699999999990e+01 0.000000000000000000e+00 0.000000000000000000e+00 1.000000000000000000e+00 0.000000000000000000e+00
-3.921702692428908898e-01 9.198926458679612672e-01 0.000000000000000000e+00 2.322307400000000044e+01 -9.198926458679612672e-01 -3.921702692428908898e-01 0.000000000000000000e+00 -2.818042900000000017e+01 0.000000000000000000e+00 0.000000000000000000e+00 1.000000000000000000e+00 0.000000000000000000e+00
-3.961836881863610715e-01 9.181712722662652704e-01 0.000000000000000000e+00 2.301787399999999906e+01 -9.181712722662652704e-01 -3.961836881863610715e-01 0.000000000000000000e+00 -2.858777399999999957e+01 0.000000000000000000e+00 0.000000000000000000e+00 1.000000000000000000e+00 0.000000000000000000e+00
-6.257320603711500340e-01 7.800380687015701087e-01 0.000000000000000000e+00 2.296568900000000113e+01 -7.800380687015701087e-01 -6.257320603711500340e-01 0.000000000000000000e+00 -2.855266599999999855e+01 0.000000000000000000e+00 0.000000000000000000e+00 1.000000000000000000e+00 0.000000000000000000e+00
-9.932168205193675492e-01 -1.162770288466226931e-01 0.000000000000000000e+00 2.288530300000000040e+01 1.162770288466226931e-01 -9.932168205193675492e-01 0.000000000000000000e+00 -2.844540800000000047e+01 0.000000000000000000e+00 0.000000000000000000e+00 1.000000000000000000e+00 0.000000000000000000e+00
-4.103051709070145159e-01 -9.119482807303085359e-01 0.000000000000000000e+00 2.282628300000000010e+01 9.119482807303085359e-01 -4.103051709070145159e-01 0.000000000000000000e+00 -2.829439400000000049e+01 0.000000000000000000e+00 0.000000000000000000e+00 1.000000000000000000e+00 0.000000000000000000e+00
4.713892181403696591e-01 -8.819252831283447280e-01 0.000000000000000000e+00 2.289390600000000120e+01 8.819252831283447280e-01 4.713892181403696591e-01 0.000000000000000000e+00 -2.827238099999999932e+01 0.000000000000000000e+00 0.000000000000000000e+00 1.000000000000000000e+00 0.000000000000000000e+00
4.845374533640098846e-01 -8.747705163570157483e-01 0.000000000000000000e+00 2.293111400000000089e+01 8.747705163570157483e-01 4.845374533640098846e-01 0.000000000000000000e+00 -2.815036399999999972e+01 0.000000000000000000e+00 0.000000000000000000e+00 1.000000000000000000e+00 0.000000000000000000e+00
5.690337397052038781e-01 -8.223141754081041421e-01 0.000000000000000000e+00 2.317986499999999950e+01 8.223141754081041421e-01 5.690337397052038781e-01 0.000000000000000000e+00 -2.772590100000000035e+01 0.000000000000000000e+00 0.000000000000000000e+00 1.000000000000000000e+00 0.000000000000000000e+00
6.137678553529316572e-01 -7.894865544994814632e-01 0.000000000000000000e+00 2.346390299999999840e+01 7.894865544994814632e-01 6.137678553529316572e-01 0.000000000000000000e+00 -2.731855600000000095e+01 0.000000000000000000e+00 0.000000000000000000e+00 1.000000000000000000e+00 0.000000000000000000e+00
