-1.020349614687611484e-02 9.999479429782235362e-01 0.000000000000000000e+00 5.396229999999999777e-02 -9.999479429782235362e-01 -1.020349614687611484e-02 0.000000000000000000e+00 6.816519999999999524e-02 0.000000000000000000e+00 0.000000000000000000e+00 1.000000000000000000e+00 0.000000000000000000e+00
-1.626295623850485678e-02 9.998677493820792295e-01 0.000000000000000000e+00 5.380619999999999847e-02 -9.998677493820792295e-01 -1.626295623850485678e-02 0.000000000000000000e+00 6.849239999999999495e-02 0.000000000000000000e+00 0.000000000000000000e+00 1.000000000000000000e+00 0.000000000000000000e+00
-2.736025848056275814e-02 9.996256380545053277e-01 0.000000000000000000e+00 5.425839999999999830e-02 -9.996256380545053277e-01 -2.736025848056275814e-02 0.000000000000000000e+00 6.245389999999999969e-02 0.000000000000000000e+00 0.000000000000000000e+00 1.000000000000000000e+00 0.000000000000000000e+00
-2.422130425450339311e-02 9.997066211745377906e-01 0.000000000000000000e+00 5.440559999999999841e-02 -9.997066211745377906e-01 -2.422130425450339311e-02 0.000000000000000000e+00 5.831259999999999916e-02 0.000000000000000000e+00 0.000000000000000000e+00 1.000000000000000000e+00 0.000000000000000000e+00
-2.142203442535576402e-02 9.997705218904380242e-01 0.000000000000000000e+00 5.454470000000000152e-02 -9.997705218904380242e-01 -2.142203442535576402e-02 0.000000000000000000e+00 5.164180000000000159e-02 0.000000000000000000e+00 0.000000000000000000e+00 1.000000000000000000e+00 0.000000000000000000e+00
4.036315834977328987e-03 9.999918540440618786e-01 0.000000000000000000e+00 5.512360000000000176e-02 -9.999918540440618786e-01 4.036315834977328987e-03 0.000000000000000000e+00 -2.027619999999999978e-01 0.000000000000000000e+00 0.000000000000000000e+00 1.000000000000000000e+00 0.000000000000000000e+00
-2.780009109864174308e-02 9.996135027774020188e-01 0.000000000000000000e+00 6.105859999999999760e-02 -9.996135027774020188e-01 -2.780009109864174308e-02 0.000000000000000000e+00 -4.461760000000000170e-01 0.000000000000000000e+00 0.000000000000000000e+00 1.000000000000000000e+00 0.000000000000000000e+00
-1.001455178759753512e-01 9.949728012610961070e-01 0.000000000000000000e+00 5.472500000000000281e-02 -9.949728012610961070e-01 -1.001455178759753512e-01 0.000000000000000000e+00 -6.843310000000000226e-01 0.000000000000000000e+00 0.000000000000000000e+00 1.000000000000000000e+00 0.000000000000000000e+00
-1.440705637108465054e-01 9.895674169413819499e-01 0.000000000000000000e+00 3.000210000000000030e-02 -9.895674169413819499e-01 -1.440705637108465054e-01 0.000000000000000000e+00 -9.356170000000000320e-01 0.000000000000000000e+00 0.000000000000000000e+00 1.000000000000000000e+00 0.000000000000000000e+00
-1.612268825171896958e-01 9.869173685541198227e-01 0.000000000000000000e+00 1.633899999999999979e-03 -9.869173685541198227e-01 -1.612268825171896958e-01 0.000000000000000000e+00 -1.176369999999999916e+00 0.000000000000000000e+00 0.000000000000000000e+00 1.000000000000000000e+00 0.000000000000000000e+00
-1.236761953267377090e-01 9.923226283369248613e-01 0.000000000000000000e+00 -2.033909999999999885e-02 -9.923226283369248613e-01 -1.236761953267377090e-01 0.000000000000000000e+00 -1.415769999999999973e+00 0.000000000000000000e+00 0.000000000000000000e+00 1.000000000000000000e+00 0.000000000000000000e+00
-4.653685949522932963e-02 9.989165734476134206e-01 0.000000000000000000e+00 -2.244480000000000086e-02 -9.989165734476134206e-01 -4.653685949522932963e-02 0.000000000000000000e+00 -1.646740000000000093e+00 0.000000000000000000e+00 0.000000000000000000e+00 1.000000000000000000e+00 0.000000000000000000e+00
-4.443903361907926980e-02 9.990120981704887493e-01 0.000000000000000000e+00 -2.545340000000000102e-02 -9.990120981704887493e-01 -4.443903361907926980e-02 0.000000000000000000e+00 -1.881410000000000027e+00 0.000000000000000000e+00 0.000000000000000000e+00 1.000000000000000000e+00 0.000000000000000000e+00
-9.850367717576270776e-02 9.951366868841954316e-01 0.000000000000000000e+00 -3.221099999999999658e-02 -9.951366868841954316e-01 -9.850367717576270776e-02 0.000000000000000000e+00 -2.126869999999999816e+00 0.000000000000000000e+00 0.000000000000000000e+00 1.000000000000000000e+00 0.000000000000000000e+00
-1.178491642068402179e-01 9.930315073026380057e-01 0.000000000000000000e+00 -4.830689999999999984e-02 -9.930315073026380057e-01 -1.178491642068402179e-01 0.000000000000000000e+00 -2.363970000000000127e+00 0.000000000000000000e+00 0.000000000000000000e+00 1.000000000000000000e+00 0.000000000000000000e+00
-9.968781980814063470e-02 9.950187629295739189e-01 0.000000000000000000e+00 -6.276379999999999459e-02 -9.950187629295739189e-01 -9.968781980814063470e-02 0.000000000000000000e+00 -2.600830000000000197e+00 0.000000000000000000e+00 0.000000000000000000e+00 1.000000000000000000e+00 0.000000000000000000e+00
-5.089167963395593158e-02 9.987041788958503918e-01 0.000000000000000000e+00 -6.793699999999999739e-02 -9.987041788958503918e-01 -5.089167963395593158e-02 0.000000000000000000e+00 -2.833889999999999798e+00 0.000000000000000000e+00 0.000000000000000000e+00 1.000000000000000000e+00 0.000000000000000000e+00
-4.679657622845363740e-02 9.989044401009009588e-01 0.000000000000000000e+00 -7.080709999999999782e-02 -9.989044401009009588e-01 -4.679657622845363740e-02 0.000000000000000000e+00 -3.074409999999999865e+00 0.000000000000000000e+00 0.000000000000000000e+00 1.000000000000000000e+00 0.000000000000000000e+00
-6.355081809020153571e-02 9.979786037386102482e-01 0.000000000000000000e+00 -7.522660000000000458e-02 -9.979786037386102482e-01 -6.355081809020153571e-02 0.000000000000000000e+00 -3.311539999999999928e+00 0.000000000000000000e+00 0.000000000000000000e+00 1.000000000000000000e+00 0.000000000000000000e+00
-6.184418259504127074e-02 9.980858164903212426e-01 0.000000000000000000e+00 -8.003319999999999879e-02 -9.980858164903212426e-01 -6.184418259504127074e-02 0.000000000000000000e+00 -3.556360000000000188e+00 0.000000000000000000e+00 0.000000000000000000e+00 1.000000000000000000e+00 0.000000000000000000e+00
-6.283225708522059694e-02 9.980241016476389948e-01 0.000000000000000000e+00 -8.248489999999999989e-02 -9.980241016476389948e-01 -6.283225708522059694e-02 0.000000000000000000e+00 -3.791640000000000121e+00 0.000000000000000000e+00 0.000000000000000000e+00 1.000000000000000000e+00 0.000000000000000000e+00
-7.161232297661780655e-02 9.974325416778282438e-01 0.000000000000000000e+00 -8.607929999999999748e-02 -9.974325416778282438e-01 -7.161232297661780655e-02 0.000000000000000000e+00 -4.031780000000000364e+00 0.000000000000000000e+00 0.000000000000000000e+00 1.000000000000000000e+00 0.000000000000000000e+00
-6.163458321145480479e-02 9.980987817607785972e-01 0.000000000000000000e+00 -9.026869999999999339e-02 -9.980987817607785972e-01 -6.163458321145480479e-02 0.000000000000000000e+00 -4.274490000000000123e+00 0.000000000000000000e+00 0.000000000000000000e+00 1.000000000000000000e+00 0.000000000000000000e+00
-5.732223476188866296e-02 9.983557288872052515e-01 0.000000000000000000e+00 -9.278169999999999473e-02 -9.983557288872052515e-01 -5.732223476188866296e-02 0.000000000000000000e+00 -4.512590000000000323e+00 0.000000000000000000e+00 0.000000000000000000e+00 1.000000000000000000e+00 0.000000000000000000e+00
-4.233102073257349884e-02 9.991036406117927982e-01 0.000000000000000000e+00 -9.659099999999999631e-02 -9.991036406117927982e-01 -4.233102073257349884e-02 0.000000000000000000e+00 -4.752320000000000100e+00 0.000000000000000000e+00 0.000000000000000000e+00 1.000000000000000000e+00 0.000000000000000000e+00
-1.054347785117632115e-02 9.999444159926099696e-01 0.000000000000000000e+00 -8.677319999999999478e-02 -9.999444159926099696e-01 -1.054347785117632115e-02 0.000000000000000000e+00 -4.985240000000000116e+00 0.000000000000000000e+00 0.000000000000000000e+00 1.000000000000000000e+00 0.000000000000000000e+00
-1.229336354128780957e-02 9.999244337512919190e-01 0.000000000000000000e+00 -7.922089999999999688e-02 -9.999244337512919190e-01 -1.229336354128780957e-02 0.000000000000000000e+00 -5.230389999999999873e+00 0.000000000000000000e+00 0.000000000000000000e+00 1.000000000000000000e+00 0.000000000000000000e+00
-2.891964055147297485e-02 9.995817397243577096e-01 0.000000000000000000e+00 -7.692920000000000313e-02 -9.995817397243577096e-01 -2.891964055147297485e-02 0.000000000000000000e+00 -5.470579999999999998e+00 0.000000000000000000e+00 0.000000000000000000e+00 1.000000000000000000e+00 0.000000000000000000e+00
-1.126343503561717287e-02 9.999365655036315248e-01 0.000000000000000000e+00 -6.861050000000000482e-02 -9.999365655036315248e-01 -1.126343503561717287e-02 0.000000000000000000e+00 -5.710239999999999760e+00 0.000000000000000000e+00 0.000000000000000000e+00 1.000000000000000000e+00 0.000000000000000000e+00
-1.860260011215665935e-02 9.998269566625352933e-01 0.000000000000000000e+00 -6.211660000000000098e-02 -9.998269566625352933e-01 -1.860260011215665935e-02 0.000000000000000000e+00 -5.942099999999999937e+00 0.000000000000000000e+00 0.000000000000000000e+00 1.000000000000000000e+00 0.000000000000000000e+00
-2.039225960657095604e-02 9.997920562537683242e-01 0.000000000000000000e+00 -5.263589999999999935e-02 -9.997920562537683242e-01 -2.039225960657095604e-02 0.000000000000000000e+00 -6.180229999999999890e+00 0.000000000000000000e+00 0.000000000000000000e+00 1.000000000000000000e+00 0.000000000000000000e+00
-2.310161788127341673e-02 9.997331220137040120e-01 0.000000000000000000e+00 -5.016559999999999769e-02 -9.997331220137040120e-01 -2.310161788127341673e-02 0.000000000000000000e+00 -6.406310000000000393e+00 0.000000000000000000e+00 0.000000000000000000e+00 1.000000000000000000e+00 0.000000000000000000e+00
-2.952937999439153235e-02 9.995639127725384210e-01 0.000000000000000000e+00 -4.785179999999999989e-02 -9.995639127725384210e-01 -2.952937999439153235e-02 0.000000000000000000e+00 -6.635950000000000237e+00 0.000000000000000000e+00 0.000000000000000000e+00 1.000000000000000000e+00 0.000000000000000000e+00
-3.514643328041907461e-02 9.993821732588915596e-01 0.000000000000000000e+00 -4.785620000000000152e-02 -9.993821732588915596e-01 -3.514643328041907461e-02 0.000000000000000000e+00 -6.861100000000000421e+00 0.000000000000000000e+00 0.000000000000000000e+00 1.000000000000000000e+00 0.000000000000000000e+00
-3.890385295497488655e-02 9.992429585567554895e-01 0.000000000000000000e+00 -4.850600000000000050e-02 -9.992429585567554895e-01 -3.890385295497488655e-02 0.000000000000000000e+00 -7.082559999999999967e+00 0.000000000000000000e+00 0.000000000000000000e+00 1.000000000000000000e+00 0.000000000000000000e+00
-4.210122577760335577e-02 9.991133503201842236e-01 0.000000000000000000e+00 -5.106680000000000247e-02 -9.991133503201842236e-01 -4.210122577760335577e-02 0.000000000000000000e+00 -7.308390000000000164e+00 0.000000000000000000e+00 0.000000000000000000e+00 1.000000000000000000e+00 0.000000000000000000e+00
-5.650356388421042680e-02 9.984023974672652235e-01 0.000000000000000000e+00 -5.615730000000000027e-02 -9.984023974672652235e-01 -5.650356388421042680e-02 0.000000000000000000e+00 -7.531170000000000364e+00 0.000000000000000000e+00 0.000000000000000000e+00 1.000000000000000000e+00 0.000000000000000000e+00
-4.312029931716303971e-02 9.990698873386176793e-01 0.000000000000000000e+00 -5.770569999999999866e-02 -9.990698873386176793e-01 -4.312029931716303971e-02 0.000000000000000000e+00 -7.754629999999999690e+00 0.000000000000000000e+00 0.000000000000000000e+00 1.000000000000000000e+00 0.000000000000000000e+00
-1.339327275911336018e-02 9.999103060999021686e-01 0.000000000000000000e+00 -5.298520000000000313e-02 -9.999103060999021686e-01 -1.339327275911336018e-02 0.000000000000000000e+00 -7.982549999999999812e+00 0.000000000000000000e+00 0.000000000000000000e+00 1.000000000000000000e+00 0.000000000000000000e+00
3.363267885560113058e-04 9.999999434421440458e-01 0.000000000000000000e+00 -4.595740000000000242e-02 -9.999999434421440458e-01 3.363267885560113058e-04 0.000000000000000000e+00 -8.200530000000000541e+00 0.000000000000000000e+00 0.000000000000000000e+00 1.000000000000000000e+00 0.000000000000000000e+00
-5.213649585120481468e-03 9.999864088366419157e-01 0.000000000000000000e+00 -4.038739999999999691e-02 -9.999864088366419157e-01 -5.213649585120481468e-03 0.000000000000000000e+00 -8.430930000000000035e+00 0.000000000000000000e+00 0.000000000000000000e+00 1.000000000000000000e+00 0.000000000000000000e+00
-1.047348171628246713e-02 9.999451515861951245e-01 0.000000000000000000e+00 -3.744120000000000087e-02 -9.999451515861951245e-01 -1.047348171628246713e-02 0.000000000000000000e+00 -8.653280000000000527e+00 0.000000000000000000e+00 0.000000000000000000e+00 1.000000000000000000e+00 0.000000000000000000e+00
-1.078346420505853220e-02 9.999418567595509399e-01 0.000000000000000000e+00 -3.276319999999999927e-02 -9.999418567595509399e-01 -1.078346420505853220e-02 0.000000000000000000e+00 -8.874330000000000496e+00 0.000000000000000000e+00 0.000000000000000000e+00 1.000000000000000000e+00 0.000000000000000000e+00
-1.208337914067471319e-02 9.999269933092829188e-01 0.000000000000000000e+00 -2.733700000000000019e-02 -9.999269933092829188e-01 -1.208337914067471319e-02 0.000000000000000000e+00 -9.099239999999999995e+00 0.000000000000000000e+00 0.000000000000000000e+00 1.000000000000000000e+00 0.000000000000000000e+00
-1.302330503752831443e-02 9.999151931668502913e-01 0.000000000000000000e+00 -2.124629999999999921e-02 -9.999151931668502913e-01 -1.302330503752831443e-02 0.000000000000000000e+00 -9.322240000000000748e+00 0.000000000000000000e+00 0.000000000000000000e+00 1.000000000000000000e+00 0.000000000000000000e+00
-1.722282163650557321e-02 9.998516762074648456e-01 0.000000000000000000e+00 -2.069009999999999946e-02 -9.998516762074648456e-01 -1.722282163650557321e-02 0.000000000000000000e+00 -9.554259999999999309e+00 0.000000000000000000e+00 0.000000000000000000e+00 1.000000000000000000e+00 0.000000000000000000e+00
-2.376143666236694291e-02 9.997176572051432730e-01 0.000000000000000000e+00 -1.872729999999999881e-02 -9.997176572051432730e-01 -2.376143666236694291e-02 0.000000000000000000e+00 -9.775190000000000268e+00 0.000000000000000000e+00 0.000000000000000000e+00 1.000000000000000000e+00 0.000000000000000000e+00
-2.871972362646809177e-02 9.995875036607947406e-01 0.000000000000000000e+00 -1.451269999999999991e-02 -9.995875036607947406e-01 -2.871972362646809177e-02 0.000000000000000000e+00 -9.991559999999999775e+00 0.000000000000000000e+00 0.000000000000000000e+00 1.000000000000000000e+00 0.000000000000000000e+00
-3.702179894437325203e-01 9.289449070274514719e-01 0.000000000000000000e+00 -5.727499999999999952e-02 -9.289449070274514719e-01 -3.702179894437325203e-01 0.000000000000000000e+00 -1.018329999999999913e+01 0.000000000000000000e+00 0.000000000000000000e+00 1.000000000000000000e+00 0.000000000000000000e+00
-8.095432530114994307e-01 5.870602366908862502e-01 0.000000000000000000e+00 -7.809829999999999550e-02 -5.870602366908862502e-01 -8.095432530114994307e-01 0.000000000000000000e+00 -1.017280000000000051e+01 0.000000000000000000e+00 0.000000000000000000e+00 1.000000000000000000e+00 0.000000000000000000e+00
-9.982021793622825045e-01 5.993670925559296814e-02 0.000000000000000000e+00 -8.479119999999999713e-02 -5.993670925559296814e-02 -9.982021793622825045e-01 0.000000000000000000e+00 -1.013790000000000013e+01 0.000000000000000000e+00 0.000000000000000000e+00 1.000000000000000000e+00 0.000000000000000000e+00
-8.593174802402953061e-01 -5.114425365116491706e-01 0.000000000000000000e+00 -8.692759999999999376e-02 5.114425365116491706e-01 -8.593174802402953061e-01 0.000000000000000000e+00 -1.010619999999999941e+01 0.000000000000000000e+00 0.000000000000000000e+00 1.000000000000000000e+00 0.000000000000000000e+00
-4.360220649208529364e-01 -8.999359748905226830e-01 0.000000000000000000e+00 -7.584910000000000263e-02 8.999359748905226830e-01 -4.360220649208529364e-01 0.000000000000000000e+00 -1.007799999999999940e+01 0.000000000000000000e+00 0.000000000000000000e+00 1.000000000000000000e+00 0.000000000000000000e+00
1.085420596914595109e-01 -9.940918575654543732e-01 0.000000000000000000e+00 -5.852269999999999694e-02 9.940918575654543732e-01 1.085420596914595109e-01 0.000000000000000000e+00 -1.005990000000000073e+01 0.000000000000000000e+00 0.000000000000000000e+00 1.000000000000000000e+00 0.000000000000000000e+00
-4.753575263376293852e-02 -9.988695371376292709e-01 0.000000000000000000e+00 -7.732799999999999396e-02 9.988695371376292709e-01 -4.753575263376293852e-02 0.000000000000000000e+00 -9.787750000000000838e+00 0.000000000000000000e+00 0.000000000000000000e+00 1.000000000000000000e+00 0.000000000000000000e+00
1.189043459646937778e-01 -9.929057138070604971e-01 0.000000000000000000e+00 -7.348530000000000340e-02 9.929057138070604971e-01 1.189043459646937778e-01 0.000000000000000000e+00 -9.549720000000000653e+00 0.000000000000000000e+00 0.000000000000000000e+00 1.000000000000000000e+00 0.000000000000000000e+00
2.331895036414264322e-01 -9.724313114001755798e-01 0.000000000000000000e+00 -3.207700000000000135e-02 9.724313114001755798e-01 2.331895036414264322e-01 0.000000000000000000e+00 -9.297180000000000888e+00 0.000000000000000000e+00 0.000000000000000000e+00 1.000000000000000000e+00 0.000000000000000000e+00
2.689149696279659607e-01 -9.631639212044802445e-01 0.000000000000000000e+00 2.032580000000000151e-02 9.631639212044802445e-01 2.689149696279659607e-01 0.000000000000000000e+00 -9.055759999999999366e+00 0.000000000000000000e+00 0.000000000000000000e+00 1.000000000000000000e+00 0.000000000000000000e+00
-7.820373962597312878e-02 -9.969373977881023086e-01 0.000000000000000000e+00 1.884239999999999873e-02 9.969373977881023086e-01 -7.820373962597312878e-02 0.000000000000000000e+00 -8.786009999999999209e+00 0.000000000000000000e+00 0.000000000000000000e+00 1.000000000000000000e+00 0.000000000000000000e+00
-1.701714687090701283e-01 -9.854144667282889181e-01 0.000000000000000000e+00 -2.771900000000000058e-02 9.854144667282889181e-01 -1.701714687090701283e-01 0.000000000000000000e+00 -8.552279999999999660e+00 0.000000000000000000e+00 0.000000000000000000e+00 1.000000000000000000e+00 0.000000000000000000e+00
-5.868992788856730591e-02 -9.982762605433601610e-01 0.000000000000000000e+00 -6.662600000000000466e-02 9.982762605433601610e-01 -5.868992788856730591e-02 0.000000000000000000e+00 -8.307880000000000820e+00 0.000000000000000000e+00 0.000000000000000000e+00 1.000000000000000000e+00 0.000000000000000000e+00
9.915313568153413804e-02 -9.950721861676766755e-01 0.000000000000000000e+00 -6.863400000000000056e-02 9.950721861676766755e-01 9.915313568153413804e-02 0.000000000000000000e+00 -8.067520000000000024e+00 0.000000000000000000e+00 0.000000000000000000e+00 1.000000000000000000e+00 0.000000000000000000e+00
1.518763081063554954e-01 -9.883995078084485408e-01 0.000000000000000000e+00 -4.404770000000000213e-02 9.883995078084485408e-01 1.518763081063554954e-01 0.000000000000000000e+00 -7.818369999999999820e+00 0.000000000000000000e+00 0.000000000000000000e+00 1.000000000000000000e+00 0.000000000000000000e+00
1.708441257286628379e-01 -9.852980689639094791e-01 0.000000000000000000e+00 -1.502299999999999990e-02 9.852980689639094791e-01 1.708441257286628379e-01 0.000000000000000000e+00 -7.574810000000000265e+00 0.000000000000000000e+00 0.000000000000000000e+00 1.000000000000000000e+00 0.000000000000000000e+00
1.345073986459747184e-01 -9.909125893384809203e-01 0.000000000000000000e+00 6.511270000000000426e-03 9.909125893384809203e-01 1.345073986459747184e-01 0.000000000000000000e+00 -7.335020000000000095e+00 0.000000000000000000e+00 0.000000000000000000e+00 1.000000000000000000e+00 0.000000000000000000e+00
5.588719302012062906e-02 -9.984370894835246091e-01 0.000000000000000000e+00 1.117560000000000081e-02 9.984370894835246091e-01 5.588719302012062906e-02 0.000000000000000000e+00 -7.109149999999999636e+00 0.000000000000000000e+00 0.000000000000000000e+00 1.000000000000000000e+00 0.000000000000000000e+00
-6.569632355342068519e-02 -9.978396630078222307e-01 0.000000000000000000e+00 -9.734750000000000347e-03 9.978396630078222307e-01 -6.569632355342068519e-02 0.000000000000000000e+00 -6.884470000000000312e+00 0.000000000000000000e+00 0.000000000000000000e+00 1.000000000000000000e+00 0.000000000000000000e+00
-1.004440052053280075e-01 -9.949427128324083158e-01 0.000000000000000000e+00 -4.508700000000000208e-02 9.949427128324083158e-01 -1.004440052053280075e-01 0.000000000000000000e+00 -6.650629999999999598e+00 0.000000000000000000e+00 0.000000000000000000e+00 1.000000000000000000e+00 0.000000000000000000e+00
-6.693359391113906653e-02 -9.977574324484577151e-01 0.000000000000000000e+00 -7.688870000000000426e-02 9.977574324484577151e-01 -6.693359391113906653e-02 0.000000000000000000e+00 -6.419220000000000148e+00 0.000000000000000000e+00 0.000000000000000000e+00 1.000000000000000000e+00 0.000000000000000000e+00
-6.031703950608866688e-02 -9.981792698434589495e-01 0.000000000000000000e+00 -1.042089999999999961e-01 9.981792698434589495e-01 -6.031703950608866688e-02 0.000000000000000000e+00 -6.179549999999999876e+00 0.000000000000000000e+00 0.000000000000000000e+00 1.000000000000000000e+00 0.000000000000000000e+00
-8.113584182589348229e-03 -9.999670843341355031e-01 0.000000000000000000e+00 -1.229760000000000020e-01 9.999670843341355031e-01 -8.113584182589348229e-03 0.000000000000000000e+00 -5.938189999999999635e+00 0.000000000000000000e+00 0.000000000000000000e+00 1.000000000000000000e+00 0.000000000000000000e+00
4.337271653170091806e-02 -9.990589609530864390e-01 0.000000000000000000e+00 -1.308159999999999878e-01 9.990589609530864390e-01 4.337271653170091806e-02 0.000000000000000000e+00 -5.695850000000000080e+00 0.000000000000000000e+00 0.000000000000000000e+00 1.000000000000000000e+00 0.000000000000000000e+00
1.060266625916683053e-01 -9.943632871439253007e-01 0.000000000000000000e+00 -1.232980000000000048e-01 9.943632871439253007e-01 1.060266625916683053e-01 0.000000000000000000e+00 -5.451139999999999652e+00 0.000000000000000000e+00 0.000000000000000000e+00 1.000000000000000000e+00 0.000000000000000000e+00
1.787406371792865933e-01 -9.838962265507184002e-01 0.000000000000000000e+00 -9.960320000000000285e-02 9.838962265507184002e-01 1.787406371792865933e-01 0.000000000000000000e+00 -5.198179999999999801e+00 0.000000000000000000e+00 0.000000000000000000e+00 1.000000000000000000e+00 0.000000000000000000e+00
2.132363708845868566e-01 -9.770006397807378118e-01 0.000000000000000000e+00 -6.268289999999999973e-02 9.770006397807378118e-01 2.132363708845868566e-01 0.000000000000000000e+00 -4.948369999999999713e+00 0.000000000000000000e+00 0.000000000000000000e+00 1.000000000000000000e+00 0.000000000000000000e+00
2.198359727311638701e-01 -9.755368496850044258e-01 0.000000000000000000e+00 -2.182069999999999843e-02 9.755368496850044258e-01 2.198359727311638701e-01 0.000000000000000000e+00 -4.705650000000000333e+00 0.000000000000000000e+00 0.000000000000000000e+00 1.000000000000000000e+00 0.000000000000000000e+00
1.838937759241251191e-01 -9.829461222144211252e-01 0.000000000000000000e+00 1.012930000000000080e-02 9.829461222144211252e-01 1.838937759241251191e-01 0.000000000000000000e+00 -4.472760000000000069e+00 0.000000000000000000e+00 0.000000000000000000e+00 1.000000000000000000e+00 0.000000000000000000e+00
8.441574590333587869e-02 -9.964306206874532501e-01 0.000000000000000000e+00 2.129059999999999980e-02 9.964306206874532501e-01 8.441574590333587869e-02 0.000000000000000000e+00 -4.244550000000000267e+00 0.000000000000000000e+00 0.000000000000000000e+00 1.000000000000000000e+00 0.000000000000000000e+00
-1.855260874109122826e-02 -9.998278855427568113e-01 0.000000000000000000e+00 9.579179999999999640e-03 9.998278855427568113e-01 -1.855260874109122826e-02 0.000000000000000000e+00 -4.020760000000000112e+00 0.000000000000000000e+00 0.000000000000000000e+00 1.000000000000000000e+00 0.000000000000000000e+00
8.616220181047313381e-03 -9.999628796859370006e-01 0.000000000000000000e+00 -4.098189999999999819e-03 9.999628796859370006e-01 8.616220181047313381e-03 0.000000000000000000e+00 -3.779580000000000162e+00 0.000000000000000000e+00 0.000000000000000000e+00 1.000000000000000000e+00 0.000000000000000000e+00
9.104009416190857185e-02 -9.958472278693106805e-01 0.000000000000000000e+00 1.079529999999999986e-03 9.958472278693106805e-01 9.104009416190857185e-02 0.000000000000000000e+00 -3.545949999999999935e+00 0.000000000000000000e+00 0.000000000000000000e+00 1.000000000000000000e+00 0.000000000000000000e+00
1.424501066574427044e-01 -9.898019837893250461e-01 0.000000000000000000e+00 2.259130000000000166e-02 9.898019837893250461e-01 1.424501066574427044e-01 0.000000000000000000e+00 -3.310630000000000184e+00 0.000000000000000000e+00 0.000000000000000000e+00 1.000000000000000000e+00 0.000000000000000000e+00
1.590578956971047120e-01 -9.872692569995324963e-01 0.000000000000000000e+00 5.056200000000000278e-02 9.872692569995324963e-01 1.590578956971047120e-01 0.000000000000000000e+00 -3.077319999999999833e+00 0.000000000000000000e+00 0.000000000000000000e+00 1.000000000000000000e+00 0.000000000000000000e+00
1.543369495137007774e-01 -9.880182721057365614e-01 0.000000000000000000e+00 7.656119999999999592e-02 9.880182721057365614e-01 1.543369495137007774e-01 0.000000000000000000e+00 -2.842919999999999892e+00 0.000000000000000000e+00 0.000000000000000000e+00 1.000000000000000000e+00 0.000000000000000000e+00
1.451418377825032802e-01 -9.894108585037448833e-01 0.000000000000000000e+00 1.012429999999999997e-01 9.894108585037448833e-01 1.451418377825032802e-01 0.000000000000000000e+00 -2.612779999999999880e+00 0.000000000000000000e+00 0.000000000000000000e+00 1.000000000000000000e+00 0.000000000000000000e+00
1.426381664620066658e-01 -9.897749004032971865e-01 0.000000000000000000e+00 1.266349999999999976e-01 9.897749004032971865e-01 1.426381664620066658e-01 0.000000000000000000e+00 -2.385810000000000208e+00 0.000000000000000000e+00 0.000000000000000000e+00 1.000000000000000000e+00 0.000000000000000000e+00
1.036398876368933714e-01 -9.946148871249675949e-01 0.000000000000000000e+00 1.423129999999999951e-01 9.946148871249675949e-01 1.036398876368933714e-01 0.000000000000000000e+00 -2.167479999999999851e+00 0.000000000000000000e+00 0.000000000000000000e+00 1.000000000000000000e+00 0.000000000000000000e+00
8.255227413195921626e-02 -9.965867358316795599e-01 0.000000000000000000e+00 1.517270000000000008e-01 9.965867358316795599e-01 8.255227413195921626e-02 0.000000000000000000e+00 -1.931329999999999991e+00 0.000000000000000000e+00 0.000000000000000000e+00 1.000000000000000000e+00 0.000000000000000000e+00
1.038089706692938291e-01 -9.945972539719691863e-01 0.000000000000000000e+00 1.642830000000000124e-01 9.945972539719691863e-01 1.038089706692938291e-01 0.000000000000000000e+00 -1.700939999999999896e+00 0.000000000000000000e+00 0.000000000000000000e+00 1.000000000000000000e+00 0.000000000000000000e+00
1.263477248357057214e-01 -9.919860142304631756e-01 0.000000000000000000e+00 1.808559999999999890e-01 9.919860142304631756e-01 1.263477248357057214e-01 0.000000000000000000e+00 -1.470409999999999995e+00 0.000000000000000000e+00 0.000000000000000000e+00 1.000000000000000000e+00 0.000000000000000000e+00
1.365483917385854895e-01 -9.906334017756547317e-01 0.000000000000000000e+00 2.011419999999999875e-01 9.906334017756547317e-01 1.365483917385854895e-01 0.000000000000000000e+00 -1.237449999999999939e+00 0.000000000000000000e+00 0.000000000000000000e+00 1.000000000000000000e+00 0.000000000000000000e+00
1.180702633137282881e-01 -9.930052431488097797e-01 0.000000000000000000e+00 2.218620000000000037e-01 9.930052431488097797e-01 1.180702633137282881e-01 0.000000000000000000e+00 -1.007719999999999949e+00 0.000000000000000000e+00 0.000000000000000000e+00 1.000000000000000000e+00 0.000000000000000000e+00
8.011039131193707641e-02 -9.967859976965207647e-01 0.000000000000000000e+00 2.368570000000000120e-01 9.967859976965207647e-01 8.011039131193707641e-02 0.000000000000000000e+00 -7.743029999999999635e-01 0.000000000000000000e+00 0.000000000000000000e+00 1.000000000000000000e+00 0.000000000000000000e+00
-7.993588074339317076e-03 -9.999680507644720384e-01 0.000000000000000000e+00 2.293640000000000123e-01 9.999680507644720384e-01 -7.993588074339317076e-03 0.000000000000000000e+00 -5.463390000000000191e-01 0.000000000000000000e+00 0.000000000000000000e+00 1.000000000000000000e+00 0.000000000000000000e+00
-5.940174229006826012e-01 -8.044521746446035015e-01 0.000000000000000000e+00 1.569170000000000009e-01 8.044521746446035015e-01 -5.940174229006826012e-01 0.000000000000000000e+00 -4.613340000000000218e-01 0.000000000000000000e+00 0.000000000000000000e+00 1.000000000000000000e+00 0.000000000000000000e+00
-9.168165552938695173e-01 -3.993086574807553357e-01 0.000000000000000000e+00 7.365990000000000038e-02 3.993086574807553357e-01 -9.168165552938695173e-01 0.000000000000000000e+00 -4.445870000000000100e-01 0.000000000000000000e+00 0.000000000000000000e+00 1.000000000000000000e+00 0.000000000000000000e+00
-9.295585646143125214e-01 -3.686744837280972464e-01 0.000000000000000000e+00 -2.002400000000000013e-01 3.686744837280972464e-01 -9.295585646143125214e-01 0.000000000000000000e+00 -3.540090000000000181e-01 0.000000000000000000e+00 0.000000000000000000e+00 1.000000000000000000e+00 0.000000000000000000e+00
-9.375064543045205090e-01 -3.479678837728650276e-01 0.000000000000000000e+00 -4.222879999999999967e-01 3.479678837728650276e-01 -9.375064543045205090e-01 0.000000000000000000e+00 -2.855240000000000000e-01 0.000000000000000000e+00 0.000000000000000000e+00 1.000000000000000000e+00 0.000000000000000000e+00
-9.501709003718387114e-01 -3.117294661827291757e-01 0.000000000000000000e+00 -6.433889999999999887e-01 3.117294661827291757e-01 -9.501709003718387114e-01 0.000000000000000000e+00 -2.185940000000000105e-01 0.000000000000000000e+00 0.000000000000000000e+00 1.000000000000000000e+00 0.000000000000000000e+00
-9.729127790938387754e-01 -2.311724989610640935e-01 0.000000000000000000e+00 -8.689529999999999754e-01 2.311724989610640935e-01 -9.729127790938387754e-01 0.000000000000000000e+00 -1.704600000000000004e-01 0.000000000000000000e+00 0.000000000000000000e+00 1.000000000000000000e+00 0.000000000000000000e+00
-9.949688967943695062e-01 -1.001843022224302993e-01 0.000000000000000000e+00 -1.082510000000000083e+00 1.001843022224302993e-01 -9.949688967943695062e-01 0.000000000000000000e+00 -1.520340000000000025e-01 0.000000000000000000e+00 0.000000000000000000e+00 1.000000000000000000e+00 0.000000000000000000e+00
-9.999999571769384588e-01 2.926535856155943523e-04 0.000000000000000000e+00 -1.300799999999999956e+00 -2.926535856155943523e-04 -9.999999571769384588e-01 0.000000000000000000e+00 -1.539470000000000005e-01 0.000000000000000000e+00 0.000000000000000000e+00 1.000000000000000000e+00 0.000000000000000000e+00
-9.998844418875958429e-01 -1.520206798863118006e-02 0.000000000000000000e+00 -1.527530000000000054e+00 1.520206798863118006e-02 -9.998844418875958429e-01 0.000000000000000000e+00 -1.609329999999999927e-01 0.000000000000000000e+00 0.000000000000000000e+00 1.000000000000000000e+00 0.000000000000000000e+00
-9.990896604710184370e-01 -4.265970393597521421e-02 0.000000000000000000e+00 -1.756909999999999972e+00 4.265970393597521421e-02 -9.990896604710184370e-01 0.000000000000000000e+00 -1.618680000000000119e-01 0.000000000000000000e+00 0.000000000000000000e+00 1.000000000000000000e+00 0.000000000000000000e+00
-9.999980739960614429e-01 -1.962652329766974638e-03 0.000000000000000000e+00 -1.987239999999999895e+00 1.962652329766974638e-03 -9.999980739960614429e-01 0.000000000000000000e+00 -1.667450000000000043e-01 0.000000000000000000e+00 0.000000000000000000e+00 1.000000000000000000e+00 0.000000000000000000e+00
-7.740122976189738324e-01 6.331705640146239045e-01 0.000000000000000000e+00 -2.069189999999999863e+00 -6.331705640146239045e-01 -7.740122976189738324e-01 0.000000000000000000e+00 -2.361900000000000110e-01 0.000000000000000000e+00 0.000000000000000000e+00 1.000000000000000000e+00 0.000000000000000000e+00
-3.441127614895052589e-01 9.389283292030691230e-01 0.000000000000000000e+00 -2.131050000000000111e+00 -9.389283292030691230e-01 -3.441127614895052589e-01 0.000000000000000000e+00 -4.249680000000000124e-01 0.000000000000000000e+00 0.000000000000000000e+00 1.000000000000000000e+00 0.000000000000000000e+00
-3.001345207498047341e-01 9.538968861749602679e-01 0.000000000000000000e+00 -2.190059999999999896e+00 -9.538968861749602679e-01 -3.001345207498047341e-01 0.000000000000000000e+00 -6.375570000000000404e-01 0.000000000000000000e+00 0.000000000000000000e+00 1.000000000000000000e+00 0.000000000000000000e+00
-2.600786675574580098e-01 9.655874308841935205e-01 0.000000000000000000e+00 -2.238160000000000149e+00 -9.655874308841935205e-01 -2.600786675574580098e-01 0.000000000000000000e+00 -8.536280000000000534e-01 0.000000000000000000e+00 0.000000000000000000e+00 1.000000000000000000e+00 0.000000000000000000e+00
6.256543668208422448e-02 9.980408639593771891e-01 0.000000000000000000e+00 -2.238030000000000186e+00 -9.980408639593771891e-01 6.256543668208422448e-02 0.000000000000000000e+00 -1.085650000000000004e+00 0.000000000000000000e+00 0.000000000000000000e+00 1.000000000000000000e+00 0.000000000000000000e+00
1.989009412381555486e-01 9.800195995869550591e-01 0.000000000000000000e+00 -2.191640000000000033e+00 -9.800195995869550591e-01 1.989009412381555486e-01 0.000000000000000000e+00 -1.304210000000000091e+00 0.000000000000000000e+00 0.000000000000000000e+00 1.000000000000000000e+00 0.000000000000000000e+00
1.237185213365526171e-01 9.923173522005432901e-01 0.000000000000000000e+00 -2.147120000000000140e+00 -9.923173522005432901e-01 1.237185213365526171e-01 0.000000000000000000e+00 -1.528350000000000097e+00 0.000000000000000000e+00 0.000000000000000000e+00 1.000000000000000000e+00 0.000000000000000000e+00
-1.486605891615910557e-01 9.888882794482543037e-01 0.000000000000000000e+00 -2.147959999999999869e+00 -9.888882794482543037e-01 -1.486605891615910557e-01 0.000000000000000000e+00 -1.796040000000000081e+00 0.000000000000000000e+00 0.000000000000000000e+00 1.000000000000000000e+00 0.000000000000000000e+00
-2.365307027300610210e-01 9.716240150727150082e-01 0.000000000000000000e+00 -2.185369999999999813e+00 -9.716240150727150082e-01 -2.365307027300610210e-01 0.000000000000000000e+00 -2.023120000000000029e+00 0.000000000000000000e+00 0.000000000000000000e+00 1.000000000000000000e+00 0.000000000000000000e+00
2.356004137176244406e-01 9.718500116047147364e-01 0.000000000000000000e+00 -2.159619999999999873e+00 -9.718500116047147364e-01 2.356004137176244406e-01 0.000000000000000000e+00 -2.269179999999999975e+00 0.000000000000000000e+00 0.000000000000000000e+00 1.000000000000000000e+00 0.000000000000000000e+00
-3.188289239924268492e-01 9.478122795289325442e-01 0.000000000000000000e+00 -2.155580000000000052e+00 -9.478122795289325442e-01 -3.188289239924268492e-01 0.000000000000000000e+00 -2.446579999999999977e+00 0.000000000000000000e+00 0.000000000000000000e+00 1.000000000000000000e+00 0.000000000000000000e+00
-1.413982097944936345e-01 9.899528000197344024e-01 0.000000000000000000e+00 -2.168410000000000171e+00 -9.899528000197344024e-01 -1.413982097944936345e-01 0.000000000000000000e+00 -2.704239999999999977e+00 0.000000000000000000e+00 0.000000000000000000e+00 1.000000000000000000e+00 0.000000000000000000e+00
-2.481244449808674424e-01 9.687281661038541491e-01 0.000000000000000000e+00 -2.209870000000000001e+00 -9.687281661038541491e-01 -2.481244449808674424e-01 0.000000000000000000e+00 -2.943340000000000067e+00 0.000000000000000000e+00 0.000000000000000000e+00 1.000000000000000000e+00 0.000000000000000000e+00
-2.764264518484786382e-01 9.610350756962311447e-01 0.000000000000000000e+00 -2.267129999999999868e+00 -9.610350756962311447e-01 -2.764264518484786382e-01 0.000000000000000000e+00 -3.178420000000000023e+00 0.000000000000000000e+00 0.000000000000000000e+00 1.000000000000000000e+00 0.000000000000000000e+00
-1.958495211029390171e-01 9.806339608048201262e-01 0.000000000000000000e+00 -2.310799999999999965e+00 -9.806339608048201262e-01 -1.958495211029390171e-01 0.000000000000000000e+00 -3.425240000000000062e+00 0.000000000000000000e+00 0.000000000000000000e+00 1.000000000000000000e+00 0.000000000000000000e+00
-8.530985523676352933e-02 9.963544693528917362e-01 0.000000000000000000e+00 -2.328590000000000160e+00 -9.963544693528917362e-01 -8.530985523676352933e-02 0.000000000000000000e+00 -3.645900000000000141e+00 0.000000000000000000e+00 0.000000000000000000e+00 1.000000000000000000e+00 0.000000000000000000e+00
3.454944969177770747e-02 9.994029895522602569e-01 0.000000000000000000e+00 -2.318379999999999885e+00 -9.994029895522602569e-01 3.454944969177770747e-02 0.000000000000000000e+00 -3.855140000000000011e+00 0.000000000000000000e+00 0.000000000000000000e+00 1.000000000000000000e+00 0.000000000000000000e+00
4.730866200371026259e-02 9.988803184062736706e-01 0.000000000000000000e+00 -2.297989999999999977e+00 -9.988803184062736706e-01 4.730866200371026259e-02 0.000000000000000000e+00 -4.081610000000000404e+00 0.000000000000000000e+00 0.000000000000000000e+00 1.000000000000000000e+00 0.000000000000000000e+00
-3.145848215141238552e-02 9.995050594672991728e-01 0.000000000000000000e+00 -2.287879999999999914e+00 -9.995050594672991728e-01 -3.145848215141238552e-02 0.000000000000000000e+00 -4.316239999999999633e+00 0.000000000000000000e+00 0.000000000000000000e+00 1.000000000000000000e+00 0.000000000000000000e+00
-5.982792444237729212e-02 9.982087053602153315e-01 0.000000000000000000e+00 -2.286259999999999959e+00 -9.982087053602153315e-01 -5.982792444237729212e-02 0.000000000000000000e+00 -4.552970000000000184e+00 0.000000000000000000e+00 0.000000000000000000e+00 1.000000000000000000e+00 0.000000000000000000e+00
-6.120539505040636236e-02 9.981251923565117590e-01 0.000000000000000000e+00 -2.289480000000000182e+00 -9.981251923565117590e-01 -6.120539505040636236e-02 0.000000000000000000e+00 -4.784019999999999939e+00 0.000000000000000000e+00 0.000000000000000000e+00 1.000000000000000000e+00 0.000000000000000000e+00
-3.217811757801346262e-02 9.994821502904068788e-01 0.000000000000000000e+00 -2.287020000000000053e+00 -9.994821502904068788e-01 -3.217811757801346262e-02 0.000000000000000000e+00 -5.011800000000000033e+00 0.000000000000000000e+00 0.000000000000000000e+00 1.000000000000000000e+00 0.000000000000000000e+00
-7.803594001553020368e-03 9.999695514967738008e-01 0.000000000000000000e+00 -2.281890000000000196e+00 -9.999695514967738008e-01 -7.803594001553020368e-03 0.000000000000000000e+00 -5.237190000000000012e+00 0.000000000000000000e+00 0.000000000000000000e+00 1.000000000000000000e+00 0.000000000000000000e+00
-1.431318444292298264e-02 9.998975611286902154e-01 0.000000000000000000e+00 -2.275679999999999925e+00 -9.998975611286902154e-01 -1.431318444292298264e-02 0.000000000000000000e+00 -5.469649999999999679e+00 0.000000000000000000e+00 0.000000000000000000e+00 1.000000000000000000e+00 0.000000000000000000e+00
-1.841263265575690533e-02 9.998304731096587794e-01 0.000000000000000000e+00 -2.272489999999999899e+00 -9.998304731096587794e-01 -1.841263265575690533e-02 0.000000000000000000e+00 -5.703059999999999796e+00 0.000000000000000000e+00 0.000000000000000000e+00 1.000000000000000000e+00 0.000000000000000000e+00
-9.883512288165257828e-03 9.999511568996005684e-01 0.000000000000000000e+00 -2.263170000000000126e+00 -9.999511568996005684e-01 -9.883512288165257828e-03 0.000000000000000000e+00 -5.934269999999999712e+00 0.000000000000000000e+00 0.000000000000000000e+00 1.000000000000000000e+00 0.000000000000000000e+00
