-1.020349614687611484e-02 9.999479429782235362e-01 0.000000000000000000e+00 5.396229999999999777e-02 -9.999479429782235362e-01 -1.020349614687611484e-02 0.000000000000000000e+00 6.816519999999999524e-02 0.000000000000000000e+00 0.000000000000000000e+00 1.000000000000000000e+00 0.000000000000000000e+00
-1.626295623850485678e-02 9.998677493820792295e-01 0.000000000000000000e+00 5.380619999999999847e-02 -9.998677493820792295e-01 -1.626295623850485678e-02 0.000000000000000000e+00 6.849239999999999495e-02 0.000000000000000000e+00 0.000000000000000000e+00 1.000000000000000000e+00 0.000000000000000000e+00
-2.740024348418610908e-02 9.996245428444658909e-01 0.000000000000000000e+00 5.419870000000000243e-02 -9.996245428444658909e-01 -2.740024348418610908e-02 0.000000000000000000e+00 6.224690000000000084e-02 0.000000000000000000e+00 0.000000000000000000e+00 1.000000000000000000e+00 0.000000000000000000e+00
-2.429128365858605754e-02 9.997049232339600966e-01 0.000000000000000000e+00 5.428650000000000142e-02 -9.997049232339600966e-01 -2.429128365858605754e-02 0.000000000000000000e+00 5.789849999999999858e-02 0.000000000000000000e+00 0.000000000000000000e+00 1.000000000000000000e+00 0.000000000000000000e+00
-2.153200905293867554e-02 9.997681594180443110e-01 0.000000000000000000e+00 5.436599999999999766e-02 -9.997681594180443110e-01 -2.153200905293867554e-02 0.000000000000000000e+00 5.102070000000000216e-02 0.000000000000000000e+00 0.000000000000000000e+00 1.000000000000000000e+00 0.000000000000000000e+00
3.906316860210932822e-03 9.999923703151877286e-01 0.000000000000000000e+00 5.485840000000000161e-02 -9.999923703151877286e-01 3.906316860210932822e-03 0.000000000000000000e+00 -2.035909999999999942e-01 0.000000000000000000e+00 0.000000000000000000e+00 1.000000000000000000e+00 0.000000000000000000e+00
-2.794003671613255746e-02 9.996096009684486416e-01 0.000000000000000000e+00 6.070300000000000001e-02 -9.996096009684486416e-01 -2.794003671613255746e-02 0.000000000000000000e+00 -4.472130000000000272e-01 0.000000000000000000e+00 0.000000000000000000e+00 1.000000000000000000e+00 0.000000000000000000e+00
-1.002748634935453076e-01 9.949597739362887605e-01 0.000000000000000000e+00 5.427839999999999748e-02 -9.949597739362887605e-01 -1.002748634935453076e-01 0.000000000000000000e+00 -6.855750000000000455e-01 0.000000000000000000e+00 0.000000000000000000e+00 1.000000000000000000e+00 0.000000000000000000e+00
-1.441893107632863102e-01 9.895501213488927528e-01 0.000000000000000000e+00 2.946410000000000001e-02 -9.895501213488927528e-01 -1.441893107632863102e-01 0.000000000000000000e+00 -9.370659999999999545e-01 0.000000000000000000e+00 0.000000000000000000e+00 1.000000000000000000e+00 0.000000000000000000e+00
-1.613255734477462011e-01 9.869012409313081546e-01 0.000000000000000000e+00 1.009480000000000099e-03 -9.869012409313081546e-01 -1.613255734477462011e-01 0.000000000000000000e+00 -1.178020000000000067e+00 0.000000000000000000e+00 0.000000000000000000e+00 1.000000000000000000e+00 0.000000000000000000e+00
-1.237357344617849991e-01 9.923152059790288915e-01 0.000000000000000000e+00 -2.104440000000000130e-02 -9.923152059790288915e-01 -1.237357344617849991e-01 0.000000000000000000e+00 -1.417629999999999946e+00 0.000000000000000000e+00 0.000000000000000000e+00 1.000000000000000000e+00 0.000000000000000000e+00
-4.655683781738948618e-02 9.989156425106402448e-01 0.000000000000000000e+00 -2.322319999999999940e-02 -9.989156425106402448e-01 -4.655683781738948618e-02 0.000000000000000000e+00 -1.648810000000000109e+00 0.000000000000000000e+00 0.000000000000000000e+00 1.000000000000000000e+00 0.000000000000000000e+00
-4.438908295864265469e-02 9.990143188734037505e-01 0.000000000000000000e+00 -2.629470000000000071e-02 -9.990143188734037505e-01 -4.438908295864265469e-02 0.000000000000000000e+00 -1.883690000000000087e+00 0.000000000000000000e+00 0.000000000000000000e+00 1.000000000000000000e+00 0.000000000000000000e+00
-9.839421154447890172e-02 9.951475162680859521e-01 0.000000000000000000e+00 -3.310169999999999779e-02 -9.951475162680859521e-01 -9.839421154447890172e-02 0.000000000000000000e+00 -2.129350000000000076e+00 0.000000000000000000e+00 0.000000000000000000e+00 1.000000000000000000e+00 0.000000000000000000e+00
-1.176604860944105990e-01 9.930538807194839723e-01 0.000000000000000000e+00 -4.923120000000000274e-02 -9.930538807194839723e-01 -1.176604860944105990e-01 0.000000000000000000e+00 -2.366670000000000051e+00 0.000000000000000000e+00 0.000000000000000000e+00 1.000000000000000000e+00 0.000000000000000000e+00
-9.939926017906294820e-02 9.950476305563743518e-01 0.000000000000000000e+00 -6.370299999999999574e-02 -9.950476305563743518e-01 -9.939926017906294820e-02 0.000000000000000000e+00 -2.603740000000000165e+00 0.000000000000000000e+00 0.000000000000000000e+00 1.000000000000000000e+00 0.000000000000000000e+00
-5.050218114374815936e-02 9.987239506989527005e-01 0.000000000000000000e+00 -6.887110000000000454e-02 -9.987239506989527005e-01 -5.050218114374815936e-02 0.000000000000000000e+00 -2.837009999999999810e+00 0.000000000000000000e+00 0.000000000000000000e+00 1.000000000000000000e+00 0.000000000000000000e+00
-4.628712890019184151e-02 9.989281764462233371e-01 0.000000000000000000e+00 -7.170959999999999834e-02 -9.989281764462233371e-01 -4.628712890019184151e-02 0.000000000000000000e+00 -3.077739999999999920e+00 0.000000000000000000e+00 0.000000000000000000e+00 1.000000000000000000e+00 0.000000000000000000e+00
-6.291209881220409528e-02 9.980190718734003319e-01 0.000000000000000000e+00 -7.607150000000000023e-02 -9.980190718734003319e-01 -6.291209881220409528e-02 0.000000000000000000e+00 -3.315069999999999961e+00 0.000000000000000000e+00 0.000000000000000000e+00 1.000000000000000000e+00 0.000000000000000000e+00
-6.105567558355376456e-02 9.981343619368265863e-01 0.000000000000000000e+00 -8.078520000000000145e-02 -9.981343619368265863e-01 -6.105567558355376456e-02 0.000000000000000000e+00 -3.560099999999999820e+00 0.000000000000000000e+00 0.000000000000000000e+00 1.000000000000000000e+00 0.000000000000000000e+00
-6.188410597821492748e-02 9.980833419245493943e-01 0.000000000000000000e+00 -8.311659999999999882e-02 -9.980833419245493943e-01 -6.188410597821492748e-02 0.000000000000000000e+00 -3.795599999999999863e+00 0.000000000000000000e+00 0.000000000000000000e+00 1.000000000000000000e+00 0.000000000000000000e+00
-7.049515384824782405e-02 9.975121218731689554e-01 0.000000000000000000e+00 -8.654960000000000431e-02 -9.975121218731689554e-01 -7.049515384824782405e-02 0.000000000000000000e+00 -4.035949999999999704e+00 0.000000000000000000e+00 0.000000000000000000e+00 1.000000000000000000e+00 0.000000000000000000e+00
-6.032702129577093009e-02 9.981786666231550198e-01 0.000000000000000000e+00 -9.053379999999999761e-02 -9.981786666231550198e-01 -6.032702129577093009e-02 0.000000000000000000e+00 -4.278870000000000395e+00 0.000000000000000000e+00 0.000000000000000000e+00 1.000000000000000000e+00 0.000000000000000000e+00
-5.580466841968616948e-02 9.984417053501766226e-01 0.000000000000000000e+00 -9.280289999999999373e-02 -9.984417053501766226e-01 -5.580466841968616948e-02 0.000000000000000000e+00 -4.517179999999999751e+00 0.000000000000000000e+00 0.000000000000000000e+00 1.000000000000000000e+00 0.000000000000000000e+00
-4.059251719444274820e-02 9.991757841079911273e-01 0.000000000000000000e+00 -9.631810000000000371e-02 -9.991757841079911273e-01 -4.059251719444274820e-02 0.000000000000000000e+00 -4.757119999999999571e+00 0.000000000000000000e+00 0.000000000000000000e+00 1.000000000000000000e+00 0.000000000000000000e+00
-8.563568533852386477e-03 9.999633319747109894e-01 0.000000000000000000e+00 -8.616690000000000460e-02 -9.999633319747109894e-01 -8.563568533852386477e-03 0.000000000000000000e+00 -4.990240000000000009e+00 0.000000000000000000e+00 0.000000000000000000e+00 1.000000000000000000e+00 0.000000000000000000e+00
-1.005350384120264930e-02 9.999494622532255628e-01 0.000000000000000000e+00 -7.820280000000000287e-02 -9.999494622532255628e-01 -1.005350384120264930e-02 0.000000000000000000e+00 -5.235579999999999679e+00 0.000000000000000000e+00 0.000000000000000000e+00 1.000000000000000000e+00 0.000000000000000000e+00
-2.641060192093759584e-02 9.996511792151169251e-01 0.000000000000000000e+00 -7.544879999999999642e-02 -9.996511792151169251e-01 -2.641060192093759584e-02 0.000000000000000000e+00 -5.475970000000000226e+00 0.000000000000000000e+00 0.000000000000000000e+00 1.000000000000000000e+00 0.000000000000000000e+00
-8.453572515747348817e-03 9.999642679174696180e-01 0.000000000000000000e+00 -6.660480000000000567e-02 -9.999642679174696180e-01 -8.453572515747348817e-03 0.000000000000000000e+00 -5.715830000000000410e+00 0.000000000000000000e+00 0.000000000000000000e+00 1.000000000000000000e+00 0.000000000000000000e+00
-1.547305572380023274e-02 9.998802851074563014e-01 0.000000000000000000e+00 -5.953850000000000114e-02 -9.998802851074563014e-01 -1.547305572380023274e-02 0.000000000000000000e+00 -5.947869999999999990e+00 0.000000000000000000e+00 0.000000000000000000e+00 1.000000000000000000e+00 0.000000000000000000e+00
-1.693286393025009162e-02 9.998566287819067311e-01 0.000000000000000000e+00 -4.939500000000000141e-02 -9.998566287819067311e-01 -1.693286393025009162e-02 0.000000000000000000e+00 -6.186180000000000234e+00 0.000000000000000000e+00 0.000000000000000000e+00 1.000000000000000000e+00 0.000000000000000000e+00
-1.582301286871806364e-02 9.998748082953967664e-01 0.000000000000000000e+00 -4.466049999999999881e-02 -9.998748082953967664e-01 -1.582301286871806364e-02 0.000000000000000000e+00 -6.414279999999999760e+00 0.000000000000000000e+00 0.000000000000000000e+00 1.000000000000000000e+00 0.000000000000000000e+00
-1.880256513010404237e-02 9.998232161459985612e-01 0.000000000000000000e+00 -3.916970000000000174e-02 -9.998232161459985612e-01 -1.880256513010404237e-02 0.000000000000000000e+00 -6.645900000000000141e+00 0.000000000000000000e+00 0.000000000000000000e+00 1.000000000000000000e+00 0.000000000000000000e+00
-2.131205953856623453e-02 9.997728722656084033e-01 0.000000000000000000e+00 -3.522779999999999662e-02 -9.997728722656084033e-01 -2.131205953856623453e-02 0.000000000000000000e+00 -6.873029999999999973e+00 0.000000000000000000e+00 0.000000000000000000e+00 1.000000000000000000e+00 0.000000000000000000e+00
-2.232181909766181235e-02 9.997508371550239969e-01 0.000000000000000000e+00 -3.126179999999999931e-02 -9.997508371550239969e-01 -2.232181909766181235e-02 0.000000000000000000e+00 -7.096460000000000434e+00 0.000000000000000000e+00 0.000000000000000000e+00 1.000000000000000000e+00 0.000000000000000000e+00
-2.312161253909194442e-02 9.997326597813998017e-01 0.000000000000000000e+00 -2.850470000000000087e-02 -9.997326597813998017e-01 -2.312161253909194442e-02 0.000000000000000000e+00 -7.324270000000000280e+00 0.000000000000000000e+00 0.000000000000000000e+00 1.000000000000000000e+00 0.000000000000000000e+00
-3.550620857753214454e-02 9.993694557832197845e-01 0.000000000000000000e+00 -2.777769999999999892e-02 -9.993694557832197845e-01 -3.550620857753214454e-02 0.000000000000000000e+00 -7.549059999999999881e+00 0.000000000000000000e+00 0.000000000000000000e+00 1.000000000000000000e+00 0.000000000000000000e+00
-2.043225127249645445e-02 9.997912397635506654e-01 0.000000000000000000e+00 -2.302869999999999917e-02 -9.997912397635506654e-01 -2.043225127249645445e-02 0.000000000000000000e+00 -7.774449999999999861e+00 0.000000000000000000e+00 0.000000000000000000e+00 1.000000000000000000e+00 0.000000000000000000e+00
1.060612793769697380e-02 9.999437534432470409e-01 0.000000000000000000e+00 -1.152579999999999924e-02 -9.999437534432470409e-01 1.060612793769697380e-02 0.000000000000000000e+00 -8.004149999999999210e+00 0.000000000000000000e+00 0.000000000000000000e+00 1.000000000000000000e+00 0.000000000000000000e+00
2.532361940103089459e-02 9.996793057278077210e-01 0.000000000000000000e+00 2.353810000000000017e-03 -9.996793057278077210e-01 2.532361940103089459e-02 0.000000000000000000e+00 -8.223839999999999151e+00 0.000000000000000000e+00 0.000000000000000000e+00 1.000000000000000000e+00 0.000000000000000000e+00
2.038491472345386676e-02 9.997922060366931651e-01 0.000000000000000000e+00 1.530609999999999957e-02 -9.997922060366931651e-01 2.038491472345386676e-02 0.000000000000000000e+00 -8.455949999999999633e+00 0.000000000000000000e+00 0.000000000000000000e+00 1.000000000000000000e+00 0.000000000000000000e+00
1.538571971134557875e-02 9.998816328090860406e-01 0.000000000000000000e+00 2.557639999999999914e-02 -9.998816328090860406e-01 1.538571971134557875e-02 0.000000000000000000e+00 -8.680099999999999483e+00 0.000000000000000000e+00 0.000000000000000000e+00 1.000000000000000000e+00 0.000000000000000000e+00
1.499576471435128296e-02 9.998875571986240995e-01 0.000000000000000000e+00 3.760489999999999666e-02 -9.998875571986240995e-01 1.499576471435128296e-02 0.000000000000000000e+00 -8.902879999999999683e+00 0.000000000000000000e+00 0.000000000000000000e+00 1.000000000000000000e+00 0.000000000000000000e+00
1.325593854214806959e-02 9.999121361866585289e-01 0.000000000000000000e+00 5.046169999999999822e-02 -9.999121361866585289e-01 1.325593854214806959e-02 0.000000000000000000e+00 -9.129519999999999413e+00 0.000000000000000000e+00 0.000000000000000000e+00 1.000000000000000000e+00 0.000000000000000000e+00
1.152607157257773927e-02 9.999335726307542194e-01 0.000000000000000000e+00 6.383339999999999848e-02 -9.999335726307542194e-01 1.152607157257773927e-02 0.000000000000000000e+00 -9.354240000000000776e+00 0.000000000000000000e+00 0.000000000000000000e+00 1.000000000000000000e+00 0.000000000000000000e+00
6.156287907137051978e-03 9.999810498800486558e-01 0.000000000000000000e+00 7.171289999999999609e-02 -9.999810498800486558e-01 6.156287907137051978e-03 0.000000000000000000e+00 -9.588129999999999598e+00 0.000000000000000000e+00 0.000000000000000000e+00 1.000000000000000000e+00 0.000000000000000000e+00
-1.903672055293947939e-03 9.999981880147112978e-01 0.000000000000000000e+00 8.046219999999999761e-02 -9.999981880147112978e-01 -1.903672055293947939e-03 0.000000000000000000e+00 -9.810909999999999798e+00 0.000000000000000000e+00 0.000000000000000000e+00 1.000000000000000000e+00 0.000000000000000000e+00
-8.733562175725722437e-03 9.999618617185971337e-01 0.000000000000000000e+00 9.101800000000000168e-02 -9.999618617185971337e-01 -8.733562175725722437e-03 0.000000000000000000e+00 -1.002909999999999968e+01 0.000000000000000000e+00 0.000000000000000000e+00 1.000000000000000000e+00 0.000000000000000000e+00
-3.536904711124206346e-01 9.353625236475288096e-01 0.000000000000000000e+00 5.370180000000000092e-02 -9.353625236475288096e-01 -3.536904711124206346e-01 0.000000000000000000e+00 -1.022369999999999912e+01 0.000000000000000000e+00 0.000000000000000000e+00 1.000000000000000000e+00 0.000000000000000000e+00
-8.003829100460565504e-01 5.994891135843971597e-01 0.000000000000000000e+00 3.428300000000000097e-02 -5.994891135843971597e-01 -8.003829100460565504e-01 0.000000000000000000e+00 -1.021550000000000047e+01 0.000000000000000000e+00 0.000000000000000000e+00 1.000000000000000000e+00 0.000000000000000000e+00
-9.973262684365794550e-01 7.307745402220809650e-02 0.000000000000000000e+00 2.862340000000000023e-02 -7.307745402220809650e-02 -9.973262684365794550e-01 0.000000000000000000e+00 -1.018270000000000053e+01 0.000000000000000000e+00 0.000000000000000000e+00 1.000000000000000000e+00 0.000000000000000000e+00
-8.648611273899103891e-01 -5.020111854628870329e-01 0.000000000000000000e+00 2.762300000000000172e-02 5.020111854628870329e-01 -8.648611273899103891e-01 0.000000000000000000e+00 -1.015300000000000047e+01 0.000000000000000000e+00 0.000000000000000000e+00 1.000000000000000000e+00 0.000000000000000000e+00
-4.438976344960430809e-01 -8.960775022780212984e-01 0.000000000000000000e+00 3.992819999999999703e-02 8.960775022780212984e-01 -4.438976344960430809e-01 0.000000000000000000e+00 -1.012669999999999959e+01 0.000000000000000000e+00 0.000000000000000000e+00 1.000000000000000000e+00 0.000000000000000000e+00
1.019190496486018227e-01 -9.947926956500664497e-01 0.000000000000000000e+00 5.861489999999999756e-02 9.947926956500664497e-01 1.019190496486018227e-01 0.000000000000000000e+00 -1.011050000000000004e+01 0.000000000000000000e+00 0.000000000000000000e+00 1.000000000000000000e+00 0.000000000000000000e+00
-5.244959559613423389e-02 -9.986235726848240457e-01 0.000000000000000000e+00 3.949769999999999670e-02 9.986235726848240457e-01 -5.244959559613423389e-02 0.000000000000000000e+00 -9.840490000000000848e+00 0.000000000000000000e+00 0.000000000000000000e+00 1.000000000000000000e+00 0.000000000000000000e+00
1.154085884341110174e-01 -9.933181049974101340e-01 0.000000000000000000e+00 4.365630000000000205e-02 9.933181049974101340e-01 1.154085884341110174e-01 0.000000000000000000e+00 -9.604430000000000689e+00 0.000000000000000000e+00 0.000000000000000000e+00 1.000000000000000000e+00 0.000000000000000000e+00
2.306798575404809815e-01 -9.730297032080281738e-01 0.000000000000000000e+00 8.564769999999999328e-02 9.730297032080281738e-01 2.306798575404809815e-01 0.000000000000000000e+00 -9.353740000000000165e+00 0.000000000000000000e+00 0.000000000000000000e+00 1.000000000000000000e+00 0.000000000000000000e+00
2.669110083997789373e-01 -9.637211804225396250e-01 0.000000000000000000e+00 1.388919999999999877e-01 9.637211804225396250e-01 2.669110083997789373e-01 0.000000000000000000e+00 -9.114169999999999661e+00 0.000000000000000000e+00 0.000000000000000000e+00 1.000000000000000000e+00 0.000000000000000000e+00
-8.016755327889188432e-02 -9.967814020141406717e-01 0.000000000000000000e+00 1.383060000000000123e-01 9.967814020141406717e-01 -8.016755327889188432e-02 0.000000000000000000e+00 -8.846399999999999153e+00 0.000000000000000000e+00 0.000000000000000000e+00 1.000000000000000000e+00 0.000000000000000000e+00
-1.722404623402620238e-01 -9.850549340685588184e-01 0.000000000000000000e+00 9.274219999999999686e-02 9.850549340685588184e-01 -1.722404623402620238e-01 0.000000000000000000e+00 -8.614750000000000796e+00 0.000000000000000000e+00 0.000000000000000000e+00 1.000000000000000000e+00 0.000000000000000000e+00
-6.118543253431957263e-02 -9.981264162647877081e-01 0.000000000000000000e+00 5.478120000000000211e-02 9.981264162647877081e-01 -6.118543253431957263e-02 0.000000000000000000e+00 -8.372410000000000352e+00 0.000000000000000000e+00 0.000000000000000000e+00 1.000000000000000000e+00 0.000000000000000000e+00
9.592858700459416799e-02 -9.953882188348935900e-01 0.000000000000000000e+00 5.363430000000000281e-02 9.953882188348935900e-01 9.592858700459416799e-02 0.000000000000000000e+00 -8.134040000000000603e+00 0.000000000000000000e+00 0.000000000000000000e+00 1.000000000000000000e+00 0.000000000000000000e+00
1.475357847188922267e-01 -9.890567184076860530e-01 0.000000000000000000e+00 7.888180000000000192e-02 9.890567184076860530e-01 1.475357847188922267e-01 0.000000000000000000e+00 -7.886790000000000411e+00 0.000000000000000000e+00 0.000000000000000000e+00 1.000000000000000000e+00 0.000000000000000000e+00
1.649884756271357555e-01 -9.862954947226688640e-01 0.000000000000000000e+00 1.083169999999999966e-01 9.862954947226688640e-01 1.649884756271357555e-01 0.000000000000000000e+00 -7.645089999999999719e+00 0.000000000000000000e+00 0.000000000000000000e+00 1.000000000000000000e+00 0.000000000000000000e+00
1.266849927711474755e-01 -9.919429986680556866e-01 0.000000000000000000e+00 1.299190000000000067e-01 9.919429986680556866e-01 1.266849927711474755e-01 0.000000000000000000e+00 -7.407169999999999810e+00 0.000000000000000000e+00 0.000000000000000000e+00 1.000000000000000000e+00 0.000000000000000000e+00
4.572038316613899478e-02 -9.989542765127648050e-01 0.000000000000000000e+00 1.343100000000000127e-01 9.989542765127648050e-01 4.572038316613899478e-02 0.000000000000000000e+00 -7.183259999999999756e+00 0.000000000000000000e+00 0.000000000000000000e+00 1.000000000000000000e+00 0.000000000000000000e+00
-7.843303315695382416e-02 -9.969193845591528547e-01 0.000000000000000000e+00 1.126410000000000050e-01 9.969193845591528547e-01 -7.843303315695382416e-02 0.000000000000000000e+00 -6.960810000000000386e+00 0.000000000000000000e+00 0.000000000000000000e+00 1.000000000000000000e+00 0.000000000000000000e+00
-1.159721252909714923e-01 -9.932524684869881160e-01 0.000000000000000000e+00 7.585609999999999575e-02 9.932524684869881160e-01 -1.159721252909714923e-01 0.000000000000000000e+00 -6.729440000000000310e+00 0.000000000000000000e+00 0.000000000000000000e+00 1.000000000000000000e+00 0.000000000000000000e+00
-8.564861081890715044e-02 -9.963254064133822974e-01 0.000000000000000000e+00 4.201400000000000273e-02 9.963254064133822974e-01 -8.564861081890715044e-02 0.000000000000000000e+00 -6.500549999999999606e+00 0.000000000000000000e+00 0.000000000000000000e+00 1.000000000000000000e+00 0.000000000000000000e+00
-8.248983423343171639e-02 -9.965919060719593547e-01 0.000000000000000000e+00 1.179679999999999965e-02 9.965919060719593547e-01 -8.248983423343171639e-02 0.000000000000000000e+00 -6.263440000000000119e+00 0.000000000000000000e+00 0.000000000000000000e+00 1.000000000000000000e+00 0.000000000000000000e+00
-3.413703953060160529e-02 -9.994171614156354133e-01 0.000000000000000000e+00 -1.070620000000000079e-02 9.994171614156354133e-01 -3.413703953060160529e-02 0.000000000000000000e+00 -6.024560000000000137e+00 0.000000000000000000e+00 0.000000000000000000e+00 1.000000000000000000e+00 0.000000000000000000e+00
1.318594466019510150e-02 -9.999130616525709891e-01 0.000000000000000000e+00 -2.319420000000000162e-02 9.999130616525709891e-01 1.318594466019510150e-02 0.000000000000000000e+00 -5.784500000000000419e+00 0.000000000000000000e+00 0.000000000000000000e+00 1.000000000000000000e+00 0.000000000000000000e+00
7.138555842010607666e-02 -9.974487967053996540e-01 0.000000000000000000e+00 -2.137599999999999917e-02 9.974487967053996540e-01 7.138555842010607666e-02 0.000000000000000000e+00 -5.541699999999999626e+00 0.000000000000000000e+00 0.000000000000000000e+00 1.000000000000000000e+00 0.000000000000000000e+00
1.394008456985815492e-01 -9.902360345990850465e-01 0.000000000000000000e+00 -4.759039999999999972e-03 9.902360345990850465e-01 1.394008456985815492e-01 0.000000000000000000e+00 -5.290099999999999802e+00 0.000000000000000000e+00 0.000000000000000000e+00 1.000000000000000000e+00 0.000000000000000000e+00
1.686464880607606853e-01 -9.856766011551515438e-01 0.000000000000000000e+00 2.396150000000000016e-02 9.856766011551515438e-01 1.686464880607606853e-01 0.000000000000000000e+00 -5.041059999999999874e+00 0.000000000000000000e+00 0.000000000000000000e+00 1.000000000000000000e+00 0.000000000000000000e+00
1.692772865036355212e-01 -9.855684655435998920e-01 0.000000000000000000e+00 5.559379999999999877e-02 9.855684655435998920e-01 1.692772865036355212e-01 0.000000000000000000e+00 -4.798829999999999707e+00 0.000000000000000000e+00 0.000000000000000000e+00 1.000000000000000000e+00 0.000000000000000000e+00
1.264171635470932309e-01 -9.919771674593662603e-01 0.000000000000000000e+00 7.739440000000000208e-02 9.919771674593662603e-01 1.264171635470932309e-01 0.000000000000000000e+00 -4.566709999999999603e+00 0.000000000000000000e+00 0.000000000000000000e+00 1.000000000000000000e+00 0.000000000000000000e+00
1.991501015240310091e-02 -9.998016765192133670e-01 0.000000000000000000e+00 7.747819999999999707e-02 9.998016765192133670e-01 1.991501015240310091e-02 0.000000000000000000e+00 -4.342780000000000307e+00 0.000000000000000000e+00 0.000000000000000000e+00 1.000000000000000000e+00 0.000000000000000000e+00
-8.984236936805668761e-02 -9.959559973544682698e-01 0.000000000000000000e+00 5.361490000000000006e-02 9.959559973544682698e-01 -8.984236936805668761e-02 0.000000000000000000e+00 -4.124769999999999825e+00 0.000000000000000000e+00 0.000000000000000000e+00 1.000000000000000000e+00 0.000000000000000000e+00
-6.998641352025143647e-02 -9.975479446736243982e-01 0.000000000000000000e+00 2.509379999999999944e-02 9.975479446736243982e-01 -6.998641352025143647e-02 0.000000000000000000e+00 -3.889740000000000197e+00 0.000000000000000000e+00 0.000000000000000000e+00 1.000000000000000000e+00 0.000000000000000000e+00
1.575567485389125361e-02 -9.998758716510257605e-01 0.000000000000000000e+00 1.110709999999999996e-02 9.998758716510257605e-01 1.575567485389125361e-02 0.000000000000000000e+00 -3.653449999999999864e+00 0.000000000000000000e+00 0.000000000000000000e+00 1.000000000000000000e+00 0.000000000000000000e+00
7.092672443721080577e-02 -9.974815285310340007e-01 0.000000000000000000e+00 1.403929999999999935e-02 9.974815285310340007e-01 7.092672443721080577e-02 0.000000000000000000e+00 -3.414200000000000124e+00 0.000000000000000000e+00 0.000000000000000000e+00 1.000000000000000000e+00 0.000000000000000000e+00
9.131892781329689623e-02 -9.958216976060673131e-01 0.000000000000000000e+00 2.437359999999999874e-02 9.958216976060673131e-01 9.131892781329689623e-02 0.000000000000000000e+00 -3.176509999999999945e+00 0.000000000000000000e+00 0.000000000000000000e+00 1.000000000000000000e+00 0.000000000000000000e+00
9.042265142228037011e-02 -9.959034813222438220e-01 0.000000000000000000e+00 3.352720000000000006e-02 9.959034813222438220e-01 9.042265142228037011e-02 0.000000000000000000e+00 -2.937910000000000021e+00 0.000000000000000000e+00 0.000000000000000000e+00 1.000000000000000000e+00 0.000000000000000000e+00
8.524275414654688965e-02 -9.963602124058905662e-01 0.000000000000000000e+00 4.255500000000000255e-02 9.963602124058905662e-01 8.524275414654688965e-02 0.000000000000000000e+00 -2.703679999999999861e+00 0.000000000000000000e+00 0.000000000000000000e+00 1.000000000000000000e+00 0.000000000000000000e+00
8.700617727318633865e-02 -9.962077720617857901e-01 0.000000000000000000e+00 5.342790000000000039e-02 9.962077720617857901e-01 8.700617727318633865e-02 0.000000000000000000e+00 -2.472599999999999909e+00 0.000000000000000000e+00 0.000000000000000000e+00 1.000000000000000000e+00 0.000000000000000000e+00
5.228247879245693369e-02 -9.986323359531856791e-01 0.000000000000000000e+00 5.606799999999999978e-02 9.986323359531856791e-01 5.228247879245693369e-02 0.000000000000000000e+00 -2.250750000000000028e+00 0.000000000000000000e+00 0.000000000000000000e+00 1.000000000000000000e+00 0.000000000000000000e+00
3.578868251962818992e-02 -9.993593799047013615e-01 0.000000000000000000e+00 5.251659999999999662e-02 9.993593799047013615e-01 3.578868251962818992e-02 0.000000000000000000e+00 -2.011439999999999895e+00 0.000000000000000000e+00 0.000000000000000000e+00 1.000000000000000000e+00 0.000000000000000000e+00
6.196660093785964774e-02 -9.980782235717839956e-01 0.000000000000000000e+00 5.347729999999999845e-02 9.980782235717839956e-01 6.196660093785964774e-02 0.000000000000000000e+00 -1.777719999999999967e+00 0.000000000000000000e+00 0.000000000000000000e+00 1.000000000000000000e+00 0.000000000000000000e+00
8.962589978695950643e-02 -9.959755007465684873e-01 0.000000000000000000e+00 5.956349999999999839e-02 9.959755007465684873e-01 8.962589978695950643e-02 0.000000000000000000e+00 -1.543700000000000072e+00 0.000000000000000000e+00 0.000000000000000000e+00 1.000000000000000000e+00 0.000000000000000000e+00
1.051316928132583345e-01 -9.944583084102714965e-01 0.000000000000000000e+00 7.044060000000000599e-02 9.944583084102714965e-01 1.051316928132583345e-01 0.000000000000000000e+00 -1.307150000000000034e+00 0.000000000000000000e+00 0.000000000000000000e+00 1.000000000000000000e+00 0.000000000000000000e+00
9.205581079914890164e-02 -9.957538489496845502e-01 0.000000000000000000e+00 8.308440000000000270e-02 9.957538489496845502e-01 9.205581079914890164e-02 0.000000000000000000e+00 -1.073879999999999946e+00 0.000000000000000000e+00 0.000000000000000000e+00 1.000000000000000000e+00 0.000000000000000000e+00
5.971078782251431488e-02 -9.982157190796059343e-01 0.000000000000000000e+00 9.117490000000000316e-02 9.982157190796059343e-01 5.971078782251431488e-02 0.000000000000000000e+00 -8.371359999999999912e-01 0.000000000000000000e+00 0.000000000000000000e+00 1.000000000000000000e+00 0.000000000000000000e+00
-2.258175355791595951e-02 -9.997449996905458658e-01 0.000000000000000000e+00 7.822850000000000636e-02 9.997449996905458658e-01 -2.258175355791595951e-02 0.000000000000000000e+00 -6.063600000000000101e-01 0.000000000000000000e+00 0.000000000000000000e+00 1.000000000000000000e+00 0.000000000000000000e+00
-6.011454354653268384e-01 -7.991396407507279642e-01 0.000000000000000000e+00 3.755039999999999854e-03 7.991396407507279642e-01 -6.011454354653268384e-01 0.000000000000000000e+00 -5.194060000000000343e-01 0.000000000000000000e+00 0.000000000000000000e+00 1.000000000000000000e+00 0.000000000000000000e+00
-9.181807881811809846e-01 -3.961616339513270857e-01 0.000000000000000000e+00 -8.044250000000000012e-02 3.961616339513270857e-01 -9.181807881811809846e-01 0.000000000000000000e+00 -5.003840000000000510e-01 0.000000000000000000e+00 0.000000000000000000e+00 1.000000000000000000e+00 0.000000000000000000e+00
-9.290932970042388162e-01 -3.698454345558335743e-01 0.000000000000000000e+00 -3.554470000000000129e-01 3.698454345558335743e-01 -9.290932970042388162e-01 0.000000000000000000e+00 -4.077299999999999813e-01 0.000000000000000000e+00 0.000000000000000000e+00 1.000000000000000000e+00 0.000000000000000000e+00
-9.356596534389348685e-01 -3.529036878902404029e-01 0.000000000000000000e+00 -5.782300000000000217e-01 3.529036878902404029e-01 -9.356596534389348685e-01 0.000000000000000000e+00 -3.360239999999999894e-01 0.000000000000000000e+00 0.000000000000000000e+00 1.000000000000000000e+00 0.000000000000000000e+00
-9.474325283326724412e-01 -3.199556285755259522e-01 0.000000000000000000e+00 -7.997990000000000377e-01 3.199556285755259522e-01 -9.474325283326724412e-01 0.000000000000000000e+00 -2.649799999999999933e-01 0.000000000000000000e+00 0.000000000000000000e+00 1.000000000000000000e+00 0.000000000000000000e+00
-9.702045597857444914e-01 -2.422872513586916410e-01 0.000000000000000000e+00 -1.025760000000000005e+00 2.422872513586916410e-01 -9.702045597857444914e-01 0.000000000000000000e+00 -2.119310000000000083e-01 0.000000000000000000e+00 0.000000000000000000e+00 1.000000000000000000e+00 0.000000000000000000e+00
-9.935166929052000606e-01 -1.136863268766932500e-01 0.000000000000000000e+00 -1.239910000000000068e+00 1.136863268766932500e-01 -9.935166929052000606e-01 0.000000000000000000e+00 -1.880930000000000102e-01 0.000000000000000000e+00 0.000000000000000000e+00 1.000000000000000000e+00 0.000000000000000000e+00
-9.998910340084825599e-01 -1.476211737683595648e-02 0.000000000000000000e+00 -1.459030000000000049e+00 1.476211737683595648e-02 -9.998910340084825599e-01 0.000000000000000000e+00 -1.840640000000000054e-01 0.000000000000000000e+00 0.000000000000000000e+00 1.000000000000000000e+00 0.000000000000000000e+00
-9.995182155200705854e-01 -3.103766814008080202e-02 0.000000000000000000e+00 -1.686649999999999983e+00 3.103766814008080202e-02 -9.995182155200705854e-01 0.000000000000000000e+00 -1.846480000000000066e-01 0.000000000000000000e+00 0.000000000000000000e+00 1.000000000000000000e+00 0.000000000000000000e+00
-9.982839415068379685e-01 -5.855913361357185931e-02 0.000000000000000000e+00 -1.916789999999999994e+00 5.855913361357185931e-02 -9.982839415068379685e-01 0.000000000000000000e+00 -1.788700000000000012e-01 0.000000000000000000e+00 0.000000000000000000e+00 1.000000000000000000e+00 0.000000000000000000e+00
-9.998516937675977490e-01 -1.722180217241982975e-02 0.000000000000000000e+00 -2.147949999999999804e+00 1.722180217241982975e-02 -9.998516937675977490e-01 0.000000000000000000e+00 -1.769719999999999904e-01 0.000000000000000000e+00 0.000000000000000000e+00 1.000000000000000000e+00 0.000000000000000000e+00
-7.840000716132798919e-01 6.207607330609531404e-01 0.000000000000000000e+00 -2.230739999999999945e+00 -6.207607330609531404e-01 -7.840000716132798919e-01 0.000000000000000000e+00 -2.433909999999999962e-01 0.000000000000000000e+00 0.000000000000000000e+00 1.000000000000000000e+00 0.000000000000000000e+00
-3.595855282058111890e-01 9.331121304028513475e-01 0.000000000000000000e+00 -2.295380000000000198e+00 -9.331121304028513475e-01 -3.595855282058111890e-01 0.000000000000000000e+00 -4.293919999999999959e-01 0.000000000000000000e+00 0.000000000000000000e+00 1.000000000000000000e+00 0.000000000000000000e+00
-3.163540508048328093e-01 9.486411937815969475e-01 0.000000000000000000e+00 -2.357689999999999841e+00 -9.486411937815969475e-01 -3.163540508048328093e-01 0.000000000000000000e+00 -6.392090000000000272e-01 0.000000000000000000e+00 0.000000000000000000e+00 1.000000000000000000e+00 0.000000000000000000e+00
-2.769645881190730408e-01 9.608801262009909472e-01 0.000000000000000000e+00 -2.409240000000000048e+00 -9.608801262009909472e-01 -2.769645881190730408e-01 0.000000000000000000e+00 -8.526610000000000023e-01 0.000000000000000000e+00 0.000000000000000000e+00 1.000000000000000000e+00 0.000000000000000000e+00
4.454158556287918930e-02 9.990075310804942266e-01 0.000000000000000000e+00 -2.412970000000000059e+00 -9.990075310804942266e-01 4.454158556287918930e-02 0.000000000000000000e+00 -1.082880000000000065e+00 0.000000000000000000e+00 0.000000000000000000e+00 1.000000000000000000e+00 0.000000000000000000e+00
1.805408669767323004e-01 9.835674838826717892e-01 0.000000000000000000e+00 -2.370319999999999983e+00 -9.835674838826717892e-01 1.805408669767323004e-01 0.000000000000000000e+00 -1.300470000000000015e+00 0.000000000000000000e+00 0.000000000000000000e+00 1.000000000000000000e+00 0.000000000000000000e+00
1.043858195835862396e-01 9.945368774811031987e-01 0.000000000000000000e+00 -2.329790000000000028e+00 -9.945368774811031987e-01 1.043858195835862396e-01 0.000000000000000000e+00 -1.523649999999999949e+00 0.000000000000000000e+00 0.000000000000000000e+00 1.000000000000000000e+00 0.000000000000000000e+00
-1.686734427143646853e-01 9.856719889105522991e-01 0.000000000000000000e+00 -2.335630000000000095e+00 -9.856719889105522991e-01 -1.686734427143646853e-01 0.000000000000000000e+00 -1.789500000000000091e+00 0.000000000000000000e+00 0.000000000000000000e+00 1.000000000000000000e+00 0.000000000000000000e+00
-2.569294761035926244e-01 9.664301549047056294e-01 0.000000000000000000e+00 -2.377429999999999932e+00 -9.664301549047056294e-01 -2.569294761035926244e-01 0.000000000000000000e+00 -2.014009999999999856e+00 0.000000000000000000e+00 0.000000000000000000e+00 1.000000000000000000e+00 0.000000000000000000e+00
2.142328004388125706e-01 9.767826304844614560e-01 0.000000000000000000e+00 -2.356650000000000134e+00 -9.767826304844614560e-01 2.142328004388125706e-01 0.000000000000000000e+00 -2.258799999999999919e+00 0.000000000000000000e+00 0.000000000000000000e+00 1.000000000000000000e+00 0.000000000000000000e+00
-3.403825140542902639e-01 9.402870541095845747e-01 0.000000000000000000e+00 -2.356289999999999996e+00 -9.402870541095845747e-01 -3.403825140542902639e-01 0.000000000000000000e+00 -2.434470000000000134e+00 0.000000000000000000e+00 0.000000000000000000e+00 1.000000000000000000e+00 0.000000000000000000e+00
-1.648675017033791046e-01 9.863157237325613780e-01 0.000000000000000000e+00 -2.374789999999999957e+00 -9.863157237325613780e-01 -1.648675017033791046e-01 0.000000000000000000e+00 -2.690010000000000012e+00 0.000000000000000000e+00 0.000000000000000000e+00 1.000000000000000000e+00 0.000000000000000000e+00
-2.719161737207490548e-01 9.623209415101946496e-01 0.000000000000000000e+00 -2.421710000000000029e+00 -9.623209415101946496e-01 -2.719161737207490548e-01 0.000000000000000000e+00 -2.926299999999999901e+00 0.000000000000000000e+00 0.000000000000000000e+00 1.000000000000000000e+00 0.000000000000000000e+00
-3.008212486536463448e-01 9.536805420886288465e-01 0.000000000000000000e+00 -2.484539999999999971e+00 -9.536805420886288465e-01 -3.008212486536463448e-01 0.000000000000000000e+00 -3.158119999999999816e+00 0.000000000000000000e+00 0.000000000000000000e+00 1.000000000000000000e+00 0.000000000000000000e+00
-2.215402370724139924e-01 9.751512310190141308e-01 0.000000000000000000e+00 -2.534279999999999866e+00 -9.751512310190141308e-01 -2.215402370724139924e-01 0.000000000000000000e+00 -3.401990000000000069e+00 0.000000000000000000e+00 0.000000000000000000e+00 1.000000000000000000e+00 0.000000000000000000e+00
-1.122366850264432531e-01 9.936815015558431163e-01 0.000000000000000000e+00 -2.557650000000000201e+00 -9.936815015558431163e-01 -1.122366850264432531e-01 0.000000000000000000e+00 -3.620340000000000114e+00 0.000000000000000000e+00 0.000000000000000000e+00 1.000000000000000000e+00 0.000000000000000000e+00
6.646277862908234364e-03 9.999779132513723079e-01 0.000000000000000000e+00 -2.552890000000000104e+00 -9.999779132513723079e-01 6.646277862908234364e-03 0.000000000000000000e+00 -3.828019999999999978e+00 0.000000000000000000e+00 0.000000000000000000e+00 1.000000000000000000e+00 0.000000000000000000e+00
1.850527045910933116e-02 9.998287628215319911e-01 0.000000000000000000e+00 -2.538629999999999942e+00 -9.998287628215319911e-01 1.850527045910933116e-02 0.000000000000000000e+00 -4.053200000000000358e+00 0.000000000000000000e+00 0.000000000000000000e+00 1.000000000000000000e+00 0.000000000000000000e+00
-6.122535754201121477e-02 9.981239680489858435e-01 0.000000000000000000e+00 -2.535070000000000157e+00 -9.981239680489858435e-01 -6.122535754201121477e-02 0.000000000000000000e+00 -4.286249999999999893e+00 0.000000000000000000e+00 0.000000000000000000e+00 1.000000000000000000e+00 0.000000000000000000e+00
-9.053951649788964662e-02 9.958928636918372712e-01 0.000000000000000000e+00 -2.540299999999999780e+00 -9.958928636918372712e-01 -9.053951649788964662e-02 0.000000000000000000e+00 -4.521160000000000068e+00 0.000000000000000000e+00 0.000000000000000000e+00 1.000000000000000000e+00 0.000000000000000000e+00
-9.294930975796190931e-02 9.956708421037137047e-01 0.000000000000000000e+00 -2.550440000000000040e+00 -9.956708421037137047e-01 -9.294930975796190931e-02 0.000000000000000000e+00 -4.750250000000000306e+00 0.000000000000000000e+00 0.000000000000000000e+00 1.000000000000000000e+00 0.000000000000000000e+00
-6.504771393978965588e-02 9.978821548215035531e-01 0.000000000000000000e+00 -2.555019999999999847e+00 -9.978821548215035531e-01 -6.504771393978965588e-02 0.000000000000000000e+00 -4.976230000000000153e+00 0.000000000000000000e+00 0.000000000000000000e+00 1.000000000000000000e+00 0.000000000000000000e+00
-4.182147239280102624e-02 9.991250994980048761e-01 0.000000000000000000e+00 -2.557110000000000216e+00 -9.991250994980048761e-01 -4.182147239280102624e-02 0.000000000000000000e+00 -5.199889999999999901e+00 0.000000000000000000e+00 0.000000000000000000e+00 1.000000000000000000e+00 0.000000000000000000e+00
-4.947346886753729162e-02 9.987754381632604206e-01 0.000000000000000000e+00 -2.558609999999999829e+00 -9.987754381632604206e-01 -4.947346886753729162e-02 0.000000000000000000e+00 -5.430659999999999599e+00 0.000000000000000000e+00 0.000000000000000000e+00 1.000000000000000000e+00 0.000000000000000000e+00
-5.476625905414526929e-02 9.984992022376454335e-01 0.000000000000000000e+00 -2.563429999999999875e+00 -9.984992022376454335e-01 -5.476625905414526929e-02 0.000000000000000000e+00 -5.662270000000000358e+00 0.000000000000000000e+00 0.000000000000000000e+00 1.000000000000000000e+00 0.000000000000000000e+00
-4.748580909750729079e-02 9.988719126766729683e-01 0.000000000000000000e+00 -2.562320000000000153e+00 -9.988719126766729683e-01 -4.748580909750729079e-02 0.000000000000000000e+00 -5.891910000000000203e+00 0.000000000000000000e+00 0.000000000000000000e+00 1.000000000000000000e+00 0.000000000000000000e+00
