-1.020349614687611484e-02 9.999479429782235362e-01 0.000000000000000000e+00 5.396229999999999777e-02 -9.999479429782235362e-01 -1.020349614687611484e-02 0.000000000000000000e+00 6.816519999999999524e-02 0.000000000000000000e+00 0.000000000000000000e+00 1.000000000000000000e+00 0.000000000000000000e+00
-1.626295623850485678e-02 9.998677493820792295e-01 0.000000000000000000e+00 5.380619999999999847e-02 -9.998677493820792295e-01 -1.626295623850485678e-02 0.000000000000000000e+00 6.849239999999999495e-02 0.000000000000000000e+00 0.000000000000000000e+00 1.000000000000000000e+00 0.000000000000000000e+00
-2.847982180076449529e-02 9.995943676062789551e-01 0.000000000000000000e+00 5.428770000000000123e-02 -9.995943676062789551e-01 -2.847982180076449529e-02 0.000000000000000000e+00 7.345699999999999452e-02 0.000000000000000000e+00 0.000000000000000000e+00 1.000000000000000000e+00 0.000000000000000000e+00
-2.647058094411538012e-02 9.996495927796305025e-01 0.000000000000000000e+00 5.446739999999999915e-02 -9.996495927796305025e-01 -2.647058094411538012e-02 0.000000000000000000e+00 8.031889999999999863e-02 0.000000000000000000e+00 0.000000000000000000e+00 1.000000000000000000e+00 0.000000000000000000e+00
-2.479113306296562569e-02 9.996926526295241144e-01 0.000000000000000000e+00 5.463670000000000332e-02 -9.996926526295241144e-01 -2.479113306296562569e-02 0.000000000000000000e+00 8.465129999999999877e-02 0.000000000000000000e+00 0.000000000000000000e+00 1.000000000000000000e+00 0.000000000000000000e+00
-4.636731884890786786e-04 9.999998925035813446e-01 0.000000000000000000e+00 5.441250000000000253e-02 -9.999998925035813446e-01 -4.636731884890786786e-04 0.000000000000000000e+00 -1.587510000000000032e-01 0.000000000000000000e+00 0.000000000000000000e+00 1.000000000000000000e+00 0.000000000000000000e+00
-3.348741120997620474e-02 9.994391393628998532e-01 0.000000000000000000e+00 5.931449999999999917e-02 -9.994391393628998532e-01 -3.348741120997620474e-02 0.000000000000000000e+00 -3.911870000000000069e-01 0.000000000000000000e+00 0.000000000000000000e+00 1.000000000000000000e+00 0.000000000000000000e+00
-1.069189081101260402e-01 9.942677441657947757e-01 0.000000000000000000e+00 5.169580000000000009e-02 -9.942677441657947757e-01 -1.069189081101260402e-01 0.000000000000000000e+00 -6.183020000000000183e-01 0.000000000000000000e+00 0.000000000000000000e+00 1.000000000000000000e+00 0.000000000000000000e+00
-1.516463493044315769e-01 9.884348156265229113e-01 0.000000000000000000e+00 2.533929999999999863e-02 -9.884348156265229113e-01 -1.516463493044315769e-01 0.000000000000000000e+00 -8.584169999999999856e-01 0.000000000000000000e+00 0.000000000000000000e+00 1.000000000000000000e+00 0.000000000000000000e+00
-1.693140938297780229e-01 9.855621429573079295e-01 0.000000000000000000e+00 -4.788770000000000353e-03 -9.855621429573079295e-01 -1.693140938297780229e-01 0.000000000000000000e+00 -1.087949999999999973e+00 0.000000000000000000e+00 0.000000000000000000e+00 1.000000000000000000e+00 0.000000000000000000e+00
-1.320865435866186155e-01 9.912381878253784251e-01 0.000000000000000000e+00 -2.863510000000000014e-02 -9.912381878253784251e-01 -1.320865435866186155e-01 0.000000000000000000e+00 -1.316179999999999906e+00 0.000000000000000000e+00 0.000000000000000000e+00 1.000000000000000000e+00 0.000000000000000000e+00
-5.527548650285932924e-02 9.984711415919200750e-01 0.000000000000000000e+00 -3.261010000000000297e-02 -9.984711415919200750e-01 -5.527548650285932924e-02 0.000000000000000000e+00 -1.536129999999999995e+00 0.000000000000000000e+00 0.000000000000000000e+00 1.000000000000000000e+00 0.000000000000000000e+00
-5.338827844398815609e-02 9.985738288803623908e-01 0.000000000000000000e+00 -3.757859999999999673e-02 -9.985738288803623908e-01 -5.338827844398815609e-02 0.000000000000000000e+00 -1.759779999999999900e+00 0.000000000000000000e+00 0.000000000000000000e+00 1.000000000000000000e+00 0.000000000000000000e+00
-1.075651595117066150e-01 9.941980368413634306e-01 0.000000000000000000e+00 -4.644369999999999749e-02 -9.941980368413634306e-01 -1.075651595117066150e-01 0.000000000000000000e+00 -1.994169999999999998e+00 0.000000000000000000e+00 0.000000000000000000e+00 1.000000000000000000e+00 0.000000000000000000e+00
-1.268609083079364763e-01 9.919205159403072791e-01 0.000000000000000000e+00 -6.460539999999999339e-02 -9.919205159403072791e-01 -1.268609083079364763e-01 0.000000000000000000e+00 -2.220139999999999780e+00 0.000000000000000000e+00 0.000000000000000000e+00 1.000000000000000000e+00 0.000000000000000000e+00
-1.085195399144522482e-01 9.940943161776731873e-01 0.000000000000000000e+00 -8.111790000000000667e-02 -9.940943161776731873e-01 -1.085195399144522482e-01 0.000000000000000000e+00 -2.445870000000000211e+00 0.000000000000000000e+00 0.000000000000000000e+00 1.000000000000000000e+00 0.000000000000000000e+00
-5.949851231795678930e-02 9.982283942224594586e-01 0.000000000000000000e+00 -8.826799999999999924e-02 -9.982283942224594586e-01 -5.949851231795678930e-02 0.000000000000000000e+00 -2.667889999999999873e+00 0.000000000000000000e+00 0.000000000000000000e+00 1.000000000000000000e+00 0.000000000000000000e+00
-5.511573041335985496e-02 9.984799728892922444e-01 0.000000000000000000e+00 -9.312099999999999544e-02 -9.984799728892922444e-01 -5.511573041335985496e-02 0.000000000000000000e+00 -2.897400000000000198e+00 0.000000000000000000e+00 0.000000000000000000e+00 1.000000000000000000e+00 0.000000000000000000e+00
-7.151257936455465702e-02 9.974396979229512850e-01 0.000000000000000000e+00 -9.942679999999999574e-02 -9.974396979229512850e-01 -7.151257936455465702e-02 0.000000000000000000e+00 -3.123489999999999878e+00 0.000000000000000000e+00 0.000000000000000000e+00 1.000000000000000000e+00 0.000000000000000000e+00
-6.940782397306520524e-02 9.975883690036306817e-01 0.000000000000000000e+00 -1.061020000000000019e-01 -9.975883690036306817e-01 -6.940782397306520524e-02 0.000000000000000000e+00 -3.357279999999999820e+00 0.000000000000000000e+00 0.000000000000000000e+00 1.000000000000000000e+00 0.000000000000000000e+00
-6.996646254736187120e-02 9.975493442023850577e-01 0.000000000000000000e+00 -1.102550000000000058e-01 -9.975493442023850577e-01 -6.996646254736187120e-02 0.000000000000000000e+00 -3.581570000000000142e+00 0.000000000000000000e+00 0.000000000000000000e+00 1.000000000000000000e+00 0.000000000000000000e+00
-7.828349436745900281e-02 9.969311382987392500e-01 0.000000000000000000e+00 -1.154870000000000063e-01 -9.969311382987392500e-01 -7.828349436745900281e-02 0.000000000000000000e+00 -3.810690000000000133e+00 0.000000000000000000e+00 0.000000000000000000e+00 1.000000000000000000e+00 0.000000000000000000e+00
-6.779164044523172672e-02 9.976995005941139416e-01 0.000000000000000000e+00 -1.212219999999999964e-01 -9.976995005941139416e-01 -6.779164044523172672e-02 0.000000000000000000e+00 -4.042390000000000150e+00 0.000000000000000000e+00 0.000000000000000000e+00 1.000000000000000000e+00 0.000000000000000000e+00
-6.293205918105772290e-02 9.980178134318203886e-01 0.000000000000000000e+00 -1.251299999999999912e-01 -9.980178134318203886e-01 -6.293205918105772290e-02 0.000000000000000000e+00 -4.269490000000000229e+00 0.000000000000000000e+00 0.000000000000000000e+00 1.000000000000000000e+00 0.000000000000000000e+00
-4.735595534797002598e-02 9.988780773913706890e-01 0.000000000000000000e+00 -1.302169999999999994e-01 -9.988780773913706890e-01 -4.735595534797002598e-02 0.000000000000000000e+00 -4.498210000000000264e+00 0.000000000000000000e+00 0.000000000000000000e+00 1.000000000000000000e+00 0.000000000000000000e+00
-1.509310010744898192e-02 9.998860926771341306e-01 0.000000000000000000e+00 -1.215060000000000029e-01 -9.998860926771341306e-01 -1.509310010744898192e-02 0.000000000000000000e+00 -4.720209999999999795e+00 0.000000000000000000e+00 0.000000000000000000e+00 1.000000000000000000e+00 0.000000000000000000e+00
-1.644293216896193857e-02 9.998648058521146798e-01 0.000000000000000000e+00 -1.150069999999999981e-01 -9.998648058521146798e-01 -1.644293216896193857e-02 0.000000000000000000e+00 -4.954410000000000203e+00 0.000000000000000000e+00 0.000000000000000000e+00 1.000000000000000000e+00 0.000000000000000000e+00
-3.269784392226039726e-02 9.994652825400367480e-01 0.000000000000000000e+00 -1.136540000000000050e-01 -9.994652825400367480e-01 -3.269784392226039726e-02 0.000000000000000000e+00 -5.183639999999999581e+00 0.000000000000000000e+00 0.000000000000000000e+00 1.000000000000000000e+00 0.000000000000000000e+00
-1.477313579048619187e-02 9.998908712749186023e-01 0.000000000000000000e+00 -1.061850000000000016e-01 -9.998908712749186023e-01 -1.477313579048619187e-02 0.000000000000000000e+00 -5.412349999999999994e+00 0.000000000000000000e+00 0.000000000000000000e+00 1.000000000000000000e+00 0.000000000000000000e+00
-2.190192178961712297e-02 9.997601241407467754e-01 0.000000000000000000e+00 -1.004489999999999966e-01 -9.997601241407467754e-01 -2.190192178961712297e-02 0.000000000000000000e+00 -5.633259999999999934e+00 0.000000000000000000e+00 0.000000000000000000e+00 1.000000000000000000e+00 0.000000000000000000e+00
-2.358148710010640053e-02 9.997219180682933581e-01 0.000000000000000000e+00 -9.170090000000000185e-02 -9.997219180682933581e-01 -2.358148710010640053e-02 0.000000000000000000e+00 -5.860439999999999650e+00 0.000000000000000000e+00 0.000000000000000000e+00 1.000000000000000000e+00 0.000000000000000000e+00
-2.215186113361379897e-02 9.997546174178527645e-01 0.000000000000000000e+00 -8.857859999999999345e-02 -9.997546174178527645e-01 -2.215186113361379897e-02 0.000000000000000000e+00 -6.084159999999999791e+00 0.000000000000000000e+00 0.000000000000000000e+00 1.000000000000000000e+00 0.000000000000000000e+00
-2.479113306296562569e-02 9.996926526295241144e-01 0.000000000000000000e+00 -8.464470000000000327e-02 -9.996926526295241144e-01 -2.479113306296562569e-02 0.000000000000000000e+00 -6.311410000000000409e+00 0.000000000000000000e+00 0.000000000000000000e+00 1.000000000000000000e+00 0.000000000000000000e+00
-2.696040604718302411e-02 9.996365021875557311e-01 0.000000000000000000e+00 -8.215340000000000142e-02 -9.996365021875557311e-01 -2.696040604718302411e-02 0.000000000000000000e+00 -6.534150000000000347e+00 0.000000000000000000e+00 0.000000000000000000e+00 1.000000000000000000e+00 0.000000000000000000e+00
-3.397713234850332359e-02 9.994226105493972945e-01 0.000000000000000000e+00 -8.281769999999999410e-02 -9.994226105493972945e-01 -3.397713234850332359e-02 0.000000000000000000e+00 -6.776309999999999611e+00 0.000000000000000000e+00 0.000000000000000000e+00 1.000000000000000000e+00 0.000000000000000000e+00
-3.998301245169826740e-02 9.992003596452951886e-01 0.000000000000000000e+00 -8.610099999999999698e-02 -9.992003596452951886e-01 -3.998301245169826740e-02 0.000000000000000000e+00 -7.022789999999999644e+00 0.000000000000000000e+00 0.000000000000000000e+00 1.000000000000000000e+00 0.000000000000000000e+00
-5.679309819944287213e-02 9.983859694511478811e-01 0.000000000000000000e+00 -9.256040000000000101e-02 -9.983859694511478811e-01 -5.679309819944287213e-02 0.000000000000000000e+00 -7.266160000000000174e+00 0.000000000000000000e+00 0.000000000000000000e+00 1.000000000000000000e+00 0.000000000000000000e+00
-4.536809551879193714e-02 9.989703378524298349e-01 0.000000000000000000e+00 -9.602270000000000250e-02 -9.989703378524298349e-01 -4.536809551879193714e-02 0.000000000000000000e+00 -7.510150000000000325e+00 0.000000000000000000e+00 0.000000000000000000e+00 1.000000000000000000e+00 0.000000000000000000e+00
-1.705284660349924014e-02 9.998545896392722065e-01 0.000000000000000000e+00 -9.367209999999999426e-02 -9.998545896392722065e-01 -1.705284660349924014e-02 0.000000000000000000e+00 -7.758600000000000385e+00 0.000000000000000000e+00 0.000000000000000000e+00 1.000000000000000000e+00 0.000000000000000000e+00
-4.143661347282996503e-03 9.999914149984684419e-01 0.000000000000000000e+00 -8.930240000000000400e-02 -9.999914149984684419e-01 -4.143661347282996503e-03 0.000000000000000000e+00 -7.997090000000000032e+00 0.000000000000000000e+00 0.000000000000000000e+00 1.000000000000000000e+00 0.000000000000000000e+00
-9.933509833634899047e-03 9.999506614740474308e-01 0.000000000000000000e+00 -8.662759999999999905e-02 -9.999506614740474308e-01 -9.933509833634899047e-03 0.000000000000000000e+00 -8.247989999999999711e+00 0.000000000000000000e+00 0.000000000000000000e+00 1.000000000000000000e+00 0.000000000000000000e+00
-1.493311814011161025e-02 9.998884947745990681e-01 0.000000000000000000e+00 -8.659690000000000443e-02 -9.998884947745990681e-01 -1.493311814011161025e-02 0.000000000000000000e+00 -8.490840000000000387e+00 0.000000000000000000e+00 0.000000000000000000e+00 1.000000000000000000e+00 0.000000000000000000e+00
-1.443317204691542399e-02 9.998958363472988387e-01 0.000000000000000000e+00 -8.477210000000000301e-02 -9.998958363472988387e-01 -1.443317204691542399e-02 0.000000000000000000e+00 -8.732409999999999783e+00 0.000000000000000000e+00 0.000000000000000000e+00 1.000000000000000000e+00 0.000000000000000000e+00
-1.547305572380023274e-02 9.998802851074563014e-01 0.000000000000000000e+00 -7.964559999999999695e-02 -9.998802851074563014e-01 -1.547305572380023274e-02 0.000000000000000000e+00 -8.949260000000000659e+00 0.000000000000000000e+00 0.000000000000000000e+00 1.000000000000000000e+00 0.000000000000000000e+00
-1.633294694106021336e-02 9.998666085254674929e-01 0.000000000000000000e+00 -7.378809999999999536e-02 -9.998666085254674929e-01 -1.633294694106021336e-02 0.000000000000000000e+00 -9.164220000000000255e+00 0.000000000000000000e+00 0.000000000000000000e+00 1.000000000000000000e+00 0.000000000000000000e+00
-2.060221548719156845e-02 9.997877518338676994e-01 0.000000000000000000e+00 -7.347629999999999439e-02 -9.997877518338676994e-01 -2.060221548719156845e-02 0.000000000000000000e+00 -9.388159999999999172e+00 0.000000000000000000e+00 0.000000000000000000e+00 1.000000000000000000e+00 0.000000000000000000e+00
-2.734026596233081821e-02 9.996261850597497611e-01 0.000000000000000000e+00 -7.173430000000000084e-02 -9.996261850597497611e-01 -2.734026596233081821e-02 0.000000000000000000e+00 -9.601020000000000110e+00 0.000000000000000000e+00 0.000000000000000000e+00 1.000000000000000000e+00 0.000000000000000000e+00
-3.284776334622855481e-02 9.994603666194823433e-01 0.000000000000000000e+00 -6.766429999999999667e-02 -9.994603666194823433e-01 -3.284776334622855481e-02 0.000000000000000000e+00 -9.812480000000000757e+00 0.000000000000000000e+00 0.000000000000000000e+00 1.000000000000000000e+00 0.000000000000000000e+00
-3.744779317071448843e-01 9.272358268878198029e-01 0.000000000000000000e+00 -1.105890000000000067e-01 -9.272358268878198029e-01 -3.744779317071448843e-01 0.000000000000000000e+00 -9.999109999999999943e+00 0.000000000000000000e+00 0.000000000000000000e+00 1.000000000000000000e+00 0.000000000000000000e+00
-8.140802280386665313e-01 5.807524277319146000e-01 0.000000000000000000e+00 -1.307379999999999931e-01 -5.807524277319146000e-01 -8.140802280386665313e-01 0.000000000000000000e+00 -9.985749999999999460e+00 0.000000000000000000e+00 0.000000000000000000e+00 1.000000000000000000e+00 0.000000000000000000e+00
-9.987976500826050152e-01 4.902299653699367793e-02 0.000000000000000000e+00 -1.365580000000000127e-01 -4.902299653699367793e-02 -9.987976500826050152e-01 0.000000000000000000e+00 -9.948090000000000543e+00 0.000000000000000000e+00 0.000000000000000000e+00 1.000000000000000000e+00 0.000000000000000000e+00
-8.520366652286801568e-01 -5.234821115434508121e-01 0.000000000000000000e+00 -1.377690000000000026e-01 5.234821115434508121e-01 -8.520366652286801568e-01 0.000000000000000000e+00 -9.913629999999999498e+00 0.000000000000000000e+00 0.000000000000000000e+00 1.000000000000000000e+00 0.000000000000000000e+00
-4.204522153092472569e-01 -9.073146833604900374e-01 0.000000000000000000e+00 -1.257409999999999917e-01 9.073146833604900374e-01 -4.204522153092472569e-01 0.000000000000000000e+00 -9.882860000000000866e+00 0.000000000000000000e+00 0.000000000000000000e+00 1.000000000000000000e+00 0.000000000000000000e+00
1.288272924515512508e-01 -9.916670452927245361e-01 0.000000000000000000e+00 -1.075779999999999931e-01 9.916670452927245361e-01 1.288272924515512508e-01 0.000000000000000000e+00 -9.862439999999999429e+00 0.000000000000000000e+00 0.000000000000000000e+00 1.000000000000000000e+00 0.000000000000000000e+00
-2.408134509062734643e-02 -9.997100023599974072e-01 0.000000000000000000e+00 -1.203150000000000053e-01 9.997100023599974072e-01 -2.408134509062734643e-02 0.000000000000000000e+00 -9.587199999999999278e+00 0.000000000000000000e+00 0.000000000000000000e+00 1.000000000000000000e+00 0.000000000000000000e+00
1.405692268973862402e-01 -9.900708522370866849e-01 0.000000000000000000e+00 -1.113579999999999987e-01 9.900708522370866849e-01 1.405692268973862402e-01 0.000000000000000000e+00 -9.356070000000000775e+00 0.000000000000000000e+00 0.000000000000000000e+00 1.000000000000000000e+00 0.000000000000000000e+00
2.525998726950218209e-01 -9.675708265106274242e-01 0.000000000000000000e+00 -6.490039999999999698e-02 9.675708265106274242e-01 2.525998726950218209e-01 0.000000000000000000e+00 -9.111230000000000828e+00 0.000000000000000000e+00 0.000000000000000000e+00 1.000000000000000000e+00 0.000000000000000000e+00
2.861020208039538049e-01 -9.581991618092211560e-01 0.000000000000000000e+00 -8.119780000000000053e-03 9.581991618092211560e-01 2.861020208039538049e-01 0.000000000000000000e+00 -8.877620000000000289e+00 0.000000000000000000e+00 0.000000000000000000e+00 1.000000000000000000e+00 0.000000000000000000e+00
-6.240310092589507890e-02 -9.980510272500262570e-01 0.000000000000000000e+00 -5.202469999999999838e-03 9.980510272500262570e-01 -6.240310092589507890e-02 0.000000000000000000e+00 -8.614599999999999369e+00 0.000000000000000000e+00 0.000000000000000000e+00 1.000000000000000000e+00 0.000000000000000000e+00
-1.562014062657983149e-01 -9.877252252932426924e-01 0.000000000000000000e+00 -4.846240000000000270e-02 9.877252252932426924e-01 -1.562014062657983149e-01 0.000000000000000000e+00 -8.386879999999999669e+00 0.000000000000000000e+00 0.000000000000000000e+00 1.000000000000000000e+00 0.000000000000000000e+00
-4.589754340111771441e-02 -9.989461524575499185e-01 0.000000000000000000e+00 -8.429580000000000406e-02 9.989461524575499185e-01 -4.589754340111771441e-02 0.000000000000000000e+00 -8.148659999999999570e+00 0.000000000000000000e+00 0.000000000000000000e+00 1.000000000000000000e+00 0.000000000000000000e+00
1.106194731000071235e-01 -9.938628336803206897e-01 0.000000000000000000e+00 -8.360499999999999876e-02 9.938628336803206897e-01 1.106194731000071235e-01 0.000000000000000000e+00 -7.915000000000000036e+00 0.000000000000000000e+00 0.000000000000000000e+00 1.000000000000000000e+00 0.000000000000000000e+00
1.618906995033290996e-01 -9.868086954492865104e-01 0.000000000000000000e+00 -5.651769999999999711e-02 9.868086954492865104e-01 1.618906995033290996e-01 0.000000000000000000e+00 -7.672860000000000014e+00 0.000000000000000000e+00 0.000000000000000000e+00 1.000000000000000000e+00 0.000000000000000000e+00
1.793211048094658089e-01 -9.837905983337676963e-01 0.000000000000000000e+00 -2.538239999999999941e-02 9.837905983337676963e-01 1.793211048094658089e-01 0.000000000000000000e+00 -7.436320000000000263e+00 0.000000000000000000e+00 0.000000000000000000e+00 1.000000000000000000e+00 0.000000000000000000e+00
1.414206357428563487e-01 -9.899495965886779825e-01 0.000000000000000000e+00 -2.128880000000000095e-03 9.899495965886779825e-01 1.414206357428563487e-01 0.000000000000000000e+00 -7.203450000000000131e+00 0.000000000000000000e+00 0.000000000000000000e+00 1.000000000000000000e+00 0.000000000000000000e+00
6.125794983997977922e-02 -9.981219682891477873e-01 0.000000000000000000e+00 3.782549999999999975e-03 9.981219682891477873e-01 6.125794983997977922e-02 0.000000000000000000e+00 -6.984329999999999927e+00 0.000000000000000000e+00 0.000000000000000000e+00 1.000000000000000000e+00 0.000000000000000000e+00
-6.174437370433768363e-02 -9.980919959181413503e-01 0.000000000000000000e+00 -1.623760000000000134e-02 9.980919959181413503e-01 -6.174437370433768363e-02 0.000000000000000000e+00 -6.766280000000000072e+00 0.000000000000000000e+00 0.000000000000000000e+00 1.000000000000000000e+00 0.000000000000000000e+00
-9.762791886370958405e-02 -9.952229847920218697e-01 0.000000000000000000e+00 -5.097209999999999935e-02 9.952229847920218697e-01 -9.762791886370958405e-02 0.000000000000000000e+00 -6.539019999999999833e+00 0.000000000000000000e+00 0.000000000000000000e+00 1.000000000000000000e+00 0.000000000000000000e+00
-6.496788315933632596e-02 -9.978873554453903116e-01 0.000000000000000000e+00 -8.241999999999999327e-02 9.978873554453903116e-01 -6.496788315933632596e-02 0.000000000000000000e+00 -6.314250000000000362e+00 0.000000000000000000e+00 0.000000000000000000e+00 1.000000000000000000e+00 0.000000000000000000e+00
-5.897942553215550221e-02 -9.982591984869946256e-01 0.000000000000000000e+00 -1.095649999999999957e-01 9.982591984869946256e-01 -5.897942553215550221e-02 0.000000000000000000e+00 -6.081269999999999953e+00 0.000000000000000000e+00 0.000000000000000000e+00 1.000000000000000000e+00 0.000000000000000000e+00
-7.223610381638068470e-03 -9.999739093861670369e-01 0.000000000000000000e+00 -1.283009999999999984e-01 9.999739093861670369e-01 -7.223610381638068470e-03 0.000000000000000000e+00 -5.846630000000000216e+00 0.000000000000000000e+00 0.000000000000000000e+00 1.000000000000000000e+00 0.000000000000000000e+00
4.392219237239865931e-02 -9.990349548525326862e-01 0.000000000000000000e+00 -1.362150000000000027e-01 9.990349548525326862e-01 4.392219237239865931e-02 0.000000000000000000e+00 -5.611030000000000406e+00 0.000000000000000000e+00 0.000000000000000000e+00 1.000000000000000000e+00 0.000000000000000000e+00
1.062454199472299687e-01 -9.943399372147518900e-01 0.000000000000000000e+00 -1.288489999999999913e-01 9.943399372147518900e-01 1.062454199472299687e-01 0.000000000000000000e+00 -5.373099999999999987e+00 0.000000000000000000e+00 0.000000000000000000e+00 1.000000000000000000e+00 0.000000000000000000e+00
1.785143363214853340e-01 -9.839373108728520778e-01 0.000000000000000000e+00 -1.053840000000000054e-01 9.839373108728520778e-01 1.785143363214853340e-01 0.000000000000000000e+00 -5.126929999999999765e+00 0.000000000000000000e+00 0.000000000000000000e+00 1.000000000000000000e+00 0.000000000000000000e+00
2.123667559777153713e-01 -9.771900331846929966e-01 0.000000000000000000e+00 -6.880029999999999479e-02 9.771900331846929966e-01 2.123667559777153713e-01 0.000000000000000000e+00 -4.883930000000000327e+00 0.000000000000000000e+00 0.000000000000000000e+00 1.000000000000000000e+00 0.000000000000000000e+00
2.180991697916327965e-01 -9.759266120647599463e-01 0.000000000000000000e+00 -2.842329999999999857e-02 9.759266120647599463e-01 2.180991697916327965e-01 0.000000000000000000e+00 -4.648049999999999571e+00 0.000000000000000000e+00 0.000000000000000000e+00 1.000000000000000000e+00 0.000000000000000000e+00
1.810719670693584360e-01 -9.834698484151067621e-01 0.000000000000000000e+00 2.850880000000000081e-03 9.834698484151067621e-01 1.810719670693584360e-01 0.000000000000000000e+00 -4.421999999999999709e+00 0.000000000000000000e+00 0.000000000000000000e+00 1.000000000000000000e+00 0.000000000000000000e+00
8.211376799128215775e-02 -9.966229623615311395e-01 0.000000000000000000e+00 1.312119999999999953e-02 9.966229623615311395e-01 8.211376799128215775e-02 0.000000000000000000e+00 -4.203420000000000378e+00 0.000000000000000000e+00 0.000000000000000000e+00 1.000000000000000000e+00 0.000000000000000000e+00
-2.014231095785294634e-02 -9.997971230751152572e-01 0.000000000000000000e+00 6.477549999999999671e-04 9.997971230751152572e-01 -2.014231095785294634e-02 0.000000000000000000e+00 -3.989370000000000083e+00 0.000000000000000000e+00 0.000000000000000000e+00 1.000000000000000000e+00 0.000000000000000000e+00
7.966242534844099679e-03 -9.999682689865093677e-01 0.000000000000000000e+00 -1.366750000000000083e-02 9.999682689865093677e-01 7.966242534844099679e-03 0.000000000000000000e+00 -3.757960000000000189e+00 0.000000000000000000e+00 0.000000000000000000e+00 1.000000000000000000e+00 0.000000000000000000e+00
8.219349756542204677e-02 -9.966163900709053003e-01 0.000000000000000000e+00 -1.499200000000000012e-02 9.966163900709053003e-01 8.219349756542204677e-02 0.000000000000000000e+00 -3.523820000000000174e+00 0.000000000000000000e+00 0.000000000000000000e+00 1.000000000000000000e+00 0.000000000000000000e+00
1.271115165354028687e-01 -9.918884324177139611e-01 0.000000000000000000e+00 -1.846959999999999921e-03 9.918884324177139611e-01 1.271115165354028687e-01 0.000000000000000000e+00 -3.287830000000000030e+00 0.000000000000000000e+00 0.000000000000000000e+00 1.000000000000000000e+00 0.000000000000000000e+00
1.387373563165192891e-01 -9.903292109002456156e-01 0.000000000000000000e+00 1.628780000000000158e-02 9.903292109002456156e-01 1.387373563165192891e-01 0.000000000000000000e+00 -3.053630000000000067e+00 0.000000000000000000e+00 0.000000000000000000e+00 1.000000000000000000e+00 0.000000000000000000e+00
1.304831960042386330e-01 -9.914505209845418943e-01 0.000000000000000000e+00 3.129139999999999699e-02 9.914505209845418943e-01 1.304831960042386330e-01 0.000000000000000000e+00 -2.818280000000000118e+00 0.000000000000000000e+00 0.000000000000000000e+00 1.000000000000000000e+00 0.000000000000000000e+00
1.191922836177342349e-01 -9.928711897955291299e-01 0.000000000000000000e+00 4.428200000000000192e-02 9.928711897955291299e-01 1.191922836177342349e-01 0.000000000000000000e+00 -2.587149999999999839e+00 0.000000000000000000e+00 0.000000000000000000e+00 1.000000000000000000e+00 0.000000000000000000e+00
1.160144909688148318e-01 -9.932475209560035490e-01 0.000000000000000000e+00 5.760719999999999730e-02 9.932475209560035490e-01 1.160144909688148318e-01 0.000000000000000000e+00 -2.359119999999999884e+00 0.000000000000000000e+00 0.000000000000000000e+00 1.000000000000000000e+00 0.000000000000000000e+00
7.756832931372178996e-02 -9.969870381742572674e-01 0.000000000000000000e+00 6.131640000000000007e-02 9.969870381742572674e-01 7.756832931372178996e-02 0.000000000000000000e+00 -2.139990000000000059e+00 0.000000000000000000e+00 0.000000000000000000e+00 1.000000000000000000e+00 0.000000000000000000e+00
5.856280051484556021e-02 -9.982837264003948663e-01 0.000000000000000000e+00 5.845150000000000345e-02 9.982837264003948663e-01 5.856280051484556021e-02 0.000000000000000000e+00 -1.903210000000000068e+00 0.000000000000000000e+00 0.000000000000000000e+00 1.000000000000000000e+00 0.000000000000000000e+00
8.337941259259787352e-02 -9.965178741777356297e-01 0.000000000000000000e+00 5.936589999999999923e-02 9.965178741777356297e-01 8.337941259259787352e-02 0.000000000000000000e+00 -1.672129999999999894e+00 0.000000000000000000e+00 0.000000000000000000e+00 1.000000000000000000e+00 0.000000000000000000e+00
1.108878120297606684e-01 -9.938329301966465357e-01 0.000000000000000000e+00 6.509510000000000296e-02 9.938329301966465357e-01 1.108878120297606684e-01 0.000000000000000000e+00 -1.440839999999999899e+00 0.000000000000000000e+00 0.000000000000000000e+00 1.000000000000000000e+00 0.000000000000000000e+00
1.274586696940809838e-01 -9.918438826346690496e-01 0.000000000000000000e+00 7.562220000000000053e-02 9.918438826346690496e-01 1.274586696940809838e-01 0.000000000000000000e+00 -1.207119999999999971e+00 0.000000000000000000e+00 0.000000000000000000e+00 1.000000000000000000e+00 0.000000000000000000e+00
1.167494623024747796e-01 -9.931613982893631176e-01 0.000000000000000000e+00 8.807320000000000426e-02 9.931613982893631176e-01 1.167494623024747796e-01 0.000000000000000000e+00 -9.767360000000000486e-01 0.000000000000000000e+00 0.000000000000000000e+00 1.000000000000000000e+00 0.000000000000000000e+00
8.808203071585979371e-02 -9.961132244202816066e-01 0.000000000000000000e+00 9.655590000000000006e-02 9.961132244202816066e-01 8.808203071585979371e-02 0.000000000000000000e+00 -7.428099999999999703e-01 0.000000000000000000e+00 0.000000000000000000e+00 1.000000000000000000e+00 0.000000000000000000e+00
1.082611530501151331e-02 -9.999413958964807891e-01 0.000000000000000000e+00 8.463539999999999952e-02 9.999413958964807891e-01 1.082611530501151331e-02 0.000000000000000000e+00 -5.142970000000000041e-01 0.000000000000000000e+00 0.000000000000000000e+00 1.000000000000000000e+00 0.000000000000000000e+00
-5.846460219070256370e-01 -8.112884992826471242e-01 0.000000000000000000e+00 1.150759999999999977e-02 8.112884992826471242e-01 -5.846460219070256370e-01 0.000000000000000000e+00 -4.300320000000000253e-01 0.000000000000000000e+00 0.000000000000000000e+00 1.000000000000000000e+00 0.000000000000000000e+00
-9.149619714267763770e-01 -4.035400734039022441e-01 0.000000000000000000e+00 -7.384010000000000573e-02 4.035400734039022441e-01 -9.149619714267763770e-01 0.000000000000000000e+00 -4.144100000000000006e-01 0.000000000000000000e+00 0.000000000000000000e+00 1.000000000000000000e+00 0.000000000000000000e+00
-9.301105303793362200e-01 -3.672797316453358940e-01 0.000000000000000000e+00 -3.495969999999999911e-01 3.672797316453358940e-01 -9.301105303793362200e-01 0.000000000000000000e+00 -3.246430000000000149e-01 0.000000000000000000e+00 0.000000000000000000e+00 1.000000000000000000e+00 0.000000000000000000e+00
-9.386875717844750389e-01 -3.447689698586083318e-01 0.000000000000000000e+00 -5.781269999999999465e-01 3.447689698586083318e-01 -9.386875717844750389e-01 0.000000000000000000e+00 -2.586740000000000150e-01 0.000000000000000000e+00 0.000000000000000000e+00 1.000000000000000000e+00 0.000000000000000000e+00
-9.515333079578431885e-01 -3.075457101746087440e-01 0.000000000000000000e+00 -8.058260000000000423e-01 3.075457101746087440e-01 -9.515333079578431885e-01 0.000000000000000000e+00 -1.946799999999999919e-01 0.000000000000000000e+00 0.000000000000000000e+00 1.000000000000000000e+00 0.000000000000000000e+00
-9.739568068738004847e-01 -2.267336286133809775e-01 0.000000000000000000e+00 -1.037959999999999994e+00 2.267336286133809775e-01 -9.739568068738004847e-01 0.000000000000000000e+00 -1.497149999999999870e-01 0.000000000000000000e+00 0.000000000000000000e+00 1.000000000000000000e+00 0.000000000000000000e+00
-9.953760925415594540e-01 -9.605433044218697480e-02 0.000000000000000000e+00 -1.257949999999999902e+00 9.605433044218697480e-02 -9.953760925415594540e-01 0.000000000000000000e+00 -1.344359999999999999e-01 0.000000000000000000e+00 0.000000000000000000e+00 1.000000000000000000e+00 0.000000000000000000e+00
-9.999936893328729148e-01 3.552646116585190736e-03 0.000000000000000000e+00 -1.482590000000000074e+00 -3.552646116585190736e-03 -9.999936893328729148e-01 0.000000000000000000e+00 -1.394239999999999924e-01 0.000000000000000000e+00 0.000000000000000000e+00 1.000000000000000000e+00 0.000000000000000000e+00
-9.999117868537638065e-01 -1.328226301927520892e-02 0.000000000000000000e+00 -1.715640000000000054e+00 1.328226301927520892e-02 -9.999117868537638065e-01 0.000000000000000000e+00 -1.493109999999999993e-01 0.000000000000000000e+00 0.000000000000000000e+00 1.000000000000000000e+00 0.000000000000000000e+00
-9.990412549836296119e-01 -4.377865736559798798e-02 0.000000000000000000e+00 -1.936190000000000078e+00 4.377865736559798798e-02 -9.990412549836296119e-01 0.000000000000000000e+00 -1.505759999999999876e-01 0.000000000000000000e+00 0.000000000000000000e+00 1.000000000000000000e+00 0.000000000000000000e+00
-9.999809492343191275e-01 -6.172614391817858419e-03 0.000000000000000000e+00 -2.157709999999999795e+00 6.172614391817858419e-03 -9.999809492343191275e-01 0.000000000000000000e+00 -1.550759999999999916e-01 0.000000000000000000e+00 0.000000000000000000e+00 1.000000000000000000e+00 0.000000000000000000e+00
-7.651109826064933506e-01 6.438984270014379563e-01 0.000000000000000000e+00 -2.239739999999999842e+00 -6.438984270014379563e-01 -7.651109826064933506e-01 0.000000000000000000e+00 -2.090319999999999956e-01 0.000000000000000000e+00 0.000000000000000000e+00 1.000000000000000000e+00 0.000000000000000000e+00
-3.122909813458508155e-01 9.499864962040489580e-01 0.000000000000000000e+00 -2.298719999999999875e+00 -9.499864962040489580e-01 -3.122909813458508155e-01 0.000000000000000000e+00 -3.830069999999999864e-01 0.000000000000000000e+00 0.000000000000000000e+00 1.000000000000000000e+00 0.000000000000000000e+00
-2.472427997354611773e-01 9.689535582157540183e-01 0.000000000000000000e+00 -2.350260000000000016e+00 -9.689535582157540183e-01 -2.472427997354611773e-01 0.000000000000000000e+00 -5.812939999999999774e-01 0.000000000000000000e+00 0.000000000000000000e+00 1.000000000000000000e+00 0.000000000000000000e+00
-2.089035847981091099e-01 9.779362414076385734e-01 0.000000000000000000e+00 -2.386299999999999866e+00 -9.779362414076385734e-01 -2.089035847981091099e-01 0.000000000000000000e+00 -8.008060000000000178e-01 0.000000000000000000e+00 0.000000000000000000e+00 1.000000000000000000e+00 0.000000000000000000e+00
1.126665943770463751e-01 9.936328489494890004e-01 0.000000000000000000e+00 -2.373870000000000147e+00 -9.936328489494890004e-01 1.126665943770463751e-01 0.000000000000000000e+00 -1.033619999999999983e+00 0.000000000000000000e+00 0.000000000000000000e+00 1.000000000000000000e+00 0.000000000000000000e+00
2.456753434896935262e-01 9.693521679973801097e-01 0.000000000000000000e+00 -2.316440000000000055e+00 -9.693521679973801097e-01 2.456753434896935262e-01 0.000000000000000000e+00 -1.250690000000000079e+00 0.000000000000000000e+00 0.000000000000000000e+00 1.000000000000000000e+00 0.000000000000000000e+00
1.689323271795044323e-01 9.856276522265986495e-01 0.000000000000000000e+00 -2.261120000000000019e+00 -9.856276522265986495e-01 1.689323271795044323e-01 0.000000000000000000e+00 -1.473570000000000046e+00 0.000000000000000000e+00 0.000000000000000000e+00 1.000000000000000000e+00 0.000000000000000000e+00
-1.055864937398809794e-01 9.944101228063388920e-01 0.000000000000000000e+00 -2.249639999999999862e+00 -9.944101228063388920e-01 -1.055864937398809794e-01 0.000000000000000000e+00 -1.742129999999999956e+00 0.000000000000000000e+00 0.000000000000000000e+00 1.000000000000000000e+00 0.000000000000000000e+00
-1.964182558264284117e-01 9.805202031463216006e-01 0.000000000000000000e+00 -2.277060000000000084e+00 -9.805202031463216006e-01 -1.964182558264284117e-01 0.000000000000000000e+00 -1.971740000000000048e+00 0.000000000000000000e+00 0.000000000000000000e+00 1.000000000000000000e+00 0.000000000000000000e+00
2.730925553400328498e-01 9.619877630291620019e-01 0.000000000000000000e+00 -2.241130000000000067e+00 -9.619877630291620019e-01 2.730925553400328498e-01 0.000000000000000000e+00 -2.217659999999999965e+00 0.000000000000000000e+00 0.000000000000000000e+00 1.000000000000000000e+00 0.000000000000000000e+00
-2.840770409308173705e-01 9.588014574540396628e-01 0.000000000000000000e+00 -2.230119999999999880e+00 -9.588014574540396628e-01 -2.840770409308173705e-01 0.000000000000000000e+00 -2.395890000000000075e+00 0.000000000000000000e+00 0.000000000000000000e+00 1.000000000000000000e+00 0.000000000000000000e+00
-1.075651595117066150e-01 9.941980368413634306e-01 0.000000000000000000e+00 -2.233449999999999935e+00 -9.941980368413634306e-01 -1.075651595117066150e-01 0.000000000000000000e+00 -2.654970000000000052e+00 0.000000000000000000e+00 0.000000000000000000e+00 1.000000000000000000e+00 0.000000000000000000e+00
-2.173060075972765015e-01 9.761035288647061936e-01 0.000000000000000000e+00 -2.266649999999999832e+00 -9.761035288647061936e-01 -2.173060075972765015e-01 0.000000000000000000e+00 -2.896459999999999813e+00 0.000000000000000000e+00 0.000000000000000000e+00 1.000000000000000000e+00 0.000000000000000000e+00
-2.482503775454546480e-01 9.686959017403444783e-01 0.000000000000000000e+00 -2.316349999999999909e+00 -9.686959017403444783e-01 -2.482503775454546480e-01 0.000000000000000000e+00 -3.134349999999999969e+00 0.000000000000000000e+00 0.000000000000000000e+00 1.000000000000000000e+00 0.000000000000000000e+00
-1.696491751655729019e-01 9.855045192010236654e-01 0.000000000000000000e+00 -2.352700000000000014e+00 -9.855045192010236654e-01 -1.696491751655729019e-01 0.000000000000000000e+00 -3.383459999999999912e+00 0.000000000000000000e+00 0.000000000000000000e+00 1.000000000000000000e+00 0.000000000000000000e+00
-6.130520726344867305e-02 9.981190668263909549e-01 0.000000000000000000e+00 -2.364520000000000177e+00 -9.981190668263909549e-01 -6.130520726344867305e-02 0.000000000000000000e+00 -3.605620000000000047e+00 0.000000000000000000e+00 0.000000000000000000e+00 1.000000000000000000e+00 0.000000000000000000e+00
5.601698936914107502e-02 9.984298157116591188e-01 0.000000000000000000e+00 -2.349190000000000111e+00 -9.984298157116591188e-01 5.601698936914107502e-02 0.000000000000000000e+00 -3.815679999999999961e+00 0.000000000000000000e+00 0.000000000000000000e+00 1.000000000000000000e+00 0.000000000000000000e+00
6.619788292151129738e-02 9.978065144589455260e-01 0.000000000000000000e+00 -2.323859999999999815e+00 -9.978065144589455260e-01 6.619788292151129738e-02 0.000000000000000000e+00 -4.042769999999999975e+00 0.000000000000000000e+00 0.000000000000000000e+00 1.000000000000000000e+00 0.000000000000000000e+00
-1.512309668343287533e-02 9.998856394341822940e-01 0.000000000000000000e+00 -2.309229999999999894e+00 -9.998856394341822940e-01 -1.512309668343287533e-02 0.000000000000000000e+00 -4.278270000000000017e+00 0.000000000000000000e+00 0.000000000000000000e+00 1.000000000000000000e+00 0.000000000000000000e+00
-4.608734234049194356e-02 9.989374138933782010e-01 0.000000000000000000e+00 -2.303659999999999819e+00 -9.989374138933782010e-01 -4.608734234049194356e-02 0.000000000000000000e+00 -4.516060000000000407e+00 0.000000000000000000e+00 0.000000000000000000e+00 1.000000000000000000e+00 0.000000000000000000e+00
-5.007272518925513782e-02 9.987455743041474543e-01 0.000000000000000000e+00 -2.303630000000000067e+00 -9.987455743041474543e-01 -5.007272518925513782e-02 0.000000000000000000e+00 -4.748249999999999638e+00 0.000000000000000000e+00 0.000000000000000000e+00 1.000000000000000000e+00 0.000000000000000000e+00
-2.365146757653940196e-02 9.997202649148789755e-01 0.000000000000000000e+00 -2.298550000000000093e+00 -9.997202649148789755e-01 -2.365146757653940196e-02 0.000000000000000000e+00 -4.977100000000000080e+00 0.000000000000000000e+00 0.000000000000000000e+00 1.000000000000000000e+00 0.000000000000000000e+00
-1.903672055293947939e-03 9.999981880147112978e-01 0.000000000000000000e+00 -2.291420000000000012e+00 -9.999981880147112978e-01 -1.903672055293947939e-03 0.000000000000000000e+00 -5.203540000000000276e+00 0.000000000000000000e+00 0.000000000000000000e+00 1.000000000000000000e+00 0.000000000000000000e+00
-1.104344872040569255e-02 9.999390192608546002e-01 0.000000000000000000e+00 -2.283770000000000078e+00 -9.999390192608546002e-01 -1.104344872040569255e-02 0.000000000000000000e+00 -5.437070000000000292e+00 0.000000000000000000e+00 0.000000000000000000e+00 1.000000000000000000e+00 0.000000000000000000e+00
-1.779273426323556631e-02 9.998416967737632222e-01 0.000000000000000000e+00 -2.279739999999999878e+00 -9.998416967737632222e-01 -1.779273426323556631e-02 0.000000000000000000e+00 -5.671570000000000000e+00 0.000000000000000000e+00 0.000000000000000000e+00 1.000000000000000000e+00 0.000000000000000000e+00
-1.192339066776043101e-02 9.999289138508716812e-01 0.000000000000000000e+00 -2.270199999999999996e+00 -9.999289138508716812e-01 -1.192339066776043101e-02 0.000000000000000000e+00 -5.903889999999999638e+00 0.000000000000000000e+00 0.000000000000000000e+00 1.000000000000000000e+00 0.000000000000000000e+00
