-1.020349614687611484e-02 9.999479429782235362e-01 0.000000000000000000e+00 5.396229999999999777e-02 -9.999479429782235362e-01 -1.020349614687611484e-02 0.000000000000000000e+00 6.816519999999999524e-02 0.000000000000000000e+00 0.000000000000000000e+00 1.000000000000000000e+00 0.000000000000000000e+00
-1.626295623850485678e-02 9.998677493820792295e-01 0.000000000000000000e+00 5.380619999999999847e-02 -9.998677493820792295e-01 -1.626295623850485678e-02 0.000000000000000000e+00 6.849239999999999495e-02 0.000000000000000000e+00 0.000000000000000000e+00 1.000000000000000000e+00 0.000000000000000000e+00
-2.853979741152115959e-02 9.995926570177020576e-01 0.000000000000000000e+00 5.425660000000000205e-02 -9.995926570177020576e-01 -2.853979741152115959e-02 0.000000000000000000e+00 7.344729999999999315e-02 0.000000000000000000e+00 0.000000000000000000e+00 1.000000000000000000e+00 0.000000000000000000e+00
-2.659053870437297351e-02 9.996464091124477314e-01 0.000000000000000000e+00 5.440550000000000247e-02 -9.996464091124477314e-01 -2.659053870437297351e-02 0.000000000000000000e+00 8.029940000000000688e-02 0.000000000000000000e+00 0.000000000000000000e+00 1.000000000000000000e+00 0.000000000000000000e+00
-2.497107733785073128e-02 9.996881740305759712e-01 0.000000000000000000e+00 5.454370000000000052e-02 -9.996881740305759712e-01 -2.497107733785073128e-02 0.000000000000000000e+00 8.462210000000000565e-02 0.000000000000000000e+00 0.000000000000000000e+00 1.000000000000000000e+00 0.000000000000000000e+00
-7.036731470319466594e-04 9.999997524220204381e-01 0.000000000000000000e+00 5.424280000000000074e-02 -9.999997524220204381e-01 -7.036731470319466594e-04 0.000000000000000000e+00 -1.587890000000000135e-01 0.000000000000000000e+00 0.000000000000000000e+00 1.000000000000000000e+00 0.000000000000000000e+00
-3.377724714818316348e-02 9.994293859873695229e-01 0.000000000000000000e+00 5.905730000000000007e-02 -9.994293859873695229e-01 -3.377724714818316348e-02 0.000000000000000000e+00 -3.912370000000000014e-01 0.000000000000000000e+00 0.000000000000000000e+00 1.000000000000000000e+00 0.000000000000000000e+00
-1.072370683085808879e-01 9.942334792092754059e-01 0.000000000000000000e+00 5.134169999999999706e-02 -9.942334792092754059e-01 -1.072370683085808879e-01 0.000000000000000000e+00 -6.183579999999999632e-01 0.000000000000000000e+00 0.000000000000000000e+00 1.000000000000000000e+00 0.000000000000000000e+00
-1.519922921944987237e-01 9.883816788637181938e-01 0.000000000000000000e+00 2.487520000000000009e-02 -9.883816788637181938e-01 -1.519922921944987237e-01 0.000000000000000000e+00 -8.584749999999999881e-01 0.000000000000000000e+00 0.000000000000000000e+00 1.000000000000000000e+00 0.000000000000000000e+00
-1.696787402248023380e-01 9.854994292822923940e-01 0.000000000000000000e+00 -5.366649999999999719e-03 -9.854994292822923940e-01 -1.696787402248023380e-01 0.000000000000000000e+00 -1.088000000000000078e+00 0.000000000000000000e+00 0.000000000000000000e+00 1.000000000000000000e+00 0.000000000000000000e+00
-1.324830282842521800e-01 9.911852739102987586e-01 0.000000000000000000e+00 -2.933190000000000103e-02 -9.911852739102987586e-01 -1.324830282842521800e-01 0.000000000000000000e+00 -1.316230000000000011e+00 0.000000000000000000e+00 0.000000000000000000e+00 1.000000000000000000e+00 0.000000000000000000e+00
-5.567487052680682863e-02 9.984489515202182863e-01 0.000000000000000000e+00 -3.342620000000000313e-02 -9.984489515202182863e-01 -5.567487052680682863e-02 0.000000000000000000e+00 -1.536189999999999944e+00 0.000000000000000000e+00 0.000000000000000000e+00 1.000000000000000000e+00 0.000000000000000000e+00
-5.379768921507394053e-02 9.985518557566844811e-01 0.000000000000000000e+00 -3.851770000000000194e-02 -9.985518557566844811e-01 -5.379768921507394053e-02 0.000000000000000000e+00 -1.759849999999999914e+00 0.000000000000000000e+00 0.000000000000000000e+00 1.000000000000000000e+00 0.000000000000000000e+00
-1.079628301106259208e-01 9.941549312428642482e-01 0.000000000000000000e+00 -4.751049999999999718e-02 -9.941549312428642482e-01 -1.079628301106259208e-01 0.000000000000000000e+00 -1.994250000000000078e+00 0.000000000000000000e+00 0.000000000000000000e+00 1.000000000000000000e+00 0.000000000000000000e+00
-1.272477476515747330e-01 9.918709647517670591e-01 0.000000000000000000e+00 -6.579519999999999813e-02 -9.918709647517670591e-01 -1.272477476515747330e-01 0.000000000000000000e+00 -2.220219999999999860e+00 0.000000000000000000e+00 0.000000000000000000e+00 1.000000000000000000e+00 0.000000000000000000e+00
-1.088774068284801555e-01 9.940551847268368491e-01 0.000000000000000000e+00 -8.242750000000000077e-02 -9.940551847268368491e-01 -1.088774068284801555e-01 0.000000000000000000e+00 -2.445949999999999847e+00 0.000000000000000000e+00 0.000000000000000000e+00 1.000000000000000000e+00 0.000000000000000000e+00
-5.983790652643939528e-02 9.982081070310604431e-01 0.000000000000000000e+00 -8.969130000000000158e-02 -9.982081070310604431e-01 -5.983790652643939528e-02 0.000000000000000000e+00 -2.667980000000000018e+00 0.000000000000000000e+00 0.000000000000000000e+00 1.000000000000000000e+00 0.000000000000000000e+00
-5.541527192052560225e-02 9.984633932388178312e-01 0.000000000000000000e+00 -9.465419999999999390e-02 -9.984633932388178312e-01 -5.541527192052560225e-02 0.000000000000000000e+00 -2.897489999999999899e+00 0.000000000000000000e+00 0.000000000000000000e+00 1.000000000000000000e+00 0.000000000000000000e+00
-7.177191126596754733e-02 9.974210709390644025e-01 0.000000000000000000e+00 -1.010609999999999981e-01 -9.974210709390644025e-01 -7.177191126596754733e-02 0.000000000000000000e+00 -3.123600000000000154e+00 0.000000000000000000e+00 0.000000000000000000e+00 1.000000000000000000e+00 0.000000000000000000e+00
-6.961731599857372277e-02 9.975737713638800352e-01 0.000000000000000000e+00 -1.078279999999999933e-01 -9.975737713638800352e-01 -6.961731599857372277e-02 0.000000000000000000e+00 -3.357390000000000096e+00 0.000000000000000000e+00 0.000000000000000000e+00 1.000000000000000000e+00 0.000000000000000000e+00
-7.011609416130849814e-02 9.975388380106122721e-01 0.000000000000000000e+00 -1.120600000000000068e-01 -9.975388380106122721e-01 -7.011609416130849814e-02 0.000000000000000000e+00 -3.581679999999999975e+00 0.000000000000000000e+00 0.000000000000000000e+00 1.000000000000000000e+00 0.000000000000000000e+00
-7.837321785273675123e-02 9.969240887466845891e-01 0.000000000000000000e+00 -1.173590000000000050e-01 -9.969240887466845891e-01 -7.837321785273675123e-02 0.000000000000000000e+00 -3.810820000000000096e+00 0.000000000000000000e+00 0.000000000000000000e+00 1.000000000000000000e+00 0.000000000000000000e+00
-6.780161743684776088e-02 9.976988226278246108e-01 0.000000000000000000e+00 -1.231450000000000045e-01 -9.976988226278246108e-01 -6.780161743684776088e-02 0.000000000000000000e+00 -4.042519999999999669e+00 0.000000000000000000e+00 0.000000000000000000e+00 1.000000000000000000e+00 0.000000000000000000e+00
-6.286219777999098313e-02 9.980222162308157730e-01 0.000000000000000000e+00 -1.270870000000000055e-01 -9.980222162308157730e-01 -6.286219777999098313e-02 0.000000000000000000e+00 -4.269639999999999880e+00 0.000000000000000000e+00 0.000000000000000000e+00 1.000000000000000000e+00 0.000000000000000000e+00
-4.720612310416859997e-02 9.988851695472679149e-01 0.000000000000000000e+00 -1.321900000000000019e-01 -9.988851695472679149e-01 -4.720612310416859997e-02 0.000000000000000000e+00 -4.498370000000000424e+00 0.000000000000000000e+00 0.000000000000000000e+00 1.000000000000000000e+00 0.000000000000000000e+00
-1.484312811522410860e-02 9.998898347056814906e-01 0.000000000000000000e+00 -1.234760000000000024e-01 -9.998898347056814906e-01 -1.484312811522410860e-02 0.000000000000000000e+00 -4.720369999999999955e+00 0.000000000000000000e+00 0.000000000000000000e+00 1.000000000000000000e+00 0.000000000000000000e+00
-1.609297848692890776e-02 9.998704996365375131e-01 0.000000000000000000e+00 -1.169499999999999984e-01 -9.998704996365375131e-01 -1.609297848692890776e-02 0.000000000000000000e+00 -4.954579999999999984e+00 0.000000000000000000e+00 0.000000000000000000e+00 1.000000000000000000e+00 0.000000000000000000e+00
-3.224808124964028549e-02 9.994798953734470581e-01 0.000000000000000000e+00 -1.155469999999999969e-01 -9.994798953734470581e-01 -3.224808124964028549e-02 0.000000000000000000e+00 -5.183810000000000251e+00 0.000000000000000000e+00 0.000000000000000000e+00 1.000000000000000000e+00 0.000000000000000000e+00
-1.420319562482581614e-02 9.998991295295955872e-01 0.000000000000000000e+00 -1.080030000000000018e-01 -9.998991295295955872e-01 -1.420319562482581614e-02 0.000000000000000000e+00 -5.412539999999999907e+00 0.000000000000000000e+00 0.000000000000000000e+00 1.000000000000000000e+00 0.000000000000000000e+00
-2.121208214494601715e-02 9.997749984726943540e-01 0.000000000000000000e+00 -1.021709999999999979e-01 -9.997749984726943540e-01 -2.121208214494601715e-02 0.000000000000000000e+00 -5.633440000000000225e+00 0.000000000000000000e+00 0.000000000000000000e+00 1.000000000000000000e+00 0.000000000000000000e+00
-2.277170469911355202e-02 9.997406911119984807e-01 0.000000000000000000e+00 -9.329369999999999330e-02 -9.997406911119984807e-01 -2.277170469911355202e-02 0.000000000000000000e+00 -5.860629999999999562e+00 0.000000000000000000e+00 0.000000000000000000e+00 1.000000000000000000e+00 0.000000000000000000e+00
-2.116209336852822517e-02 9.997760578270824539e-01 0.000000000000000000e+00 -9.003909999999999692e-02 -9.997760578270824539e-01 -2.116209336852822517e-02 0.000000000000000000e+00 -6.084360000000000213e+00 0.000000000000000000e+00 0.000000000000000000e+00 1.000000000000000000e+00 0.000000000000000000e+00
-2.361147874703247579e-02 9.997212101738056633e-01 0.000000000000000000e+00 -8.592829999999999913e-02 -9.997212101738056633e-01 -2.361147874703247579e-02 0.000000000000000000e+00 -6.311609999999999943e+00 0.000000000000000000e+00 0.000000000000000000e+00 1.000000000000000000e+00 0.000000000000000000e+00
-2.558088244032221889e-02 9.996727556823654659e-01 0.000000000000000000e+00 -8.322110000000000618e-02 -9.996727556823654659e-01 -2.558088244032221889e-02 0.000000000000000000e+00 -6.534360000000000390e+00 0.000000000000000000e+00 0.000000000000000000e+00 1.000000000000000000e+00 0.000000000000000000e+00
-3.278779566514144345e-02 9.994623356862533115e-01 0.000000000000000000e+00 -8.361939999999999651e-02 -9.994623356862533115e-01 -3.278779566514144345e-02 0.000000000000000000e+00 -6.776510000000000034e+00 0.000000000000000000e+00 0.000000000000000000e+00 1.000000000000000000e+00 0.000000000000000000e+00
-3.894382264218345518e-02 9.992414016032432622e-01 0.000000000000000000e+00 -8.667149999999999854e-02 -9.992414016032432622e-01 -3.894382264218345518e-02 0.000000000000000000e+00 -7.022979999999999556e+00 0.000000000000000000e+00 0.000000000000000000e+00 1.000000000000000000e+00 0.000000000000000000e+00
-5.590451231103142626e-02 9.984361198911354540e-01 0.000000000000000000e+00 -9.294009999999999772e-02 -9.984361198911354540e-01 -5.590451231103142626e-02 0.000000000000000000e+00 -7.266350000000000087e+00 0.000000000000000000e+00 0.000000000000000000e+00 1.000000000000000000e+00 0.000000000000000000e+00
-4.461885507586642319e-02 9.990040829604845962e-01 0.000000000000000000e+00 -9.624420000000000197e-02 -9.990040829604845962e-01 -4.461885507586642319e-02 0.000000000000000000e+00 -7.510329999999999728e+00 0.000000000000000000e+00 0.000000000000000000e+00 1.000000000000000000e+00 0.000000000000000000e+00
-1.642293486955773152e-02 9.998651345107850696e-01 0.000000000000000000e+00 -9.376199999999999812e-02 -9.998651345107850696e-01 -1.642293486955773152e-02 0.000000000000000000e+00 -7.758750000000000036e+00 0.000000000000000000e+00 0.000000000000000000e+00 1.000000000000000000e+00 0.000000000000000000e+00
-3.613665340169286248e-03 9.999934706900887038e-01 0.000000000000000000e+00 -8.929449999999999887e-02 -9.999934706900887038e-01 -3.613665340169286248e-03 0.000000000000000000e+00 -7.997220000000000439e+00 0.000000000000000000e+00 0.000000000000000000e+00 1.000000000000000000e+00 0.000000000000000000e+00
-9.503530144098671847e-03 9.999548404377071043e-01 0.000000000000000000e+00 -8.653900000000000481e-02 -9.999548404377071043e-01 -9.503530144098671847e-03 0.000000000000000000e+00 -8.248089999999999478e+00 0.000000000000000000e+00 0.000000000000000000e+00 1.000000000000000000e+00 0.000000000000000000e+00
-1.458315625943198794e-02 9.998936601226717791e-01 0.000000000000000000e+00 -8.645329999999999682e-02 -9.998936601226717791e-01 -1.458315625943198794e-02 0.000000000000000000e+00 -8.490930000000000533e+00 0.000000000000000000e+00 0.000000000000000000e+00 1.000000000000000000e+00 0.000000000000000000e+00
-1.415320065061628947e-02 9.998998384395025862e-01 0.000000000000000000e+00 -8.459289999999999865e-02 -9.998998384395025862e-01 -1.415320065061628947e-02 0.000000000000000000e+00 -8.732469999999999288e+00 0.000000000000000000e+00 0.000000000000000000e+00 1.000000000000000000e+00 0.000000000000000000e+00
-1.522308517159415113e-02 9.998841221250882594e-01 0.000000000000000000e+00 -7.941829999999999723e-02 -9.998841221250882594e-01 -1.522308517159415113e-02 0.000000000000000000e+00 -8.949329999999999785e+00 0.000000000000000000e+00 0.000000000000000000e+00 1.000000000000000000e+00 0.000000000000000000e+00
-1.610297719112052314e-02 9.998703386567591167e-01 0.000000000000000000e+00 -7.351829999999999476e-02 -9.998703386567591167e-01 -1.610297719112052314e-02 0.000000000000000000e+00 -9.164289999999999381e+00 0.000000000000000000e+00 0.000000000000000000e+00 1.000000000000000000e+00 0.000000000000000000e+00
-2.038226168498890808e-02 9.997922601263747877e-01 0.000000000000000000e+00 -7.316649999999999543e-02 -9.997922601263747877e-01 -2.038226168498890808e-02 0.000000000000000000e+00 -9.388230000000000075e+00 0.000000000000000000e+00 0.000000000000000000e+00 1.000000000000000000e+00 0.000000000000000000e+00
-2.714034017984641098e-02 9.996316331203820571e-01 0.000000000000000000e+00 -7.139089999999999325e-02 -9.996316331203820571e-01 -2.714034017984641098e-02 0.000000000000000000e+00 -9.601100000000000634e+00 0.000000000000000000e+00 0.000000000000000000e+00 1.000000000000000000e+00 0.000000000000000000e+00
-3.264787061728203349e-02 9.994669161829006221e-01 0.000000000000000000e+00 -6.728989999999999971e-02 -9.994669161829006221e-01 -3.264787061728203349e-02 0.000000000000000000e+00 -9.812559999999999505e+00 0.000000000000000000e+00 0.000000000000000000e+00 1.000000000000000000e+00 0.000000000000000000e+00
-3.743017501417694182e-01 9.273069609578095118e-01 0.000000000000000000e+00 -1.101899999999999963e-01 -9.273069609578095118e-01 -3.743017501417694182e-01 0.000000000000000000e+00 -9.999200000000000088e+00 0.000000000000000000e+00 0.000000000000000000e+00 1.000000000000000000e+00 0.000000000000000000e+00
-8.139756794141397300e-01 5.808989527639808470e-01 0.000000000000000000e+00 -1.303529999999999966e-01 -5.808989527639808470e-01 -8.139756794141397300e-01 0.000000000000000000e+00 -9.985849999999999227e+00 0.000000000000000000e+00 0.000000000000000000e+00 1.000000000000000000e+00 0.000000000000000000e+00
-9.987888097627540818e-01 4.920277931886546385e-02 0.000000000000000000e+00 -1.361900000000000055e-01 -4.920277931886546385e-02 -9.987888097627540818e-01 0.000000000000000000e+00 -9.948209999999999553e+00 0.000000000000000000e+00 0.000000000000000000e+00 1.000000000000000000e+00 0.000000000000000000e+00
-8.521256448752840829e-01 -5.233372577467433340e-01 0.000000000000000000e+00 -1.374190000000000134e-01 5.233372577467433340e-01 -8.521256448752840829e-01 0.000000000000000000e+00 -9.913750000000000284e+00 0.000000000000000000e+00 0.000000000000000000e+00 1.000000000000000000e+00 0.000000000000000000e+00
-4.205973802761773239e-01 -9.072473993926996050e-01 0.000000000000000000e+00 -1.254069999999999907e-01 9.072473993926996050e-01 -4.205973802761773239e-01 0.000000000000000000e+00 -9.882979999999999876e+00 0.000000000000000000e+00 0.000000000000000000e+00 1.000000000000000000e+00 0.000000000000000000e+00
1.286785409460082519e-01 -9.916863582302655189e-01 0.000000000000000000e+00 -1.072580000000000061e-01 9.916863582302655189e-01 1.286785409460082519e-01 0.000000000000000000e+00 -9.862560000000000215e+00 0.000000000000000000e+00 0.000000000000000000e+00 1.000000000000000000e+00 0.000000000000000000e+00
-2.422130425450339311e-02 -9.997066211745377906e-01 0.000000000000000000e+00 -1.200480000000000019e-01 9.997066211745377906e-01 -2.422130425450339311e-02 0.000000000000000000e+00 -9.587329999999999686e+00 0.000000000000000000e+00 0.000000000000000000e+00 1.000000000000000000e+00 0.000000000000000000e+00
1.404207146887036795e-01 -9.900919264827451327e-01 0.000000000000000000e+00 -1.111219999999999986e-01 9.900919264827451327e-01 1.404207146887036795e-01 0.000000000000000000e+00 -9.356189999999999785e+00 0.000000000000000000e+00 0.000000000000000000e+00 1.000000000000000000e+00 0.000000000000000000e+00
2.524547342298410491e-01 -9.676087056062178116e-01 0.000000000000000000e+00 -6.469740000000000213e-02 9.676087056062178116e-01 2.524547342298410491e-01 0.000000000000000000e+00 -9.111340000000000217e+00 0.000000000000000000e+00 0.000000000000000000e+00 1.000000000000000000e+00 0.000000000000000000e+00
2.859582877115736110e-01 -9.582420663324402454e-01 0.000000000000000000e+00 -7.948069999999999788e-03 9.582420663324402454e-01 2.859582877115736110e-01 0.000000000000000000e+00 -8.877720000000000056e+00 0.000000000000000000e+00 0.000000000000000000e+00 1.000000000000000000e+00 0.000000000000000000e+00
-6.255280787738616566e-02 -9.980416555568484283e-01 0.000000000000000000e+00 -5.066600000000000097e-03 9.980416555568484283e-01 -6.255280787738616566e-02 0.000000000000000000e+00 -8.614699999999999136e+00 0.000000000000000000e+00 0.000000000000000000e+00 1.000000000000000000e+00 0.000000000000000000e+00
-1.563495632917707712e-01 -9.877017839704819169e-01 0.000000000000000000e+00 -4.835770000000000346e-02 9.877017839704819169e-01 -1.563495632917707712e-01 0.000000000000000000e+00 -8.386979999999999436e+00 0.000000000000000000e+00 0.000000000000000000e+00 1.000000000000000000e+00 0.000000000000000000e+00
-4.604738480707695064e-02 -9.989392565879213759e-01 0.000000000000000000e+00 -8.422440000000000482e-02 9.989392565879213759e-01 -4.604738480707695064e-02 0.000000000000000000e+00 -8.148759999999999337e+00 0.000000000000000000e+00 0.000000000000000000e+00 1.000000000000000000e+00 0.000000000000000000e+00
1.104604536313675556e-01 -9.938805200744968982e-01 0.000000000000000000e+00 -8.356689999999999952e-02 9.938805200744968982e-01 1.104604536313675556e-01 0.000000000000000000e+00 -7.915099999999999802e+00 0.000000000000000000e+00 0.000000000000000000e+00 1.000000000000000000e+00 0.000000000000000000e+00
1.617328080405299739e-01 -9.868345853299452797e-01 0.000000000000000000e+00 -5.651509999999999867e-02 9.868345853299452797e-01 1.617328080405299739e-01 0.000000000000000000e+00 -7.672950000000000159e+00 0.000000000000000000e+00 0.000000000000000000e+00 1.000000000000000000e+00 0.000000000000000000e+00
1.791636960190939321e-01 -9.838192771178950746e-01 0.000000000000000000e+00 -2.541560000000000000e-02 9.838192771178950746e-01 1.791636960190939321e-01 0.000000000000000000e+00 -7.436410000000000409e+00 0.000000000000000000e+00 0.000000000000000000e+00 1.000000000000000000e+00 0.000000000000000000e+00
1.412523422687186891e-01 -9.899736237918668191e-01 0.000000000000000000e+00 -2.198359999999999898e-03 9.899736237918668191e-01 1.412523422687186891e-01 0.000000000000000000e+00 -7.203520000000000145e+00 0.000000000000000000e+00 0.000000000000000000e+00 1.000000000000000000e+00 0.000000000000000000e+00
6.107828689427927810e-02 -9.981329785504835517e-01 0.000000000000000000e+00 3.677919999999999887e-03 9.981329785504835517e-01 6.107828689427927810e-02 0.000000000000000000e+00 -6.984399999999999942e+00 0.000000000000000000e+00 0.000000000000000000e+00 1.000000000000000000e+00 0.000000000000000000e+00
-6.193401006793533559e-02 -9.980802464716476141e-01 0.000000000000000000e+00 -1.637840000000000129e-02 9.980802464716476141e-01 -6.193401006793533559e-02 0.000000000000000000e+00 -6.766350000000000087e+00 0.000000000000000000e+00 0.000000000000000000e+00 1.000000000000000000e+00 0.000000000000000000e+00
-9.781700946749856407e-02 -9.952044175237745316e-01 0.000000000000000000e+00 -5.115240000000000065e-02 9.952044175237745316e-01 -9.781700946749856407e-02 0.000000000000000000e+00 -6.539100000000000357e+00 0.000000000000000000e+00 0.000000000000000000e+00 1.000000000000000000e+00 0.000000000000000000e+00
-6.516745932973720679e-02 -9.978743419110980284e-01 0.000000000000000000e+00 -8.264069999999999749e-02 9.978743419110980284e-01 -6.516745932973720679e-02 0.000000000000000000e+00 -6.314329999999999998e+00 0.000000000000000000e+00 0.000000000000000000e+00 1.000000000000000000e+00 0.000000000000000000e+00
-5.918905866180067255e-02 -9.982467907961086739e-01 0.000000000000000000e+00 -1.098289999999999961e-01 9.982467907961086739e-01 -5.918905866180067255e-02 0.000000000000000000e+00 -6.081339999999999968e+00 0.000000000000000000e+00 0.000000000000000000e+00 1.000000000000000000e+00 0.000000000000000000e+00
-7.433604741785139296e-03 -9.999723703785734497e-01 0.000000000000000000e+00 -1.286120000000000041e-01 9.999723703785734497e-01 -7.433604741785139296e-03 0.000000000000000000e+00 -5.846709999999999852e+00 0.000000000000000000e+00 0.000000000000000000e+00 1.000000000000000000e+00 0.000000000000000000e+00
4.369241317306651884e-02 -9.990450305322148283e-01 0.000000000000000000e+00 -1.365740000000000010e-01 9.990450305322148283e-01 4.369241317306651884e-02 0.000000000000000000e+00 -5.611100000000000421e+00 0.000000000000000000e+00 0.000000000000000000e+00 1.000000000000000000e+00 0.000000000000000000e+00
1.060067753047212874e-01 -9.943654074783043750e-01 0.000000000000000000e+00 -1.292609999999999870e-01 9.943654074783043750e-01 1.060067753047212874e-01 0.000000000000000000e+00 -5.373170000000000002e+00 0.000000000000000000e+00 0.000000000000000000e+00 1.000000000000000000e+00 0.000000000000000000e+00
1.782683464177563792e-01 -9.839819087084268334e-01 0.000000000000000000e+00 -1.058520000000000016e-01 9.839819087084268334e-01 1.782683464177563792e-01 0.000000000000000000e+00 -5.126990000000000158e+00 0.000000000000000000e+00 0.000000000000000000e+00 1.000000000000000000e+00 0.000000000000000000e+00
2.121126793939536181e-01 -9.772452155116022610e-01 0.000000000000000000e+00 -6.932589999999999586e-02 9.772452155116022610e-01 2.121126793939536181e-01 0.000000000000000000e+00 -4.883980000000000210e+00 0.000000000000000000e+00 0.000000000000000000e+00 1.000000000000000000e+00 0.000000000000000000e+00
2.178259017943378062e-01 -9.759876415751808088e-01 0.000000000000000000e+00 -2.900799999999999906e-02 9.759876415751808088e-01 2.178259017943378062e-01 0.000000000000000000e+00 -4.648080000000000211e+00 0.000000000000000000e+00 0.000000000000000000e+00 1.000000000000000000e+00 0.000000000000000000e+00
1.807867532032394198e-01 -9.835223179299140694e-01 0.000000000000000000e+00 2.206730000000000063e-03 9.835223179299140694e-01 1.807867532032394198e-01 0.000000000000000000e+00 -4.422019999999999840e+00 0.000000000000000000e+00 0.000000000000000000e+00 1.000000000000000000e+00 0.000000000000000000e+00
8.180481093233214762e-02 -9.966483697414677545e-01 0.000000000000000000e+00 1.241339999999999978e-02 9.966483697414677545e-01 8.180481093233214762e-02 0.000000000000000000e+00 -4.203439999999999621e+00 0.000000000000000000e+00 0.000000000000000000e+00 1.000000000000000000e+00 0.000000000000000000e+00
-2.046224500049032349e-02 -9.997906263461064924e-01 0.000000000000000000e+00 -1.257490000000000051e-04 9.997906263461064924e-01 -2.046224500049032349e-02 0.000000000000000000e+00 -3.989390000000000214e+00 0.000000000000000000e+00 0.000000000000000000e+00 1.000000000000000000e+00 0.000000000000000000e+00
7.626252869490324389e-03 -9.999709197107536918e-01 0.000000000000000000e+00 -1.451580000000000058e-02 9.999709197107536918e-01 7.626252869490324389e-03 0.000000000000000000e+00 -3.757969999999999811e+00 0.000000000000000000e+00 0.000000000000000000e+00 1.000000000000000000e+00 0.000000000000000000e+00
8.140614505068151374e-02 -9.966810119330995477e-01 0.000000000000000000e+00 -1.616249999999999978e-02 9.966810119330995477e-01 8.140614505068151374e-02 0.000000000000000000e+00 -3.523859999999999992e+00 0.000000000000000000e+00 0.000000000000000000e+00 1.000000000000000000e+00 0.000000000000000000e+00
1.259509203327769111e-01 -9.920364739601696957e-01 0.000000000000000000e+00 -3.436369999999999789e-03 9.920364739601696957e-01 1.259509203327769111e-01 0.000000000000000000e+00 -3.287859999999999783e+00 0.000000000000000000e+00 0.000000000000000000e+00 1.000000000000000000e+00 0.000000000000000000e+00
1.372715176743355969e-01 -9.905334575042806788e-01 0.000000000000000000e+00 1.420019999999999963e-02 9.905334575042806788e-01 1.372715176743355969e-01 0.000000000000000000e+00 -3.053659999999999819e+00 0.000000000000000000e+00 0.000000000000000000e+00 1.000000000000000000e+00 0.000000000000000000e+00
1.287578754428105599e-01 -9.916760607736044841e-01 0.000000000000000000e+00 2.863639999999999936e-02 9.916760607736044841e-01 1.287578754428105599e-01 0.000000000000000000e+00 -2.818299999999999805e+00 0.000000000000000000e+00 0.000000000000000000e+00 1.000000000000000000e+00 0.000000000000000000e+00
1.172658904217839665e-01 -9.931005542962838550e-01 0.000000000000000000e+00 4.101130000000000053e-02 9.931005542962838550e-01 1.172658904217839665e-01 0.000000000000000000e+00 -2.587159999999999904e+00 0.000000000000000000e+00 0.000000000000000000e+00 1.000000000000000000e+00 0.000000000000000000e+00
1.139284168960258692e-01 -9.934889610979908969e-01 0.000000000000000000e+00 5.368339999999999917e-02 9.934889610979908969e-01 1.139284168960258692e-01 0.000000000000000000e+00 -2.359119999999999884e+00 0.000000000000000000e+00 0.000000000000000000e+00 1.000000000000000000e+00 0.000000000000000000e+00
7.537477188377644799e-02 -9.971552756534303175e-01 0.000000000000000000e+00 5.672560000000000102e-02 9.971552756534303175e-01 7.537477188377644799e-02 0.000000000000000000e+00 -2.139979999999999993e+00 0.000000000000000000e+00 0.000000000000000000e+00 1.000000000000000000e+00 0.000000000000000000e+00
5.630653165612473782e-02 -9.984135288009963194e-01 0.000000000000000000e+00 5.313299999999999967e-02 9.984135288009963194e-01 5.630653165612473782e-02 0.000000000000000000e+00 -1.903219999999999912e+00 0.000000000000000000e+00 0.000000000000000000e+00 1.000000000000000000e+00 0.000000000000000000e+00
8.112707117986606153e-02 -9.967037665835205562e-01 0.000000000000000000e+00 5.331919999999999715e-02 9.967037665835205562e-01 8.112707117986606153e-02 0.000000000000000000e+00 -1.672139999999999960e+00 0.000000000000000000e+00 0.000000000000000000e+00 1.000000000000000000e+00 0.000000000000000000e+00
1.086712907153985774e-01 -9.940777386976580310e-01 0.000000000000000000e+00 5.831669999999999909e-02 9.940777386976580310e-01 1.086712907153985774e-01 0.000000000000000000e+00 -1.440839999999999899e+00 0.000000000000000000e+00 0.000000000000000000e+00 1.000000000000000000e+00 0.000000000000000000e+00
1.253457546880221152e-01 -9.921131194484277271e-01 0.000000000000000000e+00 6.811359999999999637e-02 9.921131194484277271e-01 1.253457546880221152e-01 0.000000000000000000e+00 -1.207119999999999971e+00 0.000000000000000000e+00 0.000000000000000000e+00 1.000000000000000000e+00 0.000000000000000000e+00
1.147629073312642078e-01 -9.933929107361677557e-01 0.000000000000000000e+00 7.985879999999999368e-02 9.933929107361677557e-01 1.147629073312642078e-01 0.000000000000000000e+00 -9.767099999999999671e-01 0.000000000000000000e+00 0.000000000000000000e+00 1.000000000000000000e+00 0.000000000000000000e+00
8.628888518727392820e-02 -9.962701582869666339e-01 0.000000000000000000e+00 8.765610000000000068e-02 9.962701582869666339e-01 8.628888518727392820e-02 0.000000000000000000e+00 -7.427759999999999918e-01 0.000000000000000000e+00 0.000000000000000000e+00 1.000000000000000000e+00 0.000000000000000000e+00
9.266194186897407439e-03 -9.999570679010627572e-01 0.000000000000000000e+00 7.509910000000000196e-02 9.999570679010627572e-01 9.266194186897407439e-03 0.000000000000000000e+00 -5.142940000000000289e-01 0.000000000000000000e+00 0.000000000000000000e+00 1.000000000000000000e+00 0.000000000000000000e+00
-5.859109200554399877e-01 -8.103754646827528996e-01 0.000000000000000000e+00 1.181699999999999938e-03 8.103754646827528996e-01 -5.859109200554399877e-01 0.000000000000000000e+00 -4.302630000000000066e-01 0.000000000000000000e+00 0.000000000000000000e+00 1.000000000000000000e+00 0.000000000000000000e+00
-9.155863591922488443e-01 -4.021213981636419521e-01 0.000000000000000000e+00 -8.484700000000000575e-02 4.021213981636419521e-01 -9.155863591922488443e-01 0.000000000000000000e+00 -4.148930000000000118e-01 0.000000000000000000e+00 0.000000000000000000e+00 1.000000000000000000e+00 0.000000000000000000e+00
-9.306384486716923199e-01 -3.659399921489120966e-01 0.000000000000000000e+00 -3.613919999999999910e-01 3.659399921489120966e-01 -9.306384486716923199e-01 0.000000000000000000e+00 -3.256700000000000150e-01 0.000000000000000000e+00 0.000000000000000000e+00 1.000000000000000000e+00 0.000000000000000000e+00
-9.389699667213328160e-01 -3.439991302246842020e-01 0.000000000000000000e+00 -5.882560000000000011e-01 3.439991302246842020e-01 -9.389699667213328160e-01 0.000000000000000000e+00 -2.603809999999999736e-01 0.000000000000000000e+00 0.000000000000000000e+00 1.000000000000000000e+00 0.000000000000000000e+00
-9.516101646491701427e-01 -3.073078172392939567e-01 0.000000000000000000e+00 -8.142519999999999758e-01 3.073078172392939567e-01 -9.516101646491701427e-01 0.000000000000000000e+00 -1.969269999999999909e-01 0.000000000000000000e+00 0.000000000000000000e+00 1.000000000000000000e+00 0.000000000000000000e+00
-9.738864726514319115e-01 -2.270355443241250382e-01 0.000000000000000000e+00 -1.044650000000000079e+00 2.270355443241250382e-01 -9.738864726514319115e-01 0.000000000000000000e+00 -1.523760000000000114e-01 0.000000000000000000e+00 0.000000000000000000e+00 1.000000000000000000e+00 0.000000000000000000e+00
-9.952863315767650487e-01 -9.697998853611868031e-02 0.000000000000000000e+00 -1.262890000000000068e+00 9.697998853611868031e-02 -9.952863315767650487e-01 0.000000000000000000e+00 -1.373850000000000071e-01 0.000000000000000000e+00 0.000000000000000000e+00 1.000000000000000000e+00 0.000000000000000000e+00
-9.999981324256322912e-01 1.932652386668202646e-03 0.000000000000000000e+00 -1.485780000000000101e+00 -1.932652386668202646e-03 -9.999981324256322912e-01 0.000000000000000000e+00 -1.425230000000000108e-01 0.000000000000000000e+00 0.000000000000000000e+00 1.000000000000000000e+00 0.000000000000000000e+00
-9.998768728384546112e-01 -1.569200952054163392e-02 0.000000000000000000e+00 -1.717100000000000071e+00 1.569200952054163392e-02 -9.998768728384546112e-01 0.000000000000000000e+00 -1.523940000000000017e-01 0.000000000000000000e+00 0.000000000000000000e+00 1.000000000000000000e+00 0.000000000000000000e+00
-9.990050206109617470e-01 -4.459785638449426104e-02 0.000000000000000000e+00 -1.936490000000000045e+00 4.459785638449426104e-02 -9.990050206109617470e-01 0.000000000000000000e+00 -1.521260000000000112e-01 0.000000000000000000e+00 0.000000000000000000e+00 1.000000000000000000e+00 0.000000000000000000e+00
-9.999866735335550816e-01 -5.162630656463091001e-03 0.000000000000000000e+00 -2.156829999999999803e+00 5.162630656463091001e-03 -9.999866735335550816e-01 0.000000000000000000e+00 -1.554560000000000108e-01 0.000000000000000000e+00 0.000000000000000000e+00 1.000000000000000000e+00 0.000000000000000000e+00
-7.641378240865965843e-01 6.450530100698714797e-01 0.000000000000000000e+00 -2.239170000000000105e+00 -6.450530100698714797e-01 -7.641378240865965843e-01 0.000000000000000000e+00 -2.093869999999999898e-01 0.000000000000000000e+00 0.000000000000000000e+00 1.000000000000000000e+00 0.000000000000000000e+00
-3.101907502683625140e-01 9.506743387974403436e-01 0.000000000000000000e+00 -2.298270000000000035e+00 -9.506743387974403436e-01 -3.101907502683625140e-01 0.000000000000000000e+00 -3.832619999999999916e-01 0.000000000000000000e+00 0.000000000000000000e+00 1.000000000000000000e+00 0.000000000000000000e+00
-2.441408877588921444e-01 9.697397727866481354e-01 0.000000000000000000e+00 -2.349749999999999783e+00 -9.697397727866481354e-01 -2.441408877588921444e-01 0.000000000000000000e+00 -5.813479999999999759e-01 0.000000000000000000e+00 0.000000000000000000e+00 1.000000000000000000e+00 0.000000000000000000e+00
-2.061841183041009107e-01 9.785132136865400954e-01 0.000000000000000000e+00 -2.385190000000000143e+00 -9.785132136865400954e-01 -2.061841183041009107e-01 0.000000000000000000e+00 -8.009279999999999733e-01 0.000000000000000000e+00 0.000000000000000000e+00 1.000000000000000000e+00 0.000000000000000000e+00
1.150311192307961888e-01 9.933618885423933786e-01 0.000000000000000000e+00 -2.372209999999999930e+00 -9.933618885423933786e-01 1.150311192307961888e-01 0.000000000000000000e+00 -1.033660000000000023e+00 0.000000000000000000e+00 0.000000000000000000e+00 1.000000000000000000e+00 0.000000000000000000e+00
2.476135551826958159e-01 9.688588789342780228e-01 0.000000000000000000e+00 -2.314369999999999816e+00 -9.688588789342780228e-01 2.476135551826958159e-01 0.000000000000000000e+00 -1.250550000000000050e+00 0.000000000000000000e+00 0.000000000000000000e+00 1.000000000000000000e+00 0.000000000000000000e+00
1.705485286244219356e-01 9.853492778624464155e-01 0.000000000000000000e+00 -2.258710000000000218e+00 -9.853492778624464155e-01 1.705485286244219356e-01 0.000000000000000000e+00 -1.473260000000000014e+00 0.000000000000000000e+00 0.000000000000000000e+00 1.000000000000000000e+00 0.000000000000000000e+00
-1.042837262531141340e-01 9.945475878200930042e-01 0.000000000000000000e+00 -2.246879999999999988e+00 -9.945475878200930042e-01 -1.042837262531141340e-01 0.000000000000000000e+00 -1.741759999999999975e+00 0.000000000000000000e+00 0.000000000000000000e+00 1.000000000000000000e+00 0.000000000000000000e+00
-1.954376375775824792e-01 9.807161311093508527e-01 0.000000000000000000e+00 -2.274109999999999854e+00 -9.807161311093508527e-01 -1.954376375775824792e-01 0.000000000000000000e+00 -1.971360000000000001e+00 0.000000000000000000e+00 0.000000000000000000e+00 1.000000000000000000e+00 0.000000000000000000e+00
2.737851156839832822e-01 9.617908870590883286e-01 0.000000000000000000e+00 -2.238030000000000186e+00 -9.617908870590883286e-01 2.737851156839832822e-01 0.000000000000000000e+00 -2.217200000000000060e+00 0.000000000000000000e+00 0.000000000000000000e+00 1.000000000000000000e+00 0.000000000000000000e+00
-2.836455515267248817e-01 9.589291950394982500e-01 0.000000000000000000e+00 -2.226999999999999869e+00 -9.589291950394982500e-01 -2.836455515267248817e-01 0.000000000000000000e+00 -2.395370000000000221e+00 0.000000000000000000e+00 0.000000000000000000e+00 1.000000000000000000e+00 0.000000000000000000e+00
-1.073563755536929010e-01 9.942206036026282057e-01 0.000000000000000000e+00 -2.230319999999999858e+00 -9.942206036026282057e-01 -1.073563755536929010e-01 0.000000000000000000e+00 -2.654399999999999871e+00 0.000000000000000000e+00 0.000000000000000000e+00 1.000000000000000000e+00 0.000000000000000000e+00
-2.173060075972765015e-01 9.761035288647061936e-01 0.000000000000000000e+00 -2.263570000000000082e+00 -9.761035288647061936e-01 -2.173060075972765015e-01 0.000000000000000000e+00 -2.895849999999999813e+00 0.000000000000000000e+00 0.000000000000000000e+00 1.000000000000000000e+00 0.000000000000000000e+00
-2.484344252847587586e-01 9.686487166839337082e-01 0.000000000000000000e+00 -2.313369999999999926e+00 -9.686487166839337082e-01 -2.484344252847587586e-01 0.000000000000000000e+00 -3.133690000000000087e+00 0.000000000000000000e+00 0.000000000000000000e+00 1.000000000000000000e+00 0.000000000000000000e+00
-1.699940913492389849e-01 9.854450816287767534e-01 0.000000000000000000e+00 -2.349870000000000125e+00 -9.854450816287767534e-01 -1.699940913492389849e-01 0.000000000000000000e+00 -3.382750000000000146e+00 0.000000000000000000e+00 0.000000000000000000e+00 1.000000000000000000e+00 0.000000000000000000e+00
-6.179427822693243227e-02 9.980889074518424220e-01 0.000000000000000000e+00 -2.361870000000000136e+00 -9.980889074518424220e-01 -6.179427822693243227e-02 0.000000000000000000e+00 -3.604859999999999953e+00 0.000000000000000000e+00 0.000000000000000000e+00 1.000000000000000000e+00 0.000000000000000000e+00
5.540793679736717714e-02 9.984638003151936614e-01 0.000000000000000000e+00 -2.346740000000000048e+00 -9.984638003151936614e-01 5.540793679736717714e-02 0.000000000000000000e+00 -3.814880000000000049e+00 0.000000000000000000e+00 0.000000000000000000e+00 1.000000000000000000e+00 0.000000000000000000e+00
6.549940219995073476e-02 9.978526085106201871e-01 0.000000000000000000e+00 -2.321649999999999991e+00 -9.978526085106201871e-01 6.549940219995073476e-02 0.000000000000000000e+00 -4.041940000000000310e+00 0.000000000000000000e+00 0.000000000000000000e+00 1.000000000000000000e+00 0.000000000000000000e+00
-1.590300280266281063e-02 9.998735392547691836e-01 0.000000000000000000e+00 -2.307279999999999998e+00 -9.998735392547691836e-01 -1.590300280266281063e-02 0.000000000000000000e+00 -4.277400000000000091e+00 0.000000000000000000e+00 0.000000000000000000e+00 1.000000000000000000e+00 0.000000000000000000e+00
-4.691644442404260817e-02 9.988988173196551301e-01 0.000000000000000000e+00 -2.302000000000000046e+00 -9.988988173196551301e-01 -4.691644442404260817e-02 0.000000000000000000e+00 -4.515139999999999709e+00 0.000000000000000000e+00 0.000000000000000000e+00 1.000000000000000000e+00 0.000000000000000000e+00
-5.092164073641702871e-02 9.987026516960447742e-01 0.000000000000000000e+00 -2.302259999999999973e+00 -9.987026516960447742e-01 -5.092164073641702871e-02 0.000000000000000000e+00 -4.747289999999999566e+00 0.000000000000000000e+00 0.000000000000000000e+00 1.000000000000000000e+00 0.000000000000000000e+00
-2.450122115529938804e-02 9.996998000209358359e-01 0.000000000000000000e+00 -2.297480000000000189e+00 -9.996998000209358359e-01 -2.450122115529938804e-02 0.000000000000000000e+00 -4.976090000000000124e+00 0.000000000000000000e+00 0.000000000000000000e+00 1.000000000000000000e+00 0.000000000000000000e+00
-2.733669800328807770e-03 9.999962635177307435e-01 0.000000000000000000e+00 -2.290649999999999853e+00 -9.999962635177307435e-01 -2.733669800328807770e-03 0.000000000000000000e+00 -5.202490000000000059e+00 0.000000000000000000e+00 0.000000000000000000e+00 1.000000000000000000e+00 0.000000000000000000e+00
-1.183339701734568809e-02 9.999299829063181821e-01 0.000000000000000000e+00 -2.283290000000000042e+00 -9.999299829063181821e-01 -1.183339701734568809e-02 0.000000000000000000e+00 -5.435979999999999812e+00 0.000000000000000000e+00 0.000000000000000000e+00 1.000000000000000000e+00 0.000000000000000000e+00
-1.851261561083805685e-02 9.998286268472439398e-01 0.000000000000000000e+00 -2.279539999999999900e+00 -9.998286268472439398e-01 -1.851261561083805685e-02 0.000000000000000000e+00 -5.670440000000000147e+00 0.000000000000000000e+00 0.000000000000000000e+00 1.000000000000000000e+00 0.000000000000000000e+00
-1.255334347561827373e-02 9.999212036793615477e-01 0.000000000000000000e+00 -2.270270000000000010e+00 -9.999212036793615477e-01 -1.255334347561827373e-02 0.000000000000000000e+00 -5.902709999999999901e+00 0.000000000000000000e+00 0.000000000000000000e+00 1.000000000000000000e+00 0.000000000000000000e+00
