-1.020349614687611484e-02 9.999479429782235362e-01 0.000000000000000000e+00 5.396229999999999777e-02 -9.999479429782235362e-01 -1.020349614687611484e-02 0.000000000000000000e+00 6.816519999999999524e-02 0.000000000000000000e+00 0.000000000000000000e+00 1.000000000000000000e+00 0.000000000000000000e+00
-1.626295623850485678e-02 9.998677493820792295e-01 0.000000000000000000e+00 5.380619999999999847e-02 -9.998677493820792295e-01 -1.626295623850485678e-02 0.000000000000000000e+00 6.849239999999999495e-02 0.000000000000000000e+00 0.000000000000000000e+00 1.000000000000000000e+00 0.000000000000000000e+00
-3.004914921323679697e-02 9.995484223545954006e-01 0.000000000000000000e+00 5.404980000000000201e-02 -9.995484223545954006e-01 -3.004914921323679697e-02 0.000000000000000000e+00 6.950539999999999496e-02 0.000000000000000000e+00 0.000000000000000000e+00 1.000000000000000000e+00 0.000000000000000000e+00
-2.959934939588150168e-02 9.995618432670089204e-01 0.000000000000000000e+00 5.399629999999999708e-02 -9.995618432670089204e-01 -2.959934939588150168e-02 0.000000000000000000e+00 7.241569999999999951e-02 0.000000000000000000e+00 0.000000000000000000e+00 1.000000000000000000e+00 0.000000000000000000e+00
-2.948939741426774910e-02 9.995650931480867252e-01 0.000000000000000000e+00 5.392890000000000184e-02 -9.995650931480867252e-01 -2.948939741426774910e-02 0.000000000000000000e+00 7.279670000000000585e-02 0.000000000000000000e+00 0.000000000000000000e+00 1.000000000000000000e+00 0.000000000000000000e+00
-6.673623666633026613e-03 9.999777311256267120e-01 0.000000000000000000e+00 5.230390000000000039e-02 -9.999777311256267120e-01 -6.673623666633026613e-03 0.000000000000000000e+00 -1.745520000000000127e-01 0.000000000000000000e+00 0.000000000000000000e+00 1.000000000000000000e+00 0.000000000000000000e+00
-4.113206617324981218e-02 9.991537184699456065e-01 0.000000000000000000e+00 5.549939999999999735e-02 -9.991537184699456065e-01 -4.113206617324981218e-02 0.000000000000000000e+00 -4.109630000000000227e-01 0.000000000000000000e+00 0.000000000000000000e+00 1.000000000000000000e+00 0.000000000000000000e+00
-1.159224625226025623e-01 9.932582658516846408e-01 0.000000000000000000e+00 4.587569999999999842e-02 -9.932582658516846408e-01 -1.159224625226025623e-01 0.000000000000000000e+00 -6.419620000000000326e-01 0.000000000000000000e+00 0.000000000000000000e+00 1.000000000000000000e+00 0.000000000000000000e+00
-1.620361004642365821e-01 9.867848307236708472e-01 0.000000000000000000e+00 1.707109999999999878e-02 -9.867848307236708472e-01 -1.620361004642365821e-01 0.000000000000000000e+00 -8.857770000000000366e-01 0.000000000000000000e+00 0.000000000000000000e+00 1.000000000000000000e+00 0.000000000000000000e+00
-1.811677034705486133e-01 9.834522170493121829e-01 0.000000000000000000e+00 -1.574920000000000139e-02 -9.834522170493121829e-01 -1.811677034705486133e-01 0.000000000000000000e+00 -1.118929999999999980e+00 0.000000000000000000e+00 0.000000000000000000e+00 1.000000000000000000e+00 0.000000000000000000e+00
-1.455646456949743206e-01 9.893487423167306449e-01 0.000000000000000000e+00 -4.262790000000000329e-02 -9.893487423167306449e-01 -1.455646456949743206e-01 0.000000000000000000e+00 -1.350800000000000001e+00 0.000000000000000000e+00 0.000000000000000000e+00 1.000000000000000000e+00 0.000000000000000000e+00
-7.037545188634510007e-02 9.975205741095232170e-01 0.000000000000000000e+00 -4.988689999999999791e-02 -9.975205741095232170e-01 -7.037545188634510007e-02 0.000000000000000000e+00 -1.574629999999999974e+00 0.000000000000000000e+00 0.000000000000000000e+00 1.000000000000000000e+00 0.000000000000000000e+00
-6.998641352025143647e-02 9.975479446736243982e-01 0.000000000000000000e+00 -5.853710000000000163e-02 -9.975479446736243982e-01 -6.998641352025143647e-02 0.000000000000000000e+00 -1.802119999999999944e+00 0.000000000000000000e+00 0.000000000000000000e+00 1.000000000000000000e+00 0.000000000000000000e+00
-1.255415422085601196e-01 9.920883635946429191e-01 0.000000000000000000e+00 -7.160170000000000423e-02 -9.920883635946429191e-01 -1.255415422085601196e-01 0.000000000000000000e+00 -2.040280000000000094e+00 0.000000000000000000e+00 0.000000000000000000e+00 1.000000000000000000e+00 0.000000000000000000e+00
-1.462670465534353093e-01 9.892451420616303892e-01 0.000000000000000000e+00 -9.415959999999999608e-02 -9.892451420616303892e-01 -1.462670465534353093e-01 0.000000000000000000e+00 -2.269829999999999792e+00 0.000000000000000000e+00 0.000000000000000000e+00 1.000000000000000000e+00 0.000000000000000000e+00
-1.294593016747039860e-01 9.915847362731528003e-01 0.000000000000000000e+00 -1.154059999999999947e-01 -9.915847362731528003e-01 -1.294593016747039860e-01 0.000000000000000000e+00 -2.499140000000000139e+00 0.000000000000000000e+00 0.000000000000000000e+00 1.000000000000000000e+00 0.000000000000000000e+00
-8.201146063405759246e-02 9.966313863834854736e-01 0.000000000000000000e+00 -1.275590000000000057e-01 -9.966313863834854736e-01 -8.201146063405759246e-02 0.000000000000000000e+00 -2.724909999999999943e+00 0.000000000000000000e+00 0.000000000000000000e+00 1.000000000000000000e+00 0.000000000000000000e+00
-7.907104545643094118e-02 9.968689832522762417e-01 0.000000000000000000e+00 -1.379170000000000118e-01 -9.968689832522762417e-01 -7.907104545643094118e-02 0.000000000000000000e+00 -2.958190000000000097e+00 0.000000000000000000e+00 0.000000000000000000e+00 1.000000000000000000e+00 0.000000000000000000e+00
-9.685161531587456463e-02 9.952988318141973156e-01 0.000000000000000000e+00 -1.499820000000000042e-01 -9.952988318141973156e-01 -9.685161531587456463e-02 0.000000000000000000e+00 -3.188009999999999788e+00 0.000000000000000000e+00 0.000000000000000000e+00 1.000000000000000000e+00 0.000000000000000000e+00
-9.612502142706991215e-02 9.953692682897364863e-01 0.000000000000000000e+00 -1.629369999999999985e-01 -9.953692682897364863e-01 -9.612502142706991215e-02 0.000000000000000000e+00 -3.425499999999999989e+00 0.000000000000000000e+00 0.000000000000000000e+00 1.000000000000000000e+00 0.000000000000000000e+00
-9.802600023677722485e-02 9.951838540076800577e-01 0.000000000000000000e+00 -1.734449999999999881e-01 -9.951838540076800577e-01 -9.802600023677722485e-02 0.000000000000000000e+00 -3.653529999999999944e+00 0.000000000000000000e+00 0.000000000000000000e+00 1.000000000000000000e+00 0.000000000000000000e+00
-1.076248112002641949e-01 9.941915811422401550e-01 0.000000000000000000e+00 -1.854750000000000010e-01 -9.941915811422401550e-01 -1.076248112002641949e-01 0.000000000000000000e+00 -3.886359999999999815e+00 0.000000000000000000e+00 0.000000000000000000e+00 1.000000000000000000e+00 0.000000000000000000e+00
-9.843401736640368382e-02 9.951435797035071973e-01 0.000000000000000000e+00 -1.983880000000000088e-01 -9.951435797035071973e-01 -9.843401736640368382e-02 0.000000000000000000e+00 -4.121730000000000338e+00 0.000000000000000000e+00 0.000000000000000000e+00 1.000000000000000000e+00 0.000000000000000000e+00
-9.482100557849411360e-02 9.954943379553111704e-01 0.000000000000000000e+00 -2.096359999999999890e-01 -9.954943379553111704e-01 -9.482100557849411360e-02 0.000000000000000000e+00 -4.352549999999999919e+00 0.000000000000000000e+00 0.000000000000000000e+00 1.000000000000000000e+00 0.000000000000000000e+00
-8.048651921751406868e-02 9.967556973623219463e-01 0.000000000000000000e+00 -2.224009999999999876e-01 -9.967556973623219463e-01 -8.048651921751406868e-02 0.000000000000000000e+00 -4.584929999999999950e+00 0.000000000000000000e+00 0.000000000000000000e+00 1.000000000000000000e+00 0.000000000000000000e+00
-4.939356667425428421e-02 9.987793928446841996e-01 0.000000000000000000e+00 -2.214319999999999899e-01 -9.987793928446841996e-01 -4.939356667425428421e-02 0.000000000000000000e+00 -4.811029999999999696e+00 0.000000000000000000e+00 0.000000000000000000e+00 1.000000000000000000e+00 0.000000000000000000e+00
-5.178050608018232998e-02 9.986584897701917818e-01 0.000000000000000000e+00 -2.233479999999999910e-01 -9.986584897701917818e-01 -5.178050608018232998e-02 0.000000000000000000e+00 -5.049260000000000304e+00 0.000000000000000000e+00 0.000000000000000000e+00 1.000000000000000000e+00 0.000000000000000000e+00
-6.898883074863183806e-02 9.976174323015494227e-01 0.000000000000000000e+00 -2.304759999999999864e-01 -9.976174323015494227e-01 -6.898883074863183806e-02 0.000000000000000000e+00 -5.282320000000000348e+00 0.000000000000000000e+00 0.000000000000000000e+00 1.000000000000000000e+00 0.000000000000000000e+00
-5.198023674119468113e-02 9.986481136958750282e-01 0.000000000000000000e+00 -2.317029999999999923e-01 -9.986481136958750282e-01 -5.198023674119468113e-02 0.000000000000000000e+00 -5.515100000000000335e+00 0.000000000000000000e+00 0.000000000000000000e+00 1.000000000000000000e+00 0.000000000000000000e+00
-5.991776298343525625e-02 9.982033168042775406e-01 0.000000000000000000e+00 -2.345790000000000097e-01 -9.982033168042775406e-01 -5.991776298343525625e-02 0.000000000000000000e+00 -5.740000000000000213e+00 0.000000000000000000e+00 0.000000000000000000e+00 1.000000000000000000e+00 0.000000000000000000e+00
-6.233323720115702127e-02 9.980553930218624137e-01 0.000000000000000000e+00 -2.348669999999999924e-01 -9.980553930218624137e-01 -6.233323720115702127e-02 0.000000000000000000e+00 -5.971280000000000143e+00 0.000000000000000000e+00 0.000000000000000000e+00 1.000000000000000000e+00 0.000000000000000000e+00
-6.145492443322770476e-02 9.981098598164964697e-01 0.000000000000000000e+00 -2.403409999999999991e-01 -9.981098598164964697e-01 -6.145492443322770476e-02 0.000000000000000000e+00 -6.204810000000000159e+00 0.000000000000000000e+00 0.000000000000000000e+00 1.000000000000000000e+00 0.000000000000000000e+00
-6.470843025392930548e-02 9.979042133662290315e-01 0.000000000000000000e+00 -2.452709999999999890e-01 -9.979042133662290315e-01 -6.470843025392930548e-02 0.000000000000000000e+00 -6.441900000000000404e+00 0.000000000000000000e+00 0.000000000000000000e+00 1.000000000000000000e+00 0.000000000000000000e+00
-6.757214491631380326e-02 9.977143906105637727e-01 0.000000000000000000e+00 -2.516100000000000003e-01 -9.977143906105637727e-01 -6.757214491631380326e-02 0.000000000000000000e+00 -6.674419999999999575e+00 0.000000000000000000e+00 0.000000000000000000e+00 1.000000000000000000e+00 0.000000000000000000e+00
-6.899880691950530109e-02 9.976167423633610642e-01 0.000000000000000000e+00 -2.578360000000000096e-01 -9.976167423633610642e-01 -6.899880691950530109e-02 0.000000000000000000e+00 -6.903240000000000265e+00 0.000000000000000000e+00 0.000000000000000000e+00 1.000000000000000000e+00 0.000000000000000000e+00
-7.030562527379458082e-02 9.975254979472257810e-01 0.000000000000000000e+00 -2.655730000000000035e-01 -9.975254979472257810e-01 -7.030562527379458082e-02 0.000000000000000000e+00 -7.136389999999999567e+00 0.000000000000000000e+00 0.000000000000000000e+00 1.000000000000000000e+00 0.000000000000000000e+00
-8.324722018606997564e-02 9.965289259882484929e-01 0.000000000000000000e+00 -2.753109999999999724e-01 -9.965289259882484929e-01 -8.324722018606997564e-02 0.000000000000000000e+00 -7.366419999999999746e+00 0.000000000000000000e+00 0.000000000000000000e+00 1.000000000000000000e+00 0.000000000000000000e+00
-6.886911616032348471e-02 9.976257037783738957e-01 0.000000000000000000e+00 -2.811969999999999748e-01 -9.976257037783738957e-01 -6.886911616032348471e-02 0.000000000000000000e+00 -7.597229999999999706e+00 0.000000000000000000e+00 0.000000000000000000e+00 1.000000000000000000e+00 0.000000000000000000e+00
-3.855411554375940547e-02 9.992565137013811327e-01 0.000000000000000000e+00 -2.806980000000000031e-01 -9.992565137013811327e-01 -3.855411554375940547e-02 0.000000000000000000e+00 -7.832670000000000243e+00 0.000000000000000000e+00 0.000000000000000000e+00 1.000000000000000000e+00 0.000000000000000000e+00
-2.455120611465318528e-02 9.996985737102538350e-01 0.000000000000000000e+00 -2.774940000000000184e-01 -9.996985737102538350e-01 -2.455120611465318528e-02 0.000000000000000000e+00 -8.058220000000000383e+00 0.000000000000000000e+00 0.000000000000000000e+00 1.000000000000000000e+00 0.000000000000000000e+00
-3.020907657550200159e-02 9.995436016965220105e-01 0.000000000000000000e+00 -2.759949999999999903e-01 -9.995436016965220105e-01 -3.020907657550200159e-02 0.000000000000000000e+00 -8.296150000000000801e+00 0.000000000000000000e+00 0.000000000000000000e+00 1.000000000000000000e+00 0.000000000000000000e+00
-3.596591475442331709e-02 9.993530171945634866e-01 0.000000000000000000e+00 -2.769440000000000235e-01 -9.993530171945634866e-01 -3.596591475442331709e-02 0.000000000000000000e+00 -8.525980000000000558e+00 0.000000000000000000e+00 0.000000000000000000e+00 1.000000000000000000e+00 0.000000000000000000e+00
-3.714512600158443451e-02 9.993098816755122682e-01 0.000000000000000000e+00 -2.762419999999999876e-01 -9.993098816755122682e-01 -3.714512600158443451e-02 0.000000000000000000e+00 -8.754550000000000054e+00 0.000000000000000000e+00 0.000000000000000000e+00 1.000000000000000000e+00 0.000000000000000000e+00
-3.969324267017715346e-02 9.992119127023688652e-01 0.000000000000000000e+00 -2.750929999999999764e-01 -9.992119127023688652e-01 -3.969324267017715346e-02 0.000000000000000000e+00 -8.987000000000000099e+00 0.000000000000000000e+00 0.000000000000000000e+00 1.000000000000000000e+00 0.000000000000000000e+00
-4.225109230595046339e-02 9.991070238963161154e-01 0.000000000000000000e+00 -2.735170000000000101e-01 -9.991070238963161154e-01 -4.225109230595046339e-02 0.000000000000000000e+00 -9.217570000000000263e+00 0.000000000000000000e+00 0.000000000000000000e+00 1.000000000000000000e+00 0.000000000000000000e+00
-4.849464533765270730e-02 9.988234425430628782e-01 0.000000000000000000e+00 -2.781089999999999951e-01 -9.988234425430628782e-01 -4.849464533765270730e-02 0.000000000000000000e+00 -9.456989999999999341e+00 0.000000000000000000e+00 0.000000000000000000e+00 1.000000000000000000e+00 0.000000000000000000e+00
-5.746200400171842110e-02 9.983476939904787351e-01 0.000000000000000000e+00 -2.814360000000000195e-01 -9.983476939904787351e-01 -5.746200400171842110e-02 0.000000000000000000e+00 -9.685380000000000322e+00 0.000000000000000000e+00 0.000000000000000000e+00 1.000000000000000000e+00 0.000000000000000000e+00
-6.522733167291447365e-02 9.978704300673668648e-01 0.000000000000000000e+00 -2.829150000000000276e-01 -9.978704300673668648e-01 -6.522733167291447365e-02 0.000000000000000000e+00 -9.909280000000000754e+00 0.000000000000000000e+00 0.000000000000000000e+00 1.000000000000000000e+00 0.000000000000000000e+00
-4.071154122131906972e-01 9.133767246533512907e-01 0.000000000000000000e+00 -3.310670000000000002e-01 -9.133767246533512907e-01 -4.071154122131906972e-01 0.000000000000000000e+00 -1.010689999999999955e+01 0.000000000000000000e+00 0.000000000000000000e+00 1.000000000000000000e+00 0.000000000000000000e+00
-8.344057325992220164e-01 5.511506812166302449e-01 0.000000000000000000e+00 -3.498899999999999788e-01 -5.511506812166302449e-01 -8.344057325992220164e-01 0.000000000000000000e+00 -1.010299999999999976e+01 0.000000000000000000e+00 0.000000000000000000e+00 1.000000000000000000e+00 0.000000000000000000e+00
-9.999198296732688673e-01 1.266231519829276800e-02 0.000000000000000000e+00 -3.535179999999999989e-01 -1.266231519829276800e-02 -9.999198296732688673e-01 0.000000000000000000e+00 -1.007549999999999990e+01 0.000000000000000000e+00 0.000000000000000000e+00 1.000000000000000000e+00 0.000000000000000000e+00
-8.321944605163309472e-01 -5.544838860471356101e-01 0.000000000000000000e+00 -3.526449999999999863e-01 5.544838860471356101e-01 -8.321944605163309472e-01 0.000000000000000000e+00 -1.005119999999999969e+01 0.000000000000000000e+00 0.000000000000000000e+00 1.000000000000000000e+00 0.000000000000000000e+00
-3.865184607078261947e-01 -9.222816703871180577e-01 0.000000000000000000e+00 -3.386669999999999958e-01 9.222816703871180577e-01 -3.865184607078261947e-01 0.000000000000000000e+00 -1.003120000000000012e+01 0.000000000000000000e+00 0.000000000000000000e+00 1.000000000000000000e+00 0.000000000000000000e+00
1.655900851454999156e-01 -9.861946682585066570e-01 0.000000000000000000e+00 -3.189350000000000240e-01 9.861946682585066570e-01 1.655900851454999156e-01 0.000000000000000000e+00 -1.002169999999999916e+01 0.000000000000000000e+00 0.000000000000000000e+00 1.000000000000000000e+00 0.000000000000000000e+00
1.294596514794706110e-02 -9.999161974817630805e-01 0.000000000000000000e+00 -3.206129999999999813e-01 9.999161974817630805e-01 1.294596514794706110e-02 0.000000000000000000e+00 -9.756399999999999295e+00 0.000000000000000000e+00 0.000000000000000000e+00 1.000000000000000000e+00 0.000000000000000000e+00
1.811211403354186233e-01 -9.834607935874197793e-01 0.000000000000000000e+00 -3.009809999999999985e-01 9.834607935874197793e-01 1.811211403354186233e-01 0.000000000000000000e+00 -9.526579999999999160e+00 0.000000000000000000e+00 0.000000000000000000e+00 1.000000000000000000e+00 0.000000000000000000e+00
2.954689302643713766e-01 -9.553523492661898375e-01 0.000000000000000000e+00 -2.423889999999999934e-01 9.553523492661898375e-01 2.954689302643713766e-01 0.000000000000000000e+00 -9.284679999999999822e+00 0.000000000000000000e+00 0.000000000000000000e+00 1.000000000000000000e+00 0.000000000000000000e+00
3.312955400327003419e-01 -9.435270346706773337e-01 0.000000000000000000e+00 -1.731449999999999934e-01 9.435270346706773337e-01 3.312955400327003419e-01 0.000000000000000000e+00 -9.054679999999999396e+00 0.000000000000000000e+00 0.000000000000000000e+00 1.000000000000000000e+00 0.000000000000000000e+00
-1.255334347561827373e-02 -9.999212036793615477e-01 0.000000000000000000e+00 -1.556319999999999926e-01 9.999212036793615477e-01 -1.255334347561827373e-02 0.000000000000000000e+00 -8.792939999999999756e+00 0.000000000000000000e+00 0.000000000000000000e+00 1.000000000000000000e+00 0.000000000000000000e+00
-1.048406565214956843e-01 -9.944890329913859128e-01 0.000000000000000000e+00 -1.853809999999999902e-01 9.944890329913859128e-01 -1.048406565214956843e-01 0.000000000000000000e+00 -8.564189999999999969e+00 0.000000000000000000e+00 0.000000000000000000e+00 1.000000000000000000e+00 0.000000000000000000e+00
7.326261254895624284e-03 -9.999731625878891528e-01 0.000000000000000000e+00 -2.067340000000000011e-01 9.999731625878891528e-01 7.326261254895624284e-03 0.000000000000000000e+00 -8.325279999999999347e+00 0.000000000000000000e+00 0.000000000000000000e+00 1.000000000000000000e+00 0.000000000000000000e+00
1.642684360187583181e-01 -9.864156735007565402e-01 0.000000000000000000e+00 -1.915169999999999928e-01 9.864156735007565402e-01 1.642684360187583181e-01 0.000000000000000000e+00 -8.092840000000000700e+00 0.000000000000000000e+00 0.000000000000000000e+00 1.000000000000000000e+00 0.000000000000000000e+00
2.154633761695929350e-01 -9.765119218573834470e-01 0.000000000000000000e+00 -1.492670000000000108e-01 9.765119218573834470e-01 2.154633761695929350e-01 0.000000000000000000e+00 -7.853379999999999583e+00 0.000000000000000000e+00 0.000000000000000000e+00 1.000000000000000000e+00 0.000000000000000000e+00
2.325768256793143141e-01 -9.725780277987642330e-01 0.000000000000000000e+00 -1.031870000000000009e-01 9.725780277987642330e-01 2.325768256793143141e-01 0.000000000000000000e+00 -7.619749999999999801e+00 0.000000000000000000e+00 0.000000000000000000e+00 1.000000000000000000e+00 0.000000000000000000e+00
1.944299994216835137e-01 -9.809163956856282729e-01 0.000000000000000000e+00 -6.520750000000000157e-02 9.809163956856282729e-01 1.944299994216835137e-01 0.000000000000000000e+00 -7.389330000000000176e+00 0.000000000000000000e+00 0.000000000000000000e+00 1.000000000000000000e+00 0.000000000000000000e+00
1.136999114235813929e-01 -9.935151383558630256e-01 0.000000000000000000e+00 -4.543389999999999929e-02 9.935151383558630256e-01 1.136999114235813929e-01 0.000000000000000000e+00 -7.171710000000000029e+00 0.000000000000000000e+00 0.000000000000000000e+00 1.000000000000000000e+00 0.000000000000000000e+00
-1.071346824872302511e-02 -9.999426091521871340e-01 0.000000000000000000e+00 -5.185449999999999782e-02 9.999426091521871340e-01 -1.071346824872302511e-02 0.000000000000000000e+00 -6.953750000000000320e+00 0.000000000000000000e+00 0.000000000000000000e+00 1.000000000000000000e+00 0.000000000000000000e+00
-4.872437344472874826e-02 -9.988122623558536306e-01 0.000000000000000000e+00 -7.284259999999999347e-02 9.988122623558536306e-01 -4.872437344472874826e-02 0.000000000000000000e+00 -6.725869999999999571e+00 0.000000000000000000e+00 0.000000000000000000e+00 1.000000000000000000e+00 0.000000000000000000e+00
-1.847262245096470065e-02 -9.998293665520052720e-01 0.000000000000000000e+00 -9.113150000000000417e-02 9.998293665520052720e-01 -1.847262245096470065e-02 0.000000000000000000e+00 -6.500670000000000393e+00 0.000000000000000000e+00 0.000000000000000000e+00 1.000000000000000000e+00 0.000000000000000000e+00
-1.545305811500467461e-02 -9.998805943685947772e-01 0.000000000000000000e+00 -1.052990000000000037e-01 9.998805943685947772e-01 -1.545305811500467461e-02 0.000000000000000000e+00 -6.267520000000000202e+00 0.000000000000000000e+00 0.000000000000000000e+00 1.000000000000000000e+00 0.000000000000000000e+00
3.286041010509230254e-02 -9.994599508973459612e-01 0.000000000000000000e+00 -1.116859999999999936e-01 9.994599508973459612e-01 3.286041010509230254e-02 0.000000000000000000e+00 -6.033120000000000260e+00 0.000000000000000000e+00 0.000000000000000000e+00 1.000000000000000000e+00 0.000000000000000000e+00
7.996087251160129139e-02 -9.967980030413300385e-01 0.000000000000000000e+00 -1.080300000000000010e-01 9.967980030413300385e-01 7.996087251160129139e-02 0.000000000000000000e+00 -5.798219999999999708e+00 0.000000000000000000e+00 0.000000000000000000e+00 1.000000000000000000e+00 0.000000000000000000e+00
1.376082911091047467e-01 -9.904867279363372967e-01 0.000000000000000000e+00 -8.995160000000000655e-02 9.904867279363372967e-01 1.376082911091047467e-01 0.000000000000000000e+00 -5.561530000000000307e+00 0.000000000000000000e+00 0.000000000000000000e+00 1.000000000000000000e+00 0.000000000000000000e+00
2.045523119654711064e-01 -9.788556337221442361e-01 0.000000000000000000e+00 -5.658370000000000066e-02 9.788556337221442361e-01 2.045523119654711064e-01 0.000000000000000000e+00 -5.317050000000000054e+00 0.000000000000000000e+00 0.000000000000000000e+00 1.000000000000000000e+00 0.000000000000000000e+00
2.327324351861149720e-01 -9.725408030578155394e-01 0.000000000000000000e+00 -1.141900000000000033e-02 9.725408030578155394e-01 2.327324351861149720e-01 0.000000000000000000e+00 -5.075919999999999987e+00 0.000000000000000000e+00 0.000000000000000000e+00 1.000000000000000000e+00 0.000000000000000000e+00
2.324017578675114659e-01 -9.726198758713964221e-01 0.000000000000000000e+00 3.603520000000000334e-02 9.726198758713964221e-01 2.324017578675114659e-01 0.000000000000000000e+00 -4.841719999999999580e+00 0.000000000000000000e+00 0.000000000000000000e+00 1.000000000000000000e+00 0.000000000000000000e+00
1.888749279330628195e-01 -9.820011515259441381e-01 0.000000000000000000e+00 7.279679999999999485e-02 9.820011515259441381e-01 1.888749279330628195e-01 0.000000000000000000e+00 -4.616939999999999600e+00 0.000000000000000000e+00 0.000000000000000000e+00 1.000000000000000000e+00 0.000000000000000000e+00
8.110713708831017443e-02 -9.967053889256032306e-01 0.000000000000000000e+00 8.699369999999999326e-02 9.967053889256032306e-01 8.110713708831017443e-02 0.000000000000000000e+00 -4.396499999999999631e+00 0.000000000000000000e+00 0.000000000000000000e+00 1.000000000000000000e+00 0.000000000000000000e+00
-3.062888221143152817e-02 -9.995308257249889694e-01 0.000000000000000000e+00 7.648900000000000143e-02 9.995308257249889694e-01 -3.062888221143152817e-02 0.000000000000000000e+00 -4.180460000000000065e+00 0.000000000000000000e+00 0.000000000000000000e+00 1.000000000000000000e+00 0.000000000000000000e+00
-1.260333952008961533e-02 -9.999205747622864626e-01 0.000000000000000000e+00 6.192460000000000325e-02 9.999205747622864626e-01 -1.260333952008961533e-02 0.000000000000000000e+00 -3.947179999999999911e+00 0.000000000000000000e+00 0.000000000000000000e+00 1.000000000000000000e+00 0.000000000000000000e+00
7.125588947369168591e-02 -9.974580683995257768e-01 0.000000000000000000e+00 6.150180000000000230e-02 9.974580683995257768e-01 7.125588947369168591e-02 0.000000000000000000e+00 -3.713509999999999867e+00 0.000000000000000000e+00 0.000000000000000000e+00 1.000000000000000000e+00 0.000000000000000000e+00
1.242940445591054072e-01 -9.922454285544172192e-01 0.000000000000000000e+00 7.769639999999999880e-02 9.922454285544172192e-01 1.242940445591054072e-01 0.000000000000000000e+00 -3.477819999999999911e+00 0.000000000000000000e+00 0.000000000000000000e+00 1.000000000000000000e+00 0.000000000000000000e+00
1.425985753518905219e-01 -9.897806051381342618e-01 0.000000000000000000e+00 1.007450000000000012e-01 9.897806051381342618e-01 1.425985753518905219e-01 0.000000000000000000e+00 -3.244050000000000100e+00 0.000000000000000000e+00 0.000000000000000000e+00 1.000000000000000000e+00 0.000000000000000000e+00
1.396682043435140408e-01 -9.901983602771003978e-01 0.000000000000000000e+00 1.221939999999999971e-01 9.901983602771003978e-01 1.396682043435140408e-01 0.000000000000000000e+00 -3.009259999999999824e+00 0.000000000000000000e+00 0.000000000000000000e+00 1.000000000000000000e+00 0.000000000000000000e+00
1.324162752138138832e-01 -9.911941939188806394e-01 0.000000000000000000e+00 1.428180000000000005e-01 9.911941939188806394e-01 1.324162752138138832e-01 0.000000000000000000e+00 -2.778799999999999937e+00 0.000000000000000000e+00 0.000000000000000000e+00 1.000000000000000000e+00 0.000000000000000000e+00
1.319999619854920481e-01 -9.912497213295087262e-01 0.000000000000000000e+00 1.646469999999999878e-01 9.912497213295087262e-01 1.319999619854920481e-01 0.000000000000000000e+00 -2.551530000000000076e+00 0.000000000000000000e+00 0.000000000000000000e+00 1.000000000000000000e+00 0.000000000000000000e+00
9.520192810921107585e-02 -9.954579814760081691e-01 0.000000000000000000e+00 1.773359999999999936e-01 9.954579814760081691e-01 9.520192810921107585e-02 0.000000000000000000e+00 -2.333050000000000068e+00 0.000000000000000000e+00 0.000000000000000000e+00 1.000000000000000000e+00 0.000000000000000000e+00
7.651147967327825983e-02 -9.970687004806667586e-01 0.000000000000000000e+00 1.841039999999999899e-01 9.970687004806667586e-01 7.651147967327825983e-02 0.000000000000000000e+00 -2.096839999999999815e+00 0.000000000000000000e+00 0.000000000000000000e+00 1.000000000000000000e+00 0.000000000000000000e+00
1.003272515583176761e-01 -9.949544927255487003e-01 0.000000000000000000e+00 1.946189999999999864e-01 9.949544927255487003e-01 1.003272515583176761e-01 0.000000000000000000e+00 -1.866379999999999928e+00 0.000000000000000000e+00 0.000000000000000000e+00 1.000000000000000000e+00 0.000000000000000000e+00
1.255640165391727348e-01 -9.920855193734814392e-01 0.000000000000000000e+00 2.097400000000000098e-01 9.920855193734814392e-01 1.255640165391727348e-01 0.000000000000000000e+00 -1.635799999999999921e+00 0.000000000000000000e+00 0.000000000000000000e+00 1.000000000000000000e+00 0.000000000000000000e+00
1.386086123471342579e-01 -9.903472383882341301e-01 0.000000000000000000e+00 2.291990000000000138e-01 9.903472383882341301e-01 1.386086123471342579e-01 0.000000000000000000e+00 -1.402830000000000021e+00 0.000000000000000000e+00 0.000000000000000000e+00 1.000000000000000000e+00 0.000000000000000000e+00
1.231231086916226014e-01 -9.923914046917732268e-01 0.000000000000000000e+00 2.497499999999999998e-01 9.923914046917732268e-01 1.231231086916226014e-01 0.000000000000000000e+00 -1.173140000000000072e+00 0.000000000000000000e+00 0.000000000000000000e+00 1.000000000000000000e+00 0.000000000000000000e+00
8.833105626680723410e-02 -9.960911727842939323e-01 0.000000000000000000e+00 2.652869999999999950e-01 9.960911727842939323e-01 8.833105626680723410e-02 0.000000000000000000e+00 -9.398009999999999975e-01 0.000000000000000000e+00 0.000000000000000000e+00 1.000000000000000000e+00 0.000000000000000000e+00
3.566319235069265788e-03 -9.999936406633361807e-01 0.000000000000000000e+00 2.590299999999999825e-01 9.999936406633361807e-01 3.566319235069265788e-03 0.000000000000000000e+00 -7.117799999999999683e-01 0.000000000000000000e+00 0.000000000000000000e+00 1.000000000000000000e+00 0.000000000000000000e+00
-5.819411946597157215e-01 -8.132308687931262270e-01 0.000000000000000000e+00 1.869260000000000088e-01 8.132308687931262270e-01 -5.819411946597157215e-01 0.000000000000000000e+00 -6.259369999999999656e-01 0.000000000000000000e+00 0.000000000000000000e+00 1.000000000000000000e+00 0.000000000000000000e+00
-9.093519424193994283e-01 -4.160276971766006526e-01 0.000000000000000000e+00 1.032819999999999988e-01 4.160276971766006526e-01 -9.093519424193994283e-01 0.000000000000000000e+00 -6.079419999999999824e-01 0.000000000000000000e+00 0.000000000000000000e+00 1.000000000000000000e+00 0.000000000000000000e+00
-9.213206658185877362e-01 -3.888035888923791483e-01 0.000000000000000000e+00 -1.695589999999999875e-01 3.888035888923791483e-01 -9.213206658185877362e-01 0.000000000000000000e+00 -5.123510000000000009e-01 0.000000000000000000e+00 0.000000000000000000e+00 1.000000000000000000e+00 0.000000000000000000e+00
-9.286042917464342183e-01 -3.710715151424360814e-01 0.000000000000000000e+00 -3.931430000000000202e-01 3.710715151424360814e-01 -9.286042917464342183e-01 0.000000000000000000e+00 -4.386550000000000171e-01 0.000000000000000000e+00 0.000000000000000000e+00 1.000000000000000000e+00 0.000000000000000000e+00
-9.411049892822584972e-01 -3.381144763952589893e-01 0.000000000000000000e+00 -6.155990000000000073e-01 3.381144763952589893e-01 -9.411049892822584972e-01 0.000000000000000000e+00 -3.658640000000000225e-01 0.000000000000000000e+00 0.000000000000000000e+00 1.000000000000000000e+00 0.000000000000000000e+00
-9.652487792496879937e-01 -2.613327269153006283e-01 0.000000000000000000e+00 -8.428109999999999769e-01 2.613327269153006283e-01 -9.652487792496879937e-01 0.000000000000000000e+00 -3.110399999999999832e-01 0.000000000000000000e+00 0.000000000000000000e+00 1.000000000000000000e+00 0.000000000000000000e+00
-9.909453357685693575e-01 -1.342659358084447863e-01 0.000000000000000000e+00 -1.058769999999999989e+00 1.342659358084447863e-01 -9.909453357685693575e-01 0.000000000000000000e+00 -2.855500000000000260e-01 0.000000000000000000e+00 0.000000000000000000e+00 1.000000000000000000e+00 0.000000000000000000e+00
-9.993099195487320507e-01 -3.714410708991033178e-02 0.000000000000000000e+00 -1.280070000000000041e+00 3.714410708991033178e-02 -9.993099195487320507e-01 0.000000000000000000e+00 -2.795360000000000067e-01 0.000000000000000000e+00 0.000000000000000000e+00 1.000000000000000000e+00 0.000000000000000000e+00
-9.984506780529222025e-01 -5.564389899764290992e-02 0.000000000000000000e+00 -1.509980000000000100e+00 5.564389899764290992e-02 -9.984506780529222025e-01 0.000000000000000000e+00 -2.775830000000000242e-01 0.000000000000000000e+00 0.000000000000000000e+00 1.000000000000000000e+00 0.000000000000000000e+00
-9.960276433281087805e-01 -8.904456034061629388e-02 0.000000000000000000e+00 -1.741270000000000095e+00 8.904456034061629388e-02 -9.960276433281087805e-01 0.000000000000000000e+00 -2.704159999999999897e-01 0.000000000000000000e+00 0.000000000000000000e+00 1.000000000000000000e+00 0.000000000000000000e+00
-9.985003531827619794e-01 -5.474527097292978400e-02 0.000000000000000000e+00 -1.973659999999999970e+00 5.474527097292978400e-02 -9.985003531827619794e-01 0.000000000000000000e+00 -2.657510000000000150e-01 0.000000000000000000e+00 0.000000000000000000e+00 1.000000000000000000e+00 0.000000000000000000e+00
-8.085793859813852347e-01 5.883870975522542679e-01 0.000000000000000000e+00 -2.059470000000000134e+00 -5.883870975522542679e-01 -8.085793859813852347e-01 0.000000000000000000e+00 -3.313729999999999731e-01 0.000000000000000000e+00 0.000000000000000000e+00 1.000000000000000000e+00 0.000000000000000000e+00
-4.000979064062859525e-01 9.164724029065506317e-01 0.000000000000000000e+00 -2.132210000000000161e+00 -9.164724029065506317e-01 -4.000979064062859525e-01 0.000000000000000000e+00 -5.169489999999999919e-01 0.000000000000000000e+00 0.000000000000000000e+00 1.000000000000000000e+00 0.000000000000000000e+00
-3.605744248636821858e-01 9.327304455919860349e-01 0.000000000000000000e+00 -2.204239999999999977e+00 -9.327304455919860349e-01 -3.605744248636821858e-01 0.000000000000000000e+00 -7.261900000000000022e-01 0.000000000000000000e+00 0.000000000000000000e+00 1.000000000000000000e+00 0.000000000000000000e+00
-3.248505212218817384e-01 9.457653719934303593e-01 0.000000000000000000e+00 -2.266379999999999839e+00 -9.457653719934303593e-01 -3.248505212218817384e-01 0.000000000000000000e+00 -9.393359999999999488e-01 0.000000000000000000e+00 0.000000000000000000e+00 1.000000000000000000e+00 0.000000000000000000e+00
-8.773560643196768108e-03 9.999615115761406603e-01 0.000000000000000000e+00 -2.282270000000000021e+00 -9.999615115761406603e-01 -8.773560643196768108e-03 0.000000000000000000e+00 -1.171429999999999971e+00 0.000000000000000000e+00 0.000000000000000000e+00 1.000000000000000000e+00 0.000000000000000000e+00
1.249786642622849747e-01 9.921594294664618507e-01 0.000000000000000000e+00 -2.251900000000000013e+00 -9.921594294664618507e-01 1.249786642622849747e-01 0.000000000000000000e+00 -1.393329999999999957e+00 0.000000000000000000e+00 0.000000000000000000e+00 1.000000000000000000e+00 0.000000000000000000e+00
4.564046667779812771e-02 9.989579309467605528e-01 0.000000000000000000e+00 -2.224600000000000133e+00 -9.989579309467605528e-01 4.564046667779812771e-02 0.000000000000000000e+00 -1.620770000000000044e+00 0.000000000000000000e+00 0.000000000000000000e+00 1.000000000000000000e+00 0.000000000000000000e+00
-2.289254481990780354e-01 9.734439578973467233e-01 0.000000000000000000e+00 -2.246719999999999828e+00 -9.734439578973467233e-01 -2.289254481990780354e-01 0.000000000000000000e+00 -1.888160000000000061e+00 0.000000000000000000e+00 0.000000000000000000e+00 1.000000000000000000e+00 0.000000000000000000e+00
-3.182601792696261866e-01 9.480034062656449434e-01 0.000000000000000000e+00 -2.302880000000000038e+00 -9.480034062656449434e-01 -3.182601792696261866e-01 0.000000000000000000e+00 -2.112010000000000165e+00 0.000000000000000000e+00 0.000000000000000000e+00 1.000000000000000000e+00 0.000000000000000000e+00
1.489203190872890603e-01 9.888491991011268967e-01 0.000000000000000000e+00 -2.298459999999999948e+00 -9.888491991011268967e-01 1.489203190872890603e-01 0.000000000000000000e+00 -2.359970000000000123e+00 0.000000000000000000e+00 0.000000000000000000e+00 1.000000000000000000e+00 0.000000000000000000e+00
-4.041539399374672326e-01 9.146909821535479379e-01 0.000000000000000000e+00 -2.310410000000000075e+00 -9.146909821535479379e-01 -4.041539399374672326e-01 0.000000000000000000e+00 -2.537609999999999921e+00 0.000000000000000000e+00 0.000000000000000000e+00 1.000000000000000000e+00 0.000000000000000000e+00
-2.343731163296449149e-01 9.721467185265456612e-01 0.000000000000000000e+00 -2.347069999999999990e+00 -9.721467185265456612e-01 -2.343731163296449149e-01 0.000000000000000000e+00 -2.793610000000000149e+00 0.000000000000000000e+00 0.000000000000000000e+00 1.000000000000000000e+00 0.000000000000000000e+00
-3.415294106630987203e-01 9.398710877839132616e-01 0.000000000000000000e+00 -2.411290000000000155e+00 -9.398710877839132616e-01 -3.415294106630987203e-01 0.000000000000000000e+00 -3.028309999999999835e+00 0.000000000000000000e+00 0.000000000000000000e+00 1.000000000000000000e+00 0.000000000000000000e+00
-3.718059431835166739e-01 9.283104764104601614e-01 0.000000000000000000e+00 -2.491560000000000219e+00 -9.283104764104601614e-01 -3.718059431835166739e-01 0.000000000000000000e+00 -3.257249999999999979e+00 0.000000000000000000e+00 0.000000000000000000e+00 1.000000000000000000e+00 0.000000000000000000e+00
-2.965075543374065536e-01 9.550305074817504458e-01 0.000000000000000000e+00 -2.560200000000000031e+00 -9.550305074817504458e-01 -2.965075543374065536e-01 0.000000000000000000e+00 -3.499000000000000110e+00 0.000000000000000000e+00 0.000000000000000000e+00 1.000000000000000000e+00 0.000000000000000000e+00
-1.911206086909619239e-01 9.815665606231684936e-01 0.000000000000000000e+00 -2.601119999999999877e+00 -9.815665606231684936e-01 -1.911206086909619239e-01 0.000000000000000000e+00 -3.717210000000000125e+00 0.000000000000000000e+00 0.000000000000000000e+00 1.000000000000000000e+00 0.000000000000000000e+00
-7.518266494274625233e-02 9.971697783688125982e-01 0.000000000000000000e+00 -2.613620000000000054e+00 -9.971697783688125982e-01 -7.518266494274625233e-02 0.000000000000000000e+00 -3.926930000000000032e+00 0.000000000000000000e+00 0.000000000000000000e+00 1.000000000000000000e+00 0.000000000000000000e+00
-6.527722511286299101e-02 9.978671674534465019e-01 0.000000000000000000e+00 -2.618520000000000181e+00 -9.978671674534465019e-01 -6.527722511286299101e-02 0.000000000000000000e+00 -4.154849999999999710e+00 0.000000000000000000e+00 0.000000000000000000e+00 1.000000000000000000e+00 0.000000000000000000e+00
-1.463659703361413489e-01 9.892305104107737002e-01 0.000000000000000000e+00 -2.635180000000000078e+00 -9.892305104107737002e-01 -1.463659703361413489e-01 0.000000000000000000e+00 -4.389700000000000379e+00 0.000000000000000000e+00 0.000000000000000000e+00 1.000000000000000000e+00 0.000000000000000000e+00
-1.770553024592974034e-01 9.842009042218192727e-01 0.000000000000000000e+00 -2.661169999999999813e+00 -9.842009042218192727e-01 -1.770553024592974034e-01 0.000000000000000000e+00 -4.625619999999999621e+00 0.000000000000000000e+00 0.000000000000000000e+00 1.000000000000000000e+00 0.000000000000000000e+00
-1.810201836004078912e-01 9.834793811408933939e-01 0.000000000000000000e+00 -2.691949999999999843e+00 -9.834793811408933939e-01 -1.810201836004078912e-01 0.000000000000000000e+00 -4.855260000000000353e+00 0.000000000000000000e+00 0.000000000000000000e+00 1.000000000000000000e+00 0.000000000000000000e+00
-1.549172318444193563e-01 9.879274524364947130e-01 0.000000000000000000e+00 -2.717299999999999827e+00 -9.879274524364947130e-01 -1.549172318444193563e-01 0.000000000000000000e+00 -5.082250000000000156e+00 0.000000000000000000e+00 0.000000000000000000e+00 1.000000000000000000e+00 0.000000000000000000e+00
-1.332858448072716806e-01 9.910776375108116820e-01 0.000000000000000000e+00 -2.740289999999999893e+00 -9.910776375108116820e-01 -1.332858448072716806e-01 0.000000000000000000e+00 -5.307129999999999903e+00 0.000000000000000000e+00 0.000000000000000000e+00 1.000000000000000000e+00 0.000000000000000000e+00
-1.421604314576874195e-01 9.898436299374584468e-01 0.000000000000000000e+00 -2.763659999999999783e+00 -9.898436299374584468e-01 -1.421604314576874195e-01 0.000000000000000000e+00 -5.539100000000000357e+00 0.000000000000000000e+00 0.000000000000000000e+00 1.000000000000000000e+00 0.000000000000000000e+00
-1.485715886144853282e-01 9.889016548962632491e-01 0.000000000000000000e+00 -2.790709999999999802e+00 -9.889016548962632491e-01 -1.485715886144853282e-01 0.000000000000000000e+00 -5.771580000000000155e+00 0.000000000000000000e+00 0.000000000000000000e+00 1.000000000000000000e+00 0.000000000000000000e+00
-1.424276840527756438e-01 9.898052105416311752e-01 0.000000000000000000e+00 -2.811949999999999950e+00 -9.898052105416311752e-01 -1.424276840527756438e-01 0.000000000000000000e+00 -6.002600000000000158e+00 0.000000000000000000e+00 0.000000000000000000e+00 1.000000000000000000e+00 0.000000000000000000e+00
