4.494113855662725254e-01 8.933249165468313269e-01 0.000000000000000000e+00 -2.313689999999999913e-01 -8.933249165468313269e-01 4.494113855662725254e-01 0.000000000000000000e+00 4.447729999999999739e-02 0.000000000000000000e+00 0.000000000000000000e+00 1.000000000000000000e+00 0.000000000000000000e+00
4.536852398934543285e-01 8.911619959933316792e-01 0.000000000000000000e+00 -2.313689999999999913e-01 -8.911619959933316792e-01 4.536852398934543285e-01 0.000000000000000000e+00 4.447729999999999739e-02 0.000000000000000000e+00 0.000000000000000000e+00 1.000000000000000000e+00 0.000000000000000000e+00
4.606490596216617495e-01 8.875823589220770415e-01 0.000000000000000000e+00 -2.313689999999999913e-01 -8.875823589220770415e-01 4.606490596216617495e-01 0.000000000000000000e+00 4.447740000000000027e-02 0.000000000000000000e+00 0.000000000000000000e+00 1.000000000000000000e+00 0.000000000000000000e+00
4.663112676954479507e-01 8.846207105987652364e-01 0.000000000000000000e+00 -2.313699999999999923e-01 -8.846207105987652364e-01 4.663112676954479507e-01 0.000000000000000000e+00 4.447750000000000314e-02 0.000000000000000000e+00 0.000000000000000000e+00 1.000000000000000000e+00 0.000000000000000000e+00
4.687687081844013615e-01 8.833209485952020490e-01 0.000000000000000000e+00 -2.313709999999999933e-01 -8.833209485952020490e-01 4.687687081844013615e-01 0.000000000000000000e+00 4.447750000000000314e-02 0.000000000000000000e+00 0.000000000000000000e+00 1.000000000000000000e+00 0.000000000000000000e+00
4.711696041338385710e-01 8.820426317023241092e-01 0.000000000000000000e+00 -2.313719999999999943e-01 -8.820426317023241092e-01 4.711696041338385710e-01 0.000000000000000000e+00 4.447750000000000314e-02 0.000000000000000000e+00 0.000000000000000000e+00 1.000000000000000000e+00 0.000000000000000000e+00
4.739280850643363130e-01 8.805635526111963429e-01 0.000000000000000000e+00 -2.313739999999999963e-01 -8.805635526111963429e-01 4.739280850643363130e-01 0.000000000000000000e+00 4.447740000000000027e-02 0.000000000000000000e+00 0.000000000000000000e+00 1.000000000000000000e+00 0.000000000000000000e+00
4.770774588262037819e-01 8.788612508695168302e-01 0.000000000000000000e+00 -2.313749999999999973e-01 -8.788612508695168302e-01 4.770774588262037819e-01 0.000000000000000000e+00 4.447720000000000146e-02 0.000000000000000000e+00 0.000000000000000000e+00 1.000000000000000000e+00 0.000000000000000000e+00
4.806153860017757795e-01 8.769314971754430532e-01 0.000000000000000000e+00 -2.313769999999999993e-01 -8.769314971754430532e-01 4.806153860017757795e-01 0.000000000000000000e+00 4.447700000000000264e-02 0.000000000000000000e+00 0.000000000000000000e+00 1.000000000000000000e+00 0.000000000000000000e+00
8.580432021218571403e-01 5.135775143953148492e-01 0.000000000000000000e+00 -1.871619999999999950e-01 -5.135775143953148492e-01 8.580432021218571403e-01 0.000000000000000000e+00 5.327470000000000122e-02 0.000000000000000000e+00 0.000000000000000000e+00 1.000000000000000000e+00 0.000000000000000000e+00
8.621136803527924553e-01 5.067149121039987714e-01 0.000000000000000000e+00 -1.276049999999999962e-01 -5.067149121039987714e-01 8.621136803527924553e-01 0.000000000000000000e+00 3.302929999999999755e-02 0.000000000000000000e+00 0.000000000000000000e+00 1.000000000000000000e+00 0.000000000000000000e+00
3.307388014525542430e-01 9.437223348070807871e-01 0.000000000000000000e+00 7.697360000000000313e-03 -9.437223348070807871e-01 3.307388014525542430e-01 0.000000000000000000e+00 -2.648549999999999863e-02 0.000000000000000000e+00 0.000000000000000000e+00 1.000000000000000000e+00 0.000000000000000000e+00
-1.372490785004918390e-01 9.905365669427685926e-01 0.000000000000000000e+00 4.366880000000000067e-02 -9.905365669427685926e-01 -1.372490785004918390e-01 0.000000000000000000e+00 -1.505529999999999924e-01 0.000000000000000000e+00 0.000000000000000000e+00 1.000000000000000000e+00 0.000000000000000000e+00
-3.403072900008176083e-01 9.403142817017613453e-01 0.000000000000000000e+00 2.280269999999999866e-02 -9.403142817017613453e-01 -3.403072900008176083e-01 0.000000000000000000e+00 -2.542019999999999835e-01 0.000000000000000000e+00 0.000000000000000000e+00 1.000000000000000000e+00 0.000000000000000000e+00
-3.277619331322697005e-01 9.447603480192199310e-01 0.000000000000000000e+00 -6.531420000000000281e-02 -9.447603480192199310e-01 -3.277619331322697005e-01 0.000000000000000000e+00 -4.699519999999999809e-01 0.000000000000000000e+00 0.000000000000000000e+00 1.000000000000000000e+00 0.000000000000000000e+00
-3.689728712591776039e-01 9.294401649782294550e-01 0.000000000000000000e+00 -1.566210000000000102e-01 -9.294401649782294550e-01 -3.689728712591776039e-01 0.000000000000000000e+00 -6.672420000000000018e-01 0.000000000000000000e+00 0.000000000000000000e+00 1.000000000000000000e+00 0.000000000000000000e+00
-3.953911589440966545e-01 9.185128368340009786e-01 0.000000000000000000e+00 -1.928209999999999924e-01 -9.185128368340009786e-01 -3.953911589440966545e-01 0.000000000000000000e+00 -7.227190000000000003e-01 0.000000000000000000e+00 0.000000000000000000e+00 1.000000000000000000e+00 0.000000000000000000e+00
-3.601826462853870425e-01 9.328818045791523739e-01 0.000000000000000000e+00 -1.700790000000000080e-01 -9.328818045791523739e-01 -3.601826462853870425e-01 0.000000000000000000e+00 -6.461710000000000509e-01 0.000000000000000000e+00 0.000000000000000000e+00 1.000000000000000000e+00 0.000000000000000000e+00
-3.213773824111897937e-01 9.469512015275823869e-01 0.000000000000000000e+00 -1.106540000000000024e-01 -9.469512015275823869e-01 -3.213773824111897937e-01 0.000000000000000000e+00 -4.609679999999999889e-01 0.000000000000000000e+00 0.000000000000000000e+00 1.000000000000000000e+00 0.000000000000000000e+00
-3.136681329868179491e-01 9.495326757666445738e-01 0.000000000000000000e+00 -5.781929999999999709e-02 -9.495326757666445738e-01 -3.136681329868179491e-01 0.000000000000000000e+00 -2.745190000000000130e-01 0.000000000000000000e+00 0.000000000000000000e+00 1.000000000000000000e+00 0.000000000000000000e+00
-4.147005282173721885e-01 9.099579506198253176e-01 0.000000000000000000e+00 -1.812979999999999869e-01 -9.099579506198253176e-01 -4.147005282173721885e-01 0.000000000000000000e+00 -5.161430000000000184e-01 0.000000000000000000e+00 0.000000000000000000e+00 1.000000000000000000e+00 0.000000000000000000e+00
-3.976862030474936915e-01 9.175214896151847599e-01 0.000000000000000000e+00 -3.095899999999999763e-01 -9.175214896151847599e-01 -3.976862030474936915e-01 0.000000000000000000e+00 -7.739810000000000301e-01 0.000000000000000000e+00 0.000000000000000000e+00 1.000000000000000000e+00 0.000000000000000000e+00
-3.696048052161304276e-01 9.291890485585515558e-01 0.000000000000000000e+00 -4.169260000000000188e-01 -9.291890485585515558e-01 -3.696048052161304276e-01 0.000000000000000000e+00 -9.991400000000000281e-01 0.000000000000000000e+00 0.000000000000000000e+00 1.000000000000000000e+00 0.000000000000000000e+00
-2.879865755972886299e-01 9.576344460574437445e-01 0.000000000000000000e+00 -4.971019999999999883e-01 -9.576344460574437445e-01 -2.879865755972886299e-01 0.000000000000000000e+00 -1.196660000000000057e+00 0.000000000000000000e+00 0.000000000000000000e+00 1.000000000000000000e+00 0.000000000000000000e+00
-3.912538617995146017e-01 9.202827911174729092e-01 0.000000000000000000e+00 -4.057439999999999936e-01 -9.202827911174729092e-01 -3.912538617995146017e-01 0.000000000000000000e+00 -9.345550000000000246e-01 0.000000000000000000e+00 0.000000000000000000e+00 1.000000000000000000e+00 0.000000000000000000e+00
-4.767762858623704192e-01 8.790246715759935103e-01 0.000000000000000000e+00 -3.227050000000000196e-01 -8.790246715759935103e-01 -4.767762858623704192e-01 0.000000000000000000e+00 -7.305960000000000232e-01 0.000000000000000000e+00 0.000000000000000000e+00 1.000000000000000000e+00 0.000000000000000000e+00
-4.430282306235118206e-01 8.965076613563324193e-01 0.000000000000000000e+00 -4.448059999999999792e-01 -8.965076613563324193e-01 -4.430282306235118206e-01 0.000000000000000000e+00 -9.442989999999999995e-01 0.000000000000000000e+00 0.000000000000000000e+00 1.000000000000000000e+00 0.000000000000000000e+00
-4.068139757320918259e-01 9.135110230035810019e-01 0.000000000000000000e+00 -5.432670000000000554e-01 -9.135110230035810019e-01 -4.068139757320918259e-01 0.000000000000000000e+00 -1.131340000000000012e+00 0.000000000000000000e+00 0.000000000000000000e+00 1.000000000000000000e+00 0.000000000000000000e+00
-4.002353727651048465e-01 9.164123779105002310e-01 0.000000000000000000e+00 -4.514909999999999757e-01 -9.164123779105002310e-01 -4.002353727651048465e-01 0.000000000000000000e+00 -9.175219999999999487e-01 0.000000000000000000e+00 0.000000000000000000e+00 1.000000000000000000e+00 0.000000000000000000e+00
-3.953452328080352407e-01 9.185326052437988720e-01 0.000000000000000000e+00 -3.734720000000000262e-01 -9.185326052437988720e-01 -3.953452328080352407e-01 0.000000000000000000e+00 -7.205540000000000278e-01 0.000000000000000000e+00 0.000000000000000000e+00 1.000000000000000000e+00 0.000000000000000000e+00
-3.666388166122769854e-01 9.303633581311923084e-01 0.000000000000000000e+00 -3.017960000000000087e-01 -9.303633581311923084e-01 -3.666388166122769854e-01 0.000000000000000000e+00 -5.326419999999999488e-01 0.000000000000000000e+00 0.000000000000000000e+00 1.000000000000000000e+00 0.000000000000000000e+00
-3.450139739799411576e-01 9.385975483446398204e-01 0.000000000000000000e+00 -3.139000000000000123e-01 -9.385975483446398204e-01 -3.450139739799411576e-01 0.000000000000000000e+00 -5.377009999999999845e-01 0.000000000000000000e+00 0.000000000000000000e+00 1.000000000000000000e+00 0.000000000000000000e+00
-3.248694364643501253e-01 9.457588747938533436e-01 0.000000000000000000e+00 -3.838960000000000150e-01 -9.457588747938533436e-01 -3.248694364643501253e-01 0.000000000000000000e+00 -6.971009999999999707e-01 0.000000000000000000e+00 0.000000000000000000e+00 1.000000000000000000e+00 0.000000000000000000e+00
-2.884270569579606702e-01 9.575018709196182476e-01 0.000000000000000000e+00 -4.667180000000000217e-01 -9.575018709196182476e-01 -2.884270569579606702e-01 0.000000000000000000e+00 -9.121179999999999843e-01 0.000000000000000000e+00 0.000000000000000000e+00 1.000000000000000000e+00 0.000000000000000000e+00
-2.769261526924637340e-01 9.608912040158085199e-01 0.000000000000000000e+00 -5.424649999999999750e-01 -9.608912040158085199e-01 -2.769261526924637340e-01 0.000000000000000000e+00 -1.118889999999999940e+00 0.000000000000000000e+00 0.000000000000000000e+00 1.000000000000000000e+00 0.000000000000000000e+00
-2.636495526636364328e-01 9.646185325714328185e-01 0.000000000000000000e+00 -6.257530000000000037e-01 -9.646185325714328185e-01 -2.636495526636364328e-01 0.000000000000000000e+00 -1.364090000000000025e+00 0.000000000000000000e+00 0.000000000000000000e+00 1.000000000000000000e+00 0.000000000000000000e+00
-4.422032562018797242e-01 8.969148678689938814e-01 0.000000000000000000e+00 -7.294040000000000523e-01 -8.969148678689938814e-01 -4.422032562018797242e-01 0.000000000000000000e+00 -1.583900000000000086e+00 0.000000000000000000e+00 0.000000000000000000e+00 1.000000000000000000e+00 0.000000000000000000e+00
-6.038829428539104205e-01 7.970730150557731042e-01 0.000000000000000000e+00 -8.865309999999999580e-01 -7.970730150557731042e-01 -6.038829428539104205e-01 0.000000000000000000e+00 -1.766559999999999908e+00 0.000000000000000000e+00 0.000000000000000000e+00 1.000000000000000000e+00 0.000000000000000000e+00
-4.679535095269140021e-01 8.837530836842631965e-01 0.000000000000000000e+00 -1.014310000000000045e+00 -8.837530836842631965e-01 -4.679535095269140021e-01 0.000000000000000000e+00 -1.956560000000000077e+00 0.000000000000000000e+00 0.000000000000000000e+00 1.000000000000000000e+00 0.000000000000000000e+00
-6.802110953525628001e-02 9.976838821277973501e-01 0.000000000000000000e+00 -1.070549999999999891e+00 -9.976838821277973501e-01 -6.802110953525628001e-02 0.000000000000000000e+00 -2.216009999999999813e+00 0.000000000000000000e+00 0.000000000000000000e+00 1.000000000000000000e+00 0.000000000000000000e+00
2.746287349642016068e-02 9.996228241588522856e-01 0.000000000000000000e+00 -1.072759999999999936e+00 -9.996228241588522856e-01 2.746287349642016068e-02 0.000000000000000000e+00 -2.480770000000000142e+00 0.000000000000000000e+00 0.000000000000000000e+00 1.000000000000000000e+00 0.000000000000000000e+00
9.460463621981525517e-02 9.955149234470150876e-01 0.000000000000000000e+00 -1.018659999999999899e+00 -9.955149234470150876e-01 9.460463621981525517e-02 0.000000000000000000e+00 -2.137469999999999981e+00 0.000000000000000000e+00 0.000000000000000000e+00 1.000000000000000000e+00 0.000000000000000000e+00
2.203042050759280446e-01 9.754312160403025844e-01 0.000000000000000000e+00 -1.038310000000000066e+00 -9.754312160403025844e-01 2.203042050759280446e-01 0.000000000000000000e+00 -1.875159999999999938e+00 0.000000000000000000e+00 0.000000000000000000e+00 1.000000000000000000e+00 0.000000000000000000e+00
3.146579959619945077e-01 9.492051124900147130e-01 0.000000000000000000e+00 -1.094919999999999893e+00 -9.492051124900147130e-01 3.146579959619945077e-01 0.000000000000000000e+00 -1.592850000000000099e+00 0.000000000000000000e+00 0.000000000000000000e+00 1.000000000000000000e+00 0.000000000000000000e+00
5.638435539967455723e-01 -8.258816177978045570e-01 0.000000000000000000e+00 -9.818099999999999605e-01 8.258816177978045570e-01 5.638435539967455723e-01 0.000000000000000000e+00 -1.597860000000000058e+00 0.000000000000000000e+00 0.000000000000000000e+00 1.000000000000000000e+00 0.000000000000000000e+00
5.941152829996946272e-01 -8.043799043401026472e-01 0.000000000000000000e+00 -1.109050000000000091e+00 8.043799043401026472e-01 5.941152829996946272e-01 0.000000000000000000e+00 -1.762189999999999923e+00 0.000000000000000000e+00 0.000000000000000000e+00 1.000000000000000000e+00 0.000000000000000000e+00
7.810405349720872525e-01 -6.244803301390010608e-01 0.000000000000000000e+00 -9.357010000000000050e-01 6.244803301390010608e-01 7.810405349720872525e-01 0.000000000000000000e+00 -1.604680000000000106e+00 0.000000000000000000e+00 0.000000000000000000e+00 1.000000000000000000e+00 0.000000000000000000e+00
8.930098067708905907e-01 -4.500372040298631915e-01 0.000000000000000000e+00 -7.589489999999999847e-01 4.500372040298631915e-01 8.930098067708905907e-01 0.000000000000000000e+00 -1.485479999999999912e+00 0.000000000000000000e+00 0.000000000000000000e+00 1.000000000000000000e+00 0.000000000000000000e+00
-4.492750110750962089e-01 8.933935103992373117e-01 0.000000000000000000e+00 -8.692069999999999519e-01 -8.933935103992373117e-01 -4.492750110750962089e-01 0.000000000000000000e+00 -1.294000000000000039e+00 0.000000000000000000e+00 0.000000000000000000e+00 1.000000000000000000e+00 0.000000000000000000e+00
-5.331788864063516931e-01 8.460025266454485049e-01 0.000000000000000000e+00 -9.916409999999999947e-01 -8.460025266454485049e-01 -5.331788864063516931e-01 0.000000000000000000e+00 -1.499430000000000041e+00 0.000000000000000000e+00 0.000000000000000000e+00 1.000000000000000000e+00 0.000000000000000000e+00
-6.363471843533898831e-01 7.714027877610456496e-01 0.000000000000000000e+00 -1.136200000000000099e+00 -7.714027877610456496e-01 -6.363471843533898831e-01 0.000000000000000000e+00 -1.679880000000000040e+00 0.000000000000000000e+00 0.000000000000000000e+00 1.000000000000000000e+00 0.000000000000000000e+00
-5.664681117667619281e-01 8.240836598012359904e-01 0.000000000000000000e+00 -1.273609999999999909e+00 -8.240836598012359904e-01 -5.664681117667619281e-01 0.000000000000000000e+00 -1.865359999999999907e+00 0.000000000000000000e+00 0.000000000000000000e+00 1.000000000000000000e+00 0.000000000000000000e+00
-5.121307025164428817e-01 8.589075290972915111e-01 0.000000000000000000e+00 -1.393070000000000030e+00 -8.589075290972915111e-01 -5.121307025164428817e-01 0.000000000000000000e+00 -2.059460000000000068e+00 0.000000000000000000e+00 0.000000000000000000e+00 1.000000000000000000e+00 0.000000000000000000e+00
-4.851665909762462592e-01 8.744217397803463188e-01 0.000000000000000000e+00 -1.505719999999999947e+00 -8.744217397803463188e-01 -4.851665909762462592e-01 0.000000000000000000e+00 -2.257629999999999804e+00 0.000000000000000000e+00 0.000000000000000000e+00 1.000000000000000000e+00 0.000000000000000000e+00
-4.700466881510662609e-01 8.826415529297350071e-01 0.000000000000000000e+00 -1.617790000000000061e+00 -8.826415529297350071e-01 -4.700466881510662609e-01 0.000000000000000000e+00 -2.458930000000000060e+00 0.000000000000000000e+00 0.000000000000000000e+00 1.000000000000000000e+00 0.000000000000000000e+00
-4.578218641892030649e-01 8.890439475472080577e-01 0.000000000000000000e+00 -1.725440000000000085e+00 -8.890439475472080577e-01 -4.578218641892030649e-01 0.000000000000000000e+00 -2.662279999999999980e+00 0.000000000000000000e+00 0.000000000000000000e+00 1.000000000000000000e+00 0.000000000000000000e+00
-4.377940915659208621e-01 8.990752656980226520e-01 0.000000000000000000e+00 -1.826529999999999987e+00 -8.990752656980226520e-01 -4.377940915659208621e-01 0.000000000000000000e+00 -2.865510000000000002e+00 0.000000000000000000e+00 0.000000000000000000e+00 1.000000000000000000e+00 0.000000000000000000e+00
-4.182462014349774271e-01 9.083337024382681646e-01 0.000000000000000000e+00 -1.926909999999999901e+00 -9.083337024382681646e-01 -4.182462014349774271e-01 0.000000000000000000e+00 -3.080099999999999838e+00 0.000000000000000000e+00 0.000000000000000000e+00 1.000000000000000000e+00 0.000000000000000000e+00
-4.594391650361003276e-01 8.882092397802057171e-01 0.000000000000000000e+00 -2.031940000000000079e+00 -8.882092397802057171e-01 -4.594391650361003276e-01 0.000000000000000000e+00 -3.289629999999999832e+00 0.000000000000000000e+00 0.000000000000000000e+00 1.000000000000000000e+00 0.000000000000000000e+00
-5.008440483535256948e-01 8.655375435120369332e-01 0.000000000000000000e+00 -2.146879999999999900e+00 -8.655375435120369332e-01 -5.008440483535256948e-01 0.000000000000000000e+00 -3.489640000000000075e+00 0.000000000000000000e+00 0.000000000000000000e+00 1.000000000000000000e+00 0.000000000000000000e+00
-4.884858826919673547e-01 8.725717978542794073e-01 0.000000000000000000e+00 -2.259700000000000042e+00 -8.725717978542794073e-01 -4.884858826919673547e-01 0.000000000000000000e+00 -3.688959999999999795e+00 0.000000000000000000e+00 0.000000000000000000e+00 1.000000000000000000e+00 0.000000000000000000e+00
-4.624032157238410212e-01 8.866697615731862214e-01 0.000000000000000000e+00 -2.367529999999999912e+00 -8.866697615731862214e-01 -4.624032157238410212e-01 0.000000000000000000e+00 -3.888659999999999783e+00 0.000000000000000000e+00 0.000000000000000000e+00 1.000000000000000000e+00 0.000000000000000000e+00
-4.460111392728155488e-01 8.950274094375909595e-01 0.000000000000000000e+00 -2.473269999999999857e+00 -8.950274094375909595e-01 -4.460111392728155488e-01 0.000000000000000000e+00 -4.094730000000000203e+00 0.000000000000000000e+00 0.000000000000000000e+00 1.000000000000000000e+00 0.000000000000000000e+00
-4.399416290440359978e-01 8.980263710126110688e-01 0.000000000000000000e+00 -2.578129999999999811e+00 -8.980263710126110688e-01 -4.399416290440359978e-01 0.000000000000000000e+00 -4.305209999999999759e+00 0.000000000000000000e+00 0.000000000000000000e+00 1.000000000000000000e+00 0.000000000000000000e+00
-5.298839108244982610e-01 8.480701863933993723e-01 0.000000000000000000e+00 -2.699809999999999821e+00 -8.480701863933993723e-01 -5.298839108244982610e-01 0.000000000000000000e+00 -4.513230000000000075e+00 0.000000000000000000e+00 0.000000000000000000e+00 1.000000000000000000e+00 0.000000000000000000e+00
-5.961391041440797789e-01 8.028811671164631791e-01 0.000000000000000000e+00 -2.826779999999999848e+00 -8.028811671164631791e-01 -5.961391041440797789e-01 0.000000000000000000e+00 -4.689169999999999838e+00 0.000000000000000000e+00 0.000000000000000000e+00 1.000000000000000000e+00 0.000000000000000000e+00
-5.710576558596458518e-01 8.209099546747415932e-01 0.000000000000000000e+00 -2.961110000000000131e+00 -8.209099546747415932e-01 -5.710576558596458518e-01 0.000000000000000000e+00 -4.880670000000000286e+00 0.000000000000000000e+00 0.000000000000000000e+00 1.000000000000000000e+00 0.000000000000000000e+00
-5.589455995127547983e-01 8.292043275244811440e-01 0.000000000000000000e+00 -3.091029999999999944e+00 -8.292043275244811440e-01 -5.589455995127547983e-01 0.000000000000000000e+00 -5.072090000000000209e+00 0.000000000000000000e+00 0.000000000000000000e+00 1.000000000000000000e+00 0.000000000000000000e+00
-5.472907118255339043e-01 8.369425767336133859e-01 0.000000000000000000e+00 -3.215430000000000010e+00 -8.369425767336133859e-01 -5.472907118255339043e-01 0.000000000000000000e+00 -5.261199999999999655e+00 0.000000000000000000e+00 0.000000000000000000e+00 1.000000000000000000e+00 0.000000000000000000e+00
-5.361450647722947327e-01 8.441258611844041360e-01 0.000000000000000000e+00 -3.339440000000000186e+00 -8.441258611844041360e-01 -5.361450647722947327e-01 0.000000000000000000e+00 -5.456660000000000288e+00 0.000000000000000000e+00 0.000000000000000000e+00 1.000000000000000000e+00 0.000000000000000000e+00
-5.275582123443831595e-01 8.495188830084936527e-01 0.000000000000000000e+00 -3.461199999999999832e+00 -8.495188830084936527e-01 -5.275582123443831595e-01 0.000000000000000000e+00 -5.653109999999999857e+00 0.000000000000000000e+00 0.000000000000000000e+00 1.000000000000000000e+00 0.000000000000000000e+00
-5.267169302577049406e-01 8.500407492467052517e-01 0.000000000000000000e+00 -3.582409999999999872e+00 -8.500407492467052517e-01 -5.267169302577049406e-01 0.000000000000000000e+00 -5.853290000000000326e+00 0.000000000000000000e+00 0.000000000000000000e+00 1.000000000000000000e+00 0.000000000000000000e+00
-5.057176884152114749e-01 8.626990318900183974e-01 0.000000000000000000e+00 -3.695669999999999789e+00 -8.626990318900183974e-01 -5.057176884152114749e-01 0.000000000000000000e+00 -6.047780000000000378e+00 0.000000000000000000e+00 0.000000000000000000e+00 1.000000000000000000e+00 0.000000000000000000e+00
-4.965101181304136246e-01 8.680309341228126252e-01 0.000000000000000000e+00 -3.810509999999999842e+00 -8.680309341228126252e-01 -4.965101181304136246e-01 0.000000000000000000e+00 -6.248440000000000438e+00 0.000000000000000000e+00 0.000000000000000000e+00 1.000000000000000000e+00 0.000000000000000000e+00
-4.878836919151626761e-01 8.729086453708833071e-01 0.000000000000000000e+00 -3.864440000000000097e+00 -8.729086453708833071e-01 -4.878836919151626761e-01 0.000000000000000000e+00 -6.343119999999999870e+00 0.000000000000000000e+00 0.000000000000000000e+00 1.000000000000000000e+00 0.000000000000000000e+00
-4.929992307818420461e-01 8.700297457262665679e-01 0.000000000000000000e+00 -3.920049999999999812e+00 -8.700297457262665679e-01 -4.929992307818420461e-01 0.000000000000000000e+00 -6.439960000000000129e+00 0.000000000000000000e+00 0.000000000000000000e+00 1.000000000000000000e+00 0.000000000000000000e+00
-4.850878910548474532e-01 8.744654012320672853e-01 0.000000000000000000e+00 -3.974320000000000075e+00 -8.744654012320672853e-01 -4.850878910548474532e-01 0.000000000000000000e+00 -6.539600000000000080e+00 0.000000000000000000e+00 0.000000000000000000e+00 1.000000000000000000e+00 0.000000000000000000e+00
-5.034902442535195144e-01 8.640009108453134967e-01 0.000000000000000000e+00 -4.034639999999999560e+00 -8.640009108453134967e-01 -5.034902442535195144e-01 0.000000000000000000e+00 -6.642170000000000130e+00 0.000000000000000000e+00 0.000000000000000000e+00 1.000000000000000000e+00 0.000000000000000000e+00
-5.071232153939894127e-01 8.618735663706489358e-01 0.000000000000000000e+00 -4.158640000000000114e+00 -8.618735663706489358e-01 -5.071232153939894127e-01 0.000000000000000000e+00 -6.847419999999999618e+00 0.000000000000000000e+00 0.000000000000000000e+00 1.000000000000000000e+00 0.000000000000000000e+00
-4.968920036669250972e-01 8.678123856524914137e-01 0.000000000000000000e+00 -4.223690000000000389e+00 -8.678123856524914137e-01 -4.968920036669250972e-01 0.000000000000000000e+00 -6.956179999999999808e+00 0.000000000000000000e+00 0.000000000000000000e+00 1.000000000000000000e+00 0.000000000000000000e+00
-4.875519514127028553e-01 8.730939781453457282e-01 0.000000000000000000e+00 -4.284880000000000244e+00 -8.730939781453457282e-01 -4.875519514127028553e-01 0.000000000000000000e+00 -7.067210000000000214e+00 0.000000000000000000e+00 0.000000000000000000e+00 1.000000000000000000e+00 0.000000000000000000e+00
-5.185665953827692798e-01 8.550372425532839493e-01 0.000000000000000000e+00 -4.355470000000000397e+00 -8.550372425532839493e-01 -5.185665953827692798e-01 0.000000000000000000e+00 -7.181379999999999875e+00 0.000000000000000000e+00 0.000000000000000000e+00 1.000000000000000000e+00 0.000000000000000000e+00
-5.377057792467243580e-01 8.431325488703854676e-01 0.000000000000000000e+00 -4.477759999999999962e+00 -8.431325488703854676e-01 -5.377057792467243580e-01 0.000000000000000000e+00 -7.376960000000000406e+00 0.000000000000000000e+00 0.000000000000000000e+00 1.000000000000000000e+00 0.000000000000000000e+00
-5.060541025692897321e-01 8.625017363882757637e-01 0.000000000000000000e+00 -4.595209999999999795e+00 -8.625017363882757637e-01 -5.060541025692897321e-01 0.000000000000000000e+00 -7.575999999999999623e+00 0.000000000000000000e+00 0.000000000000000000e+00 1.000000000000000000e+00 0.000000000000000000e+00
-5.122938857020302716e-01 8.588102087611180213e-01 0.000000000000000000e+00 -4.716980000000000395e+00 -8.588102087611180213e-01 -5.122938857020302716e-01 0.000000000000000000e+00 -7.780929999999999680e+00 0.000000000000000000e+00 0.000000000000000000e+00 1.000000000000000000e+00 0.000000000000000000e+00
-5.082948940954420403e-01 8.611830819497694467e-01 0.000000000000000000e+00 -4.834690000000000154e+00 -8.611830819497694467e-01 -5.082948940954420403e-01 0.000000000000000000e+00 -7.985159999999999592e+00 0.000000000000000000e+00 0.000000000000000000e+00 1.000000000000000000e+00 0.000000000000000000e+00
-5.039480939996260345e-01 8.637339396794270208e-01 0.000000000000000000e+00 -4.952609999999999957e+00 -8.637339396794270208e-01 -5.039480939996260345e-01 0.000000000000000000e+00 -8.189329999999999998e+00 0.000000000000000000e+00 0.000000000000000000e+00 1.000000000000000000e+00 0.000000000000000000e+00
-4.965448389705610088e-01 8.680110730236680894e-01 0.000000000000000000e+00 -5.015439999999999898e+00 -8.680110730236680894e-01 -4.965448389705610088e-01 0.000000000000000000e+00 -8.297409999999999286e+00 0.000000000000000000e+00 0.000000000000000000e+00 1.000000000000000000e+00 0.000000000000000000e+00
-5.011036870747025418e-01 8.653872513505953545e-01 0.000000000000000000e+00 -5.074499999999999567e+00 -8.653872513505953545e-01 -5.011036870747025418e-01 0.000000000000000000e+00 -8.400619999999999976e+00 0.000000000000000000e+00 0.000000000000000000e+00 1.000000000000000000e+00 0.000000000000000000e+00
-4.941472402118266549e-01 8.693782289608104064e-01 0.000000000000000000e+00 -5.135279999999999845e+00 -8.693782289608104064e-01 -4.941472402118266549e-01 0.000000000000000000e+00 -8.510579999999999146e+00 0.000000000000000000e+00 0.000000000000000000e+00 1.000000000000000000e+00 0.000000000000000000e+00
-5.563059080570463832e-01 8.309775789158363457e-01 0.000000000000000000e+00 -5.262620000000000076e+00 -8.309775789158363457e-01 -5.563059080570463832e-01 0.000000000000000000e+00 -8.707520000000000593e+00 0.000000000000000000e+00 0.000000000000000000e+00 1.000000000000000000e+00 0.000000000000000000e+00
-6.328307268021940990e-01 7.742901724902665483e-01 0.000000000000000000e+00 -5.404720000000000191e+00 -7.742901724902665483e-01 -6.328307268021940990e-01 0.000000000000000000e+00 -8.876120000000000232e+00 0.000000000000000000e+00 0.000000000000000000e+00 1.000000000000000000e+00 0.000000000000000000e+00
-6.226648164336822111e-01 7.824886749184354340e-01 0.000000000000000000e+00 -5.543689999999999785e+00 -7.824886749184354340e-01 -6.226648164336822111e-01 0.000000000000000000e+00 -9.042519999999999669e+00 0.000000000000000000e+00 0.000000000000000000e+00 1.000000000000000000e+00 0.000000000000000000e+00
-6.025110846805629139e-01 7.981105141752310450e-01 0.000000000000000000e+00 -5.685179999999999900e+00 -7.981105141752310450e-01 -6.025110846805629139e-01 0.000000000000000000e+00 -9.223369999999999180e+00 0.000000000000000000e+00 0.000000000000000000e+00 1.000000000000000000e+00 0.000000000000000000e+00
-5.820306465343582092e-01 8.131668503417960325e-01 0.000000000000000000e+00 -5.819440000000000168e+00 -8.131668503417960325e-01 -5.820306465343582092e-01 0.000000000000000000e+00 -9.403660000000000352e+00 0.000000000000000000e+00 0.000000000000000000e+00 1.000000000000000000e+00 0.000000000000000000e+00
-5.616706517900038609e-01 8.273609121283118650e-01 0.000000000000000000e+00 -5.945579999999999643e+00 -8.273609121283118650e-01 -5.616706517900038609e-01 0.000000000000000000e+00 -9.583579999999999544e+00 0.000000000000000000e+00 0.000000000000000000e+00 1.000000000000000000e+00 0.000000000000000000e+00
-5.411749119106982198e-01 8.409100515028037348e-01 0.000000000000000000e+00 -6.068369999999999820e+00 -8.409100515028037348e-01 -5.411749119106982198e-01 0.000000000000000000e+00 -9.766159999999999286e+00 0.000000000000000000e+00 0.000000000000000000e+00 1.000000000000000000e+00 0.000000000000000000e+00
-5.205830372984728838e-01 8.538110454176011110e-01 0.000000000000000000e+00 -6.189250000000000362e+00 -8.538110454176011110e-01 -5.205830372984728838e-01 0.000000000000000000e+00 -9.955719999999999459e+00 0.000000000000000000e+00 0.000000000000000000e+00 1.000000000000000000e+00 0.000000000000000000e+00
-4.999869208868147896e-01 8.660329548822734980e-01 0.000000000000000000e+00 -6.308159999999999989e+00 -8.660329548822734980e-01 -4.999869208868147896e-01 0.000000000000000000e+00 -1.015240000000000009e+01 0.000000000000000000e+00 0.000000000000000000e+00 1.000000000000000000e+00 0.000000000000000000e+00
-4.792620131368649505e-01 8.776718764800427452e-01 0.000000000000000000e+00 -6.418479999999999741e+00 -8.776718764800427452e-01 -4.792620131368649505e-01 0.000000000000000000e+00 -1.034689999999999976e+01 0.000000000000000000e+00 0.000000000000000000e+00 1.000000000000000000e+00 0.000000000000000000e+00
-4.585596128842113206e-01 8.886636492123902720e-01 0.000000000000000000e+00 -6.523559999999999803e+00 -8.886636492123902720e-01 -4.585596128842113206e-01 0.000000000000000000e+00 -1.054170000000000051e+01 0.000000000000000000e+00 0.000000000000000000e+00 1.000000000000000000e+00 0.000000000000000000e+00
-4.238426237589253964e-01 9.057358501710915943e-01 0.000000000000000000e+00 -6.621109999999999829e+00 -9.057358501710915943e-01 -4.238426237589253964e-01 0.000000000000000000e+00 -1.073610000000000042e+01 0.000000000000000000e+00 0.000000000000000000e+00 1.000000000000000000e+00 0.000000000000000000e+00
-4.268292388185959685e-01 9.043322403240625640e-01 0.000000000000000000e+00 -6.722240000000000215e+00 -9.043322403240625640e-01 -4.268292388185959685e-01 0.000000000000000000e+00 -1.094209999999999994e+01 0.000000000000000000e+00 0.000000000000000000e+00 1.000000000000000000e+00 0.000000000000000000e+00
-4.106562405776805202e-01 9.117902456566455704e-01 0.000000000000000000e+00 -6.815159999999999663e+00 -9.117902456566455704e-01 -4.106562405776805202e-01 0.000000000000000000e+00 -1.114259999999999984e+01 0.000000000000000000e+00 0.000000000000000000e+00 1.000000000000000000e+00 0.000000000000000000e+00
-4.142363957508713446e-01 9.101693295400188344e-01 0.000000000000000000e+00 -6.912160000000000082e+00 -9.101693295400188344e-01 -4.142363957508713446e-01 0.000000000000000000e+00 -1.135040000000000049e+01 0.000000000000000000e+00 0.000000000000000000e+00 1.000000000000000000e+00 0.000000000000000000e+00
-4.683776570825499141e-01 8.835283641999623905e-01 0.000000000000000000e+00 -7.018189999999999706e+00 -8.835283641999623905e-01 -4.683776570825499141e-01 0.000000000000000000e+00 -1.155070000000000086e+01 0.000000000000000000e+00 0.000000000000000000e+00 1.000000000000000000e+00 0.000000000000000000e+00
-5.300195952712283276e-01 8.479853941127307726e-01 0.000000000000000000e+00 -7.137360000000000149e+00 -8.479853941127307726e-01 -5.300195952712283276e-01 0.000000000000000000e+00 -1.173789999999999978e+01 0.000000000000000000e+00 0.000000000000000000e+00 1.000000000000000000e+00 0.000000000000000000e+00
-5.200108670959838753e-01 8.541596443886136925e-01 0.000000000000000000e+00 -7.259269999999999889e+00 -8.541596443886136925e-01 -5.200108670959838753e-01 0.000000000000000000e+00 -1.192859999999999943e+01 0.000000000000000000e+00 0.000000000000000000e+00 1.000000000000000000e+00 0.000000000000000000e+00
-4.939733546842489109e-01 8.694770410206293931e-01 0.000000000000000000e+00 -7.374570000000000292e+00 -8.694770410206293931e-01 -4.939733546842489109e-01 0.000000000000000000e+00 -1.212010000000000076e+01 0.000000000000000000e+00 0.000000000000000000e+00 1.000000000000000000e+00 0.000000000000000000e+00
-4.896982851987077834e-01 8.718919597481359363e-01 0.000000000000000000e+00 -7.486279999999999824e+00 -8.718919597481359363e-01 -4.896982851987077834e-01 0.000000000000000000e+00 -1.231250000000000000e+01 0.000000000000000000e+00 0.000000000000000000e+00 1.000000000000000000e+00 0.000000000000000000e+00
-4.643704815241486150e-01 8.856410423467457882e-01 0.000000000000000000e+00 -7.589649999999999785e+00 -8.856410423467457882e-01 -4.643704815241486150e-01 0.000000000000000000e+00 -1.250510000000000055e+01 0.000000000000000000e+00 0.000000000000000000e+00 1.000000000000000000e+00 0.000000000000000000e+00
-4.546361598446676533e-01 8.906772491546496306e-01 0.000000000000000000e+00 -7.697580000000000311e+00 -8.906772491546496306e-01 -4.546361598446676533e-01 0.000000000000000000e+00 -1.270979999999999954e+01 0.000000000000000000e+00 0.000000000000000000e+00 1.000000000000000000e+00 0.000000000000000000e+00
-4.437004867048093826e-01 8.961751380717473126e-01 0.000000000000000000e+00 -7.799949999999999939e+00 -8.961751380717473126e-01 -4.437004867048093826e-01 0.000000000000000000e+00 -1.291150000000000020e+01 0.000000000000000000e+00 0.000000000000000000e+00 1.000000000000000000e+00 0.000000000000000000e+00
-4.406778626773747987e-01 8.976653170007744542e-01 0.000000000000000000e+00 -7.901340000000000252e+00 -8.976653170007744542e-01 -4.406778626773747987e-01 0.000000000000000000e+00 -1.311250000000000071e+01 0.000000000000000000e+00 0.000000000000000000e+00 1.000000000000000000e+00 0.000000000000000000e+00
-4.451337983774333873e-01 8.954640704919871741e-01 0.000000000000000000e+00 -8.004339999999999122e+00 -8.954640704919871741e-01 -4.451337983774333873e-01 0.000000000000000000e+00 -1.331119999999999948e+01 0.000000000000000000e+00 0.000000000000000000e+00 1.000000000000000000e+00 0.000000000000000000e+00
-4.425530193619243713e-01 8.967423403930719905e-01 0.000000000000000000e+00 -8.104419999999999291e+00 -8.967423403930719905e-01 -4.425530193619243713e-01 0.000000000000000000e+00 -1.350680000000000014e+01 0.000000000000000000e+00 0.000000000000000000e+00 1.000000000000000000e+00 0.000000000000000000e+00
-4.402738686797250112e-01 8.978635311436745647e-01 0.000000000000000000e+00 -8.206429999999999225e+00 -8.978635311436745647e-01 -4.402738686797250112e-01 0.000000000000000000e+00 -1.371020000000000039e+01 0.000000000000000000e+00 0.000000000000000000e+00 1.000000000000000000e+00 0.000000000000000000e+00
-5.198571099366482429e-01 8.542532325067991872e-01 0.000000000000000000e+00 -8.320389999999999731e+00 -8.542532325067991872e-01 -5.198571099366482429e-01 0.000000000000000000e+00 -1.390419999999999945e+01 0.000000000000000000e+00 0.000000000000000000e+00 1.000000000000000000e+00 0.000000000000000000e+00
-5.445006637726541587e-01 8.387604110537997260e-01 0.000000000000000000e+00 -8.443049999999999500e+00 -8.387604110537997260e-01 -5.445006637726541587e-01 0.000000000000000000e+00 -1.408999999999999986e+01 0.000000000000000000e+00 0.000000000000000000e+00 1.000000000000000000e+00 0.000000000000000000e+00
-5.038444422986870785e-01 8.637944072316774413e-01 0.000000000000000000e+00 -8.558469999999999800e+00 -8.637944072316774413e-01 -5.038444422986870785e-01 0.000000000000000000e+00 -1.427999999999999936e+01 0.000000000000000000e+00 0.000000000000000000e+00 1.000000000000000000e+00 0.000000000000000000e+00
-5.029976819690173961e-01 8.642877599120534216e-01 0.000000000000000000e+00 -8.675200000000000244e+00 -8.642877599120534216e-01 -5.029976819690173961e-01 0.000000000000000000e+00 -1.447509999999999941e+01 0.000000000000000000e+00 0.000000000000000000e+00 1.000000000000000000e+00 0.000000000000000000e+00
-4.885993128976631739e-01 8.725082873164766717e-01 0.000000000000000000e+00 -8.787589999999999790e+00 -8.725082873164766717e-01 -4.885993128976631739e-01 0.000000000000000000e+00 -1.466670000000000051e+01 0.000000000000000000e+00 0.000000000000000000e+00 1.000000000000000000e+00 0.000000000000000000e+00
-4.739257484082122773e-01 8.805648102188252668e-01 0.000000000000000000e+00 -8.896169999999999689e+00 -8.805648102188252668e-01 -4.739257484082122773e-01 0.000000000000000000e+00 -1.486129999999999995e+01 0.000000000000000000e+00 0.000000000000000000e+00 1.000000000000000000e+00 0.000000000000000000e+00
-4.590749606421318796e-01 8.883975351786074226e-01 0.000000000000000000e+00 -9.001429999999999154e+00 -8.883975351786074226e-01 -4.590749606421318796e-01 0.000000000000000000e+00 -1.505680000000000085e+01 0.000000000000000000e+00 0.000000000000000000e+00 1.000000000000000000e+00 0.000000000000000000e+00
-4.660965975781403703e-01 8.847338366571503299e-01 0.000000000000000000e+00 -9.107929999999999637e+00 -8.847338366571503299e-01 -4.660965975781403703e-01 0.000000000000000000e+00 -1.525719999999999921e+01 0.000000000000000000e+00 0.000000000000000000e+00 1.000000000000000000e+00 0.000000000000000000e+00
-4.786387453589336927e-01 8.780119312635937812e-01 0.000000000000000000e+00 -9.217349999999999710e+00 -8.780119312635937812e-01 -4.786387453589336927e-01 0.000000000000000000e+00 -1.545420000000000016e+01 0.000000000000000000e+00 0.000000000000000000e+00 1.000000000000000000e+00 0.000000000000000000e+00
-4.545470898467200427e-01 8.907227083171719295e-01 0.000000000000000000e+00 -9.323740000000000805e+00 -8.907227083171719295e-01 -4.545470898467200427e-01 0.000000000000000000e+00 -1.565240000000000009e+01 0.000000000000000000e+00 0.000000000000000000e+00 1.000000000000000000e+00 0.000000000000000000e+00
-4.753780345545270403e-01 8.797816344201979666e-01 0.000000000000000000e+00 -9.432779999999999276e+00 -8.797816344201979666e-01 -4.753780345545270403e-01 0.000000000000000000e+00 -1.585110000000000063e+01 0.000000000000000000e+00 0.000000000000000000e+00 1.000000000000000000e+00 0.000000000000000000e+00
-4.918242417363973273e-01 8.706945016711761243e-01 0.000000000000000000e+00 -9.541900000000000048e+00 -8.706945016711761243e-01 -4.918242417363973273e-01 0.000000000000000000e+00 -1.604080000000000084e+01 0.000000000000000000e+00 0.000000000000000000e+00 1.000000000000000000e+00 0.000000000000000000e+00
-4.670960490214584593e-01 8.842065827557173963e-01 0.000000000000000000e+00 -9.649660000000000792e+00 -8.842065827557173963e-01 -4.670960490214584593e-01 0.000000000000000000e+00 -1.623479999999999990e+01 0.000000000000000000e+00 0.000000000000000000e+00 1.000000000000000000e+00 0.000000000000000000e+00
-4.699760753227577581e-01 8.826791538402940507e-01 0.000000000000000000e+00 -9.755900000000000460e+00 -8.826791538402940507e-01 -4.699760753227577581e-01 0.000000000000000000e+00 -1.643309999999999960e+01 0.000000000000000000e+00 0.000000000000000000e+00 1.000000000000000000e+00 0.000000000000000000e+00
