4.494113855662725254e-01 8.933249165468313269e-01 0.000000000000000000e+00 -2.313689999999999913e-01 -8.933249165468313269e-01 4.494113855662725254e-01 0.000000000000000000e+00 4.447729999999999739e-02 0.000000000000000000e+00 0.000000000000000000e+00 1.000000000000000000e+00 0.000000000000000000e+00
4.536852398934543285e-01 8.911619959933316792e-01 0.000000000000000000e+00 -2.313689999999999913e-01 -8.911619959933316792e-01 4.536852398934543285e-01 0.000000000000000000e+00 4.447729999999999739e-02 0.000000000000000000e+00 0.000000000000000000e+00 1.000000000000000000e+00 0.000000000000000000e+00
4.606490596216617495e-01 8.875823589220770415e-01 0.000000000000000000e+00 -2.313689999999999913e-01 -8.875823589220770415e-01 4.606490596216617495e-01 0.000000000000000000e+00 4.447740000000000027e-02 0.000000000000000000e+00 0.000000000000000000e+00 1.000000000000000000e+00 0.000000000000000000e+00
4.663112676954479507e-01 8.846207105987652364e-01 0.000000000000000000e+00 -2.313699999999999923e-01 -8.846207105987652364e-01 4.663112676954479507e-01 0.000000000000000000e+00 4.447750000000000314e-02 0.000000000000000000e+00 0.000000000000000000e+00 1.000000000000000000e+00 0.000000000000000000e+00
4.687687081844013615e-01 8.833209485952020490e-01 0.000000000000000000e+00 -2.313709999999999933e-01 -8.833209485952020490e-01 4.687687081844013615e-01 0.000000000000000000e+00 4.447750000000000314e-02 0.000000000000000000e+00 0.000000000000000000e+00 1.000000000000000000e+00 0.000000000000000000e+00
4.711696041338385710e-01 8.820426317023241092e-01 0.000000000000000000e+00 -2.313719999999999943e-01 -8.820426317023241092e-01 4.711696041338385710e-01 0.000000000000000000e+00 4.447750000000000314e-02 0.000000000000000000e+00 0.000000000000000000e+00 1.000000000000000000e+00 0.000000000000000000e+00
4.739280850643363130e-01 8.805635526111963429e-01 0.000000000000000000e+00 -2.313739999999999963e-01 -8.805635526111963429e-01 4.739280850643363130e-01 0.000000000000000000e+00 4.447740000000000027e-02 0.000000000000000000e+00 0.000000000000000000e+00 1.000000000000000000e+00 0.000000000000000000e+00
4.770774588262037819e-01 8.788612508695168302e-01 0.000000000000000000e+00 -2.313749999999999973e-01 -8.788612508695168302e-01 4.770774588262037819e-01 0.000000000000000000e+00 4.447720000000000146e-02 0.000000000000000000e+00 0.000000000000000000e+00 1.000000000000000000e+00 0.000000000000000000e+00
4.806153860017757795e-01 8.769314971754430532e-01 0.000000000000000000e+00 -2.313769999999999993e-01 -8.769314971754430532e-01 4.806153860017757795e-01 0.000000000000000000e+00 4.447700000000000264e-02 0.000000000000000000e+00 0.000000000000000000e+00 1.000000000000000000e+00 0.000000000000000000e+00
8.580432021218571403e-01 5.135775143953148492e-01 0.000000000000000000e+00 -1.871619999999999950e-01 -5.135775143953148492e-01 8.580432021218571403e-01 0.000000000000000000e+00 5.327470000000000122e-02 0.000000000000000000e+00 0.000000000000000000e+00 1.000000000000000000e+00 0.000000000000000000e+00
8.679359225463114669e-01 4.966761866182868301e-01 0.000000000000000000e+00 3.948280000000000192e-03 -4.966761866182868301e-01 8.679359225463114669e-01 0.000000000000000000e+00 -3.625169999999999781e-02 0.000000000000000000e+00 0.000000000000000000e+00 1.000000000000000000e+00 0.000000000000000000e+00
5.702961425225887560e-01 8.214391698865201041e-01 0.000000000000000000e+00 1.388870000000000104e-01 -8.214391698865201041e-01 5.702961425225887560e-01 0.000000000000000000e+00 -1.988060000000000105e-01 0.000000000000000000e+00 0.000000000000000000e+00 1.000000000000000000e+00 0.000000000000000000e+00
3.885397741650189474e-01 9.214319529361872929e-01 0.000000000000000000e+00 2.327869999999999939e-01 -9.214319529361872929e-01 3.885397741650189474e-01 0.000000000000000000e+00 -4.120389999999999886e-01 0.000000000000000000e+00 0.000000000000000000e+00 1.000000000000000000e+00 0.000000000000000000e+00
4.368791941725891359e-01 8.995201886000719904e-01 0.000000000000000000e+00 3.198630000000000084e-01 -8.995201886000719904e-01 4.368791941725891359e-01 0.000000000000000000e+00 -6.036519999999999664e-01 0.000000000000000000e+00 0.000000000000000000e+00 1.000000000000000000e+00 0.000000000000000000e+00
4.421876978821330795e-01 8.969225383731302959e-01 0.000000000000000000e+00 4.178910000000000124e-01 -8.969225383731302959e-01 4.421876978821330795e-01 0.000000000000000000e+00 -8.044120000000000159e-01 0.000000000000000000e+00 0.000000000000000000e+00 1.000000000000000000e+00 0.000000000000000000e+00
3.937488276369989770e-01 9.192180702828295358e-01 0.000000000000000000e+00 4.990519999999999956e-01 -9.192180702828295358e-01 3.937488276369989770e-01 0.000000000000000000e+00 -9.951919999999999655e-01 0.000000000000000000e+00 0.000000000000000000e+00 1.000000000000000000e+00 0.000000000000000000e+00
3.581132404187230556e-01 9.336781603083590397e-01 0.000000000000000000e+00 5.175030000000000463e-01 -9.336781603083590397e-01 3.581132404187230556e-01 0.000000000000000000e+00 -1.047309999999999963e+00 0.000000000000000000e+00 0.000000000000000000e+00 1.000000000000000000e+00 0.000000000000000000e+00
3.850447649150899321e-01 9.228978973924922835e-01 0.000000000000000000e+00 4.854729999999999879e-01 -9.228978973924922835e-01 3.850447649150899321e-01 0.000000000000000000e+00 -9.639299999999999535e-01 0.000000000000000000e+00 0.000000000000000000e+00 1.000000000000000000e+00 0.000000000000000000e+00
4.164129278788125665e-01 9.091756010229238294e-01 0.000000000000000000e+00 4.055449999999999888e-01 -9.091756010229238294e-01 4.164129278788125665e-01 0.000000000000000000e+00 -7.764189999999999703e-01 0.000000000000000000e+00 0.000000000000000000e+00 1.000000000000000000e+00 0.000000000000000000e+00
4.192747603589271344e-01 9.078593918256088191e-01 0.000000000000000000e+00 3.212889999999999913e-01 -9.078593918256088191e-01 4.192747603589271344e-01 0.000000000000000000e+00 -5.919699999999999962e-01 0.000000000000000000e+00 0.000000000000000000e+00 1.000000000000000000e+00 0.000000000000000000e+00
3.114763991597411796e-01 9.502538885826680159e-01 0.000000000000000000e+00 4.014750000000000263e-01 -9.502538885826680159e-01 3.114763991597411796e-01 0.000000000000000000e+00 -8.402220000000000244e-01 0.000000000000000000e+00 0.000000000000000000e+00 1.000000000000000000e+00 0.000000000000000000e+00
3.197885658613976445e-01 9.474889303544978825e-01 0.000000000000000000e+00 4.872839999999999949e-01 -9.474889303544978825e-01 3.197885658613976445e-01 0.000000000000000000e+00 -1.104240000000000110e+00 0.000000000000000000e+00 0.000000000000000000e+00 1.000000000000000000e+00 0.000000000000000000e+00
3.370919295242449376e-01 9.414717367237432910e-01 0.000000000000000000e+00 5.641369999999999996e-01 -9.414717367237432910e-01 3.370919295242449376e-01 0.000000000000000000e+00 -1.330789999999999917e+00 0.000000000000000000e+00 0.000000000000000000e+00 1.000000000000000000e+00 0.000000000000000000e+00
4.042478341207332293e-01 9.146494894814604093e-01 0.000000000000000000e+00 6.403510000000000035e-01 -9.146494894814604093e-01 4.042478341207332293e-01 0.000000000000000000e+00 -1.519560000000000022e+00 0.000000000000000000e+00 0.000000000000000000e+00 1.000000000000000000e+00 0.000000000000000000e+00
2.906789268752626443e-01 9.568206527195395328e-01 0.000000000000000000e+00 5.451610000000000067e-01 -9.568206527195395328e-01 2.906789268752626443e-01 0.000000000000000000e+00 -1.248720000000000052e+00 0.000000000000000000e+00 0.000000000000000000e+00 1.000000000000000000e+00 0.000000000000000000e+00
1.895524637121747402e-01 9.818705940706466961e-01 0.000000000000000000e+00 4.839939999999999798e-01 -9.818705940706466961e-01 1.895524637121747402e-01 0.000000000000000000e+00 -1.026750000000000052e+00 0.000000000000000000e+00 0.000000000000000000e+00 1.000000000000000000e+00 0.000000000000000000e+00
2.157563200459041708e-01 9.764472389024658749e-01 0.000000000000000000e+00 5.314799999999999525e-01 -9.764472389024658749e-01 2.157563200459041708e-01 0.000000000000000000e+00 -1.257169999999999899e+00 0.000000000000000000e+00 0.000000000000000000e+00 1.000000000000000000e+00 0.000000000000000000e+00
2.419900403425004343e-01 9.702787333416285076e-01 0.000000000000000000e+00 5.781180000000000208e-01 -9.702787333416285076e-01 2.419900403425004343e-01 0.000000000000000000e+00 -1.452520000000000033e+00 0.000000000000000000e+00 0.000000000000000000e+00 1.000000000000000000e+00 0.000000000000000000e+00
2.384080724630578407e-01 9.711650688654578367e-01 0.000000000000000000e+00 5.252430000000000154e-01 -9.711650688654578367e-01 2.384080724630578407e-01 0.000000000000000000e+00 -1.215470000000000050e+00 0.000000000000000000e+00 0.000000000000000000e+00 1.000000000000000000e+00 0.000000000000000000e+00
2.349978214666345600e-01 9.719958970622950556e-01 0.000000000000000000e+00 4.742520000000000069e-01 -9.719958970622950556e-01 2.349978214666345600e-01 0.000000000000000000e+00 -9.996059999999999945e-01 0.000000000000000000e+00 0.000000000000000000e+00 1.000000000000000000e+00 0.000000000000000000e+00
2.584296970558502826e-01 9.660300676892109584e-01 0.000000000000000000e+00 4.255300000000000193e-01 -9.660300676892109584e-01 2.584296970558502826e-01 0.000000000000000000e+00 -7.943519999999999470e-01 0.000000000000000000e+00 0.000000000000000000e+00 1.000000000000000000e+00 0.000000000000000000e+00
2.741024917633526625e-01 9.617004856030391124e-01 0.000000000000000000e+00 4.256039999999999823e-01 -9.617004856030391124e-01 2.741024917633526625e-01 0.000000000000000000e+00 -7.937359999999999971e-01 0.000000000000000000e+00 0.000000000000000000e+00 1.000000000000000000e+00 0.000000000000000000e+00
2.864756967095276607e-01 9.580875091528908705e-01 0.000000000000000000e+00 4.698200000000000154e-01 -9.580875091528908705e-01 2.864756967095276607e-01 0.000000000000000000e+00 -9.519410000000000371e-01 0.000000000000000000e+00 0.000000000000000000e+00 1.000000000000000000e+00 0.000000000000000000e+00
3.127779542748787556e-01 9.498262742836828254e-01 0.000000000000000000e+00 5.346450000000000369e-01 -9.498262742836828254e-01 3.127779542748787556e-01 0.000000000000000000e+00 -1.163200000000000012e+00 0.000000000000000000e+00 0.000000000000000000e+00 1.000000000000000000e+00 0.000000000000000000e+00
3.119039818581865742e-01 9.501136279945719965e-01 0.000000000000000000e+00 5.982720000000000260e-01 -9.501136279945719965e-01 3.119039818581865742e-01 0.000000000000000000e+00 -1.364330000000000043e+00 0.000000000000000000e+00 0.000000000000000000e+00 1.000000000000000000e+00 0.000000000000000000e+00
3.102598193530618498e-01 9.506517998168443340e-01 0.000000000000000000e+00 6.746900000000000119e-01 -9.506517998168443340e-01 3.102598193530618498e-01 0.000000000000000000e+00 -1.602260000000000018e+00 0.000000000000000000e+00 0.000000000000000000e+00 1.000000000000000000e+00 0.000000000000000000e+00
1.062951368112633188e-01 9.943346237008318100e-01 0.000000000000000000e+00 7.164409999999999945e-01 -9.943346237008318100e-01 1.062951368112633188e-01 0.000000000000000000e+00 -1.831339999999999968e+00 0.000000000000000000e+00 0.000000000000000000e+00 1.000000000000000000e+00 0.000000000000000000e+00
-1.027718940332002090e-01 9.947049501218080403e-01 0.000000000000000000e+00 6.890760000000000218e-01 -9.947049501218080403e-01 -1.027718940332002090e-01 0.000000000000000000e+00 -2.058349999999999902e+00 0.000000000000000000e+00 0.000000000000000000e+00 1.000000000000000000e+00 0.000000000000000000e+00
3.758747045442948492e-02 9.992933413491943417e-01 0.000000000000000000e+00 6.862679999999999891e-01 -9.992933413491943417e-01 3.758747045442948492e-02 0.000000000000000000e+00 -2.275840000000000085e+00 0.000000000000000000e+00 0.000000000000000000e+00 1.000000000000000000e+00 0.000000000000000000e+00
3.656735104279021931e-01 9.307431889470558772e-01 0.000000000000000000e+00 7.559090000000000531e-01 -9.307431889470558772e-01 3.656735104279021931e-01 0.000000000000000000e+00 -2.523690000000000211e+00 0.000000000000000000e+00 0.000000000000000000e+00 1.000000000000000000e+00 0.000000000000000000e+00
3.801202730765719795e-01 9.249370670462895294e-01 0.000000000000000000e+00 8.561010000000000009e-01 -9.249370670462895294e-01 3.801202730765719795e-01 0.000000000000000000e+00 -2.758090000000000153e+00 0.000000000000000000e+00 0.000000000000000000e+00 1.000000000000000000e+00 0.000000000000000000e+00
3.652080931436313405e-01 9.309259093517553429e-01 0.000000000000000000e+00 7.742710000000000425e-01 -9.309259093517553429e-01 3.652080931436313405e-01 0.000000000000000000e+00 -2.411210000000000075e+00 0.000000000000000000e+00 0.000000000000000000e+00 1.000000000000000000e+00 0.000000000000000000e+00
4.040648961390998495e-01 9.147303207547557991e-01 0.000000000000000000e+00 6.730070000000000219e-01 -9.147303207547557991e-01 4.040648961390998495e-01 0.000000000000000000e+00 -2.156890000000000196e+00 0.000000000000000000e+00 0.000000000000000000e+00 1.000000000000000000e+00 0.000000000000000000e+00
4.140840763812952963e-01 9.102386377689367647e-01 0.000000000000000000e+00 5.536320000000000130e-01 -9.102386377689367647e-01 4.140840763812952963e-01 0.000000000000000000e+00 -1.882339999999999902e+00 0.000000000000000000e+00 0.000000000000000000e+00 1.000000000000000000e+00 0.000000000000000000e+00
4.143298257171423860e-01 9.101268018914739910e-01 0.000000000000000000e+00 4.477490000000000081e-01 -9.101268018914739910e-01 4.143298257171423860e-01 0.000000000000000000e+00 -1.642800000000000038e+00 0.000000000000000000e+00 0.000000000000000000e+00 1.000000000000000000e+00 0.000000000000000000e+00
4.471587821889450032e-01 8.944545955560291306e-01 0.000000000000000000e+00 3.652480000000000171e-01 -8.944545955560291306e-01 4.471587821889450032e-01 0.000000000000000000e+00 -1.455610000000000070e+00 0.000000000000000000e+00 0.000000000000000000e+00 1.000000000000000000e+00 0.000000000000000000e+00
2.755543464542788978e-01 9.612854946113330579e-01 0.000000000000000000e+00 4.195880000000000165e-01 -9.612854946113330579e-01 2.755543464542788978e-01 0.000000000000000000e+00 -1.688900000000000068e+00 0.000000000000000000e+00 0.000000000000000000e+00 1.000000000000000000e+00 0.000000000000000000e+00
1.485544346983739827e-01 9.889042319312050244e-01 0.000000000000000000e+00 4.547479999999999856e-01 -9.889042319312050244e-01 1.485544346983739827e-01 0.000000000000000000e+00 -1.905810000000000004e+00 0.000000000000000000e+00 0.000000000000000000e+00 1.000000000000000000e+00 0.000000000000000000e+00
1.264469228052247929e-01 9.919733744980706591e-01 0.000000000000000000e+00 4.781980000000000119e-01 -9.919733744980706591e-01 1.264469228052247929e-01 0.000000000000000000e+00 -2.123899999999999899e+00 0.000000000000000000e+00 0.000000000000000000e+00 1.000000000000000000e+00 0.000000000000000000e+00
1.911516252370131647e-02 9.998172885891164485e-01 0.000000000000000000e+00 4.879299999999999748e-01 -9.998172885891164485e-01 1.911516252370131647e-02 0.000000000000000000e+00 -2.354410000000000114e+00 0.000000000000000000e+00 0.000000000000000000e+00 1.000000000000000000e+00 0.000000000000000000e+00
-1.183158759816492350e-01 9.929760085171720485e-01 0.000000000000000000e+00 4.628599999999999937e-01 -9.929760085171720485e-01 -1.183158759816492350e-01 0.000000000000000000e+00 -2.576299999999999812e+00 0.000000000000000000e+00 0.000000000000000000e+00 1.000000000000000000e+00 0.000000000000000000e+00
-4.046262399986783748e-02 9.991810526921761637e-01 0.000000000000000000e+00 4.442349999999999910e-01 -9.991810526921761637e-01 -4.046262399986783748e-02 0.000000000000000000e+00 -2.798290000000000166e+00 0.000000000000000000e+00 0.000000000000000000e+00 1.000000000000000000e+00 0.000000000000000000e+00
1.536572207561345479e-02 9.998819403235038594e-01 0.000000000000000000e+00 4.433059999999999778e-01 -9.998819403235038594e-01 1.536572207561345479e-02 0.000000000000000000e+00 -3.017830000000000013e+00 0.000000000000000000e+00 0.000000000000000000e+00 1.000000000000000000e+00 0.000000000000000000e+00
3.840687826559906204e-02 9.992621836644732802e-01 0.000000000000000000e+00 4.483920000000000128e-01 -9.992621836644732802e-01 3.840687826559906204e-02 0.000000000000000000e+00 -3.237229999999999830e+00 0.000000000000000000e+00 0.000000000000000000e+00 1.000000000000000000e+00 0.000000000000000000e+00
4.818765825254354290e-02 9.988383000226493946e-01 0.000000000000000000e+00 4.538349999999999884e-01 -9.988383000226493946e-01 4.818765825254354290e-02 0.000000000000000000e+00 -3.459049999999999958e+00 0.000000000000000000e+00 0.000000000000000000e+00 1.000000000000000000e+00 0.000000000000000000e+00
5.514833433942187974e-02 9.984781726305224092e-01 0.000000000000000000e+00 4.624780000000000002e-01 -9.984781726305224092e-01 5.514833433942187974e-02 0.000000000000000000e+00 -3.680400000000000116e+00 0.000000000000000000e+00 0.000000000000000000e+00 1.000000000000000000e+00 0.000000000000000000e+00
7.122596569957906354e-02 9.974602056273534911e-01 0.000000000000000000e+00 4.751969999999999805e-01 -9.974602056273534911e-01 7.122596569957906354e-02 0.000000000000000000e+00 -3.898379999999999956e+00 0.000000000000000000e+00 0.000000000000000000e+00 1.000000000000000000e+00 0.000000000000000000e+00
8.701613934655653970e-02 9.962069019502026723e-01 0.000000000000000000e+00 4.928589999999999915e-01 -9.962069019502026723e-01 8.701613934655653970e-02 0.000000000000000000e+00 -4.125910000000000188e+00 0.000000000000000000e+00 0.000000000000000000e+00 1.000000000000000000e+00 0.000000000000000000e+00
3.604851474581841769e-02 9.993500410690042690e-01 0.000000000000000000e+00 5.026500000000000412e-01 -9.993500410690042690e-01 3.604851474581841769e-02 0.000000000000000000e+00 -4.351449999999999818e+00 0.000000000000000000e+00 0.000000000000000000e+00 1.000000000000000000e+00 0.000000000000000000e+00
-1.570302777808498668e-02 9.998766998578377807e-01 0.000000000000000000e+00 4.979549999999999810e-01 -9.998766998578377807e-01 -1.570302777808498668e-02 0.000000000000000000e+00 -4.573620000000000019e+00 0.000000000000000000e+00 0.000000000000000000e+00 1.000000000000000000e+00 0.000000000000000000e+00
-5.393647053278036174e-03 9.999854541799418906e-01 0.000000000000000000e+00 4.937679999999999847e-01 -9.999854541799418906e-01 -5.393647053278036174e-03 0.000000000000000000e+00 -4.794120000000000381e+00 0.000000000000000000e+00 0.000000000000000000e+00 1.000000000000000000e+00 0.000000000000000000e+00
2.094479513321673494e-02 9.997806337176308178e-01 0.000000000000000000e+00 4.932719999999999883e-01 -9.997806337176308178e-01 2.094479513321673494e-02 0.000000000000000000e+00 -5.012529999999999930e+00 0.000000000000000000e+00 0.000000000000000000e+00 1.000000000000000000e+00 0.000000000000000000e+00
3.660814508715968391e-02 9.993296972037193360e-01 0.000000000000000000e+00 4.969439999999999968e-01 -9.993296972037193360e-01 3.660814508715968391e-02 0.000000000000000000e+00 -5.235520000000000174e+00 0.000000000000000000e+00 0.000000000000000000e+00 1.000000000000000000e+00 0.000000000000000000e+00
4.119466665969493541e-02 9.991511394372708521e-01 0.000000000000000000e+00 5.028890000000000304e-01 -9.991511394372708521e-01 4.119466665969493541e-02 0.000000000000000000e+00 -5.461960000000000370e+00 0.000000000000000000e+00 0.000000000000000000e+00 1.000000000000000000e+00 0.000000000000000000e+00
-6.315162157528585174e-02 9.980039442268812122e-01 0.000000000000000000e+00 4.923850000000000171e-01 -9.980039442268812122e-01 -6.315162157528585174e-02 0.000000000000000000e+00 -5.694270000000000387e+00 0.000000000000000000e+00 0.000000000000000000e+00 1.000000000000000000e+00 0.000000000000000000e+00
-1.435757620141715485e-01 9.896393285243114679e-01 0.000000000000000000e+00 4.616370000000000196e-01 -9.896393285243114679e-01 -1.435757620141715485e-01 0.000000000000000000e+00 -5.900859999999999772e+00 0.000000000000000000e+00 0.000000000000000000e+00 1.000000000000000000e+00 0.000000000000000000e+00
-1.127533842095660710e-01 9.936230041365236021e-01 0.000000000000000000e+00 4.316570000000000129e-01 -9.936230041365236021e-01 -1.127533842095660710e-01 0.000000000000000000e+00 -6.124609999999999665e+00 0.000000000000000000e+00 0.000000000000000000e+00 1.000000000000000000e+00 0.000000000000000000e+00
-9.715020060261728152e-02 9.952697315415912627e-01 0.000000000000000000e+00 4.055690000000000128e-01 -9.952697315415912627e-01 -9.715020060261728152e-02 0.000000000000000000e+00 -6.346199999999999619e+00 0.000000000000000000e+00 0.000000000000000000e+00 1.000000000000000000e+00 0.000000000000000000e+00
-8.145333422745677787e-02 9.966771565272428690e-01 0.000000000000000000e+00 3.834549999999999903e-01 -9.966771565272428690e-01 -8.145333422745677787e-02 0.000000000000000000e+00 -6.563170000000000393e+00 0.000000000000000000e+00 0.000000000000000000e+00 1.000000000000000000e+00 0.000000000000000000e+00
-6.571628033354015574e-02 9.978383488817833546e-01 0.000000000000000000e+00 3.651070000000000149e-01 -9.978383488817833546e-01 -6.571628033354015574e-02 0.000000000000000000e+00 -6.785560000000000258e+00 0.000000000000000000e+00 0.000000000000000000e+00 1.000000000000000000e+00 0.000000000000000000e+00
-5.234973297678421900e-02 9.986288126512570251e-01 0.000000000000000000e+00 3.497569999999999846e-01 -9.986288126512570251e-01 -5.234973297678421900e-02 0.000000000000000000e+00 -7.007789999999999964e+00 0.000000000000000000e+00 0.000000000000000000e+00 1.000000000000000000e+00 0.000000000000000000e+00
-4.739591043317008257e-02 9.988761823540548423e-01 0.000000000000000000e+00 3.374159999999999937e-01 -9.988761823540548423e-01 -4.739591043317008257e-02 0.000000000000000000e+00 -7.233069999999999666e+00 0.000000000000000000e+00 0.000000000000000000e+00 1.000000000000000000e+00 0.000000000000000000e+00
-1.827265620953497788e-02 9.998330410798835777e-01 0.000000000000000000e+00 3.301560000000000050e-01 -9.998330410798835777e-01 -1.827265620953497788e-02 0.000000000000000000e+00 -7.449559999999999960e+00 0.000000000000000000e+00 0.000000000000000000e+00 1.000000000000000000e+00 0.000000000000000000e+00
-2.343671059547657465e-03 9.999972535992109890e-01 0.000000000000000000e+00 3.255390000000000228e-01 -9.999972535992109890e-01 -2.343671059547657465e-03 0.000000000000000000e+00 -7.672240000000000393e+00 0.000000000000000000e+00 0.000000000000000000e+00 1.000000000000000000e+00 0.000000000000000000e+00
-1.873672108801379852e-03 9.999982446748737486e-01 0.000000000000000000e+00 3.225500000000000034e-01 -9.999982446748737486e-01 -1.873672108801379852e-03 0.000000000000000000e+00 -7.892970000000000041e+00 0.000000000000000000e+00 0.000000000000000000e+00 1.000000000000000000e+00 0.000000000000000000e+00
-1.691286679428908452e-02 9.998569672392140228e-01 0.000000000000000000e+00 3.170620000000000105e-01 -9.998569672392140228e-01 -1.691286679428908452e-02 0.000000000000000000e+00 -8.116360000000000241e+00 0.000000000000000000e+00 0.000000000000000000e+00 1.000000000000000000e+00 0.000000000000000000e+00
-1.644293216896193857e-02 9.998648058521146798e-01 0.000000000000000000e+00 3.120379999999999820e-01 -9.998648058521146798e-01 -1.644293216896193857e-02 0.000000000000000000e+00 -8.341509999999999536e+00 0.000000000000000000e+00 0.000000000000000000e+00 1.000000000000000000e+00 0.000000000000000000e+00
-4.604738480707695064e-02 9.989392565879213759e-01 0.000000000000000000e+00 3.011199999999999988e-01 -9.989392565879213759e-01 -4.604738480707695064e-02 0.000000000000000000e+00 -8.572039999999999438e+00 0.000000000000000000e+00 0.000000000000000000e+00 1.000000000000000000e+00 0.000000000000000000e+00
-6.194399086730303233e-02 9.980796270816429949e-01 0.000000000000000000e+00 2.842620000000000147e-01 -9.980796270816429949e-01 -6.194399086730303233e-02 0.000000000000000000e+00 -8.794750000000000512e+00 0.000000000000000000e+00 0.000000000000000000e+00 1.000000000000000000e+00 0.000000000000000000e+00
-6.139503773105583345e-02 9.981135453153625603e-01 0.000000000000000000e+00 2.666649999999999854e-01 -9.981135453153625603e-01 -6.139503773105583345e-02 0.000000000000000000e+00 -9.014670000000000627e+00 0.000000000000000000e+00 0.000000000000000000e+00 1.000000000000000000e+00 0.000000000000000000e+00
-6.123533877863011204e-02 9.981233557455042593e-01 0.000000000000000000e+00 2.510669999999999846e-01 -9.981233557455042593e-01 -6.123533877863011204e-02 0.000000000000000000e+00 -9.234700000000000131e+00 0.000000000000000000e+00 0.000000000000000000e+00 1.000000000000000000e+00 0.000000000000000000e+00
-1.073961442919411091e-01 9.942163085522307542e-01 0.000000000000000000e+00 2.260220000000000007e-01 -9.942163085522307542e-01 -1.073961442919411091e-01 0.000000000000000000e+00 -9.461439999999999628e+00 0.000000000000000000e+00 0.000000000000000000e+00 1.000000000000000000e+00 0.000000000000000000e+00
-1.216714526565970123e-01 9.925704295456486692e-01 0.000000000000000000e+00 1.965530000000000055e-01 -9.925704295456486692e-01 -1.216714526565970123e-01 0.000000000000000000e+00 -9.677459999999999951e+00 0.000000000000000000e+00 0.000000000000000000e+00 1.000000000000000000e+00 0.000000000000000000e+00
-7.598037662189789654e-02 9.971093131489618955e-01 0.000000000000000000e+00 1.747060000000000002e-01 -9.971093131489618955e-01 -7.598037662189789654e-02 0.000000000000000000e+00 -9.894750000000000156e+00 0.000000000000000000e+00 0.000000000000000000e+00 1.000000000000000000e+00 0.000000000000000000e+00
-7.374666300877695535e-02 9.972770075034668169e-01 0.000000000000000000e+00 1.534760000000000013e-01 -9.972770075034668169e-01 -7.374666300877695535e-02 0.000000000000000000e+00 -1.011940000000000062e+01 0.000000000000000000e+00 0.000000000000000000e+00 1.000000000000000000e+00 0.000000000000000000e+00
-5.900937328156485168e-02 9.982574286550123244e-01 0.000000000000000000e+00 1.377039999999999931e-01 -9.982574286550123244e-01 -5.900937328156485168e-02 0.000000000000000000e+00 -1.034179999999999922e+01 0.000000000000000000e+00 0.000000000000000000e+00 1.000000000000000000e+00 0.000000000000000000e+00
-4.323019674367068604e-02 9.990651380613295718e-01 0.000000000000000000e+00 1.239709999999999979e-01 -9.990651380613295718e-01 -4.323019674367068604e-02 0.000000000000000000e+00 -1.056439999999999912e+01 0.000000000000000000e+00 0.000000000000000000e+00 1.000000000000000000e+00 0.000000000000000000e+00
-2.753019444285776871e-02 9.996209723659955637e-01 0.000000000000000000e+00 1.137679999999999941e-01 -9.996209723659955637e-01 -2.753019444285776871e-02 0.000000000000000000e+00 -1.078669999999999973e+01 0.000000000000000000e+00 0.000000000000000000e+00 1.000000000000000000e+00 0.000000000000000000e+00
-2.544092800429141599e-02 9.996763272091024888e-01 0.000000000000000000e+00 1.061860000000000026e-01 -9.996763272091024888e-01 -2.544092800429141599e-02 0.000000000000000000e+00 -1.100300000000000011e+01 0.000000000000000000e+00 0.000000000000000000e+00 1.000000000000000000e+00 0.000000000000000000e+00
-9.683521860448383173e-03 9.999531136030219702e-01 0.000000000000000000e+00 1.019110000000000016e-01 -9.999531136030219702e-01 -9.683521860448383173e-03 0.000000000000000000e+00 -1.122610000000000063e+01 0.000000000000000000e+00 0.000000000000000000e+00 1.000000000000000000e+00 0.000000000000000000e+00
-9.364625651793528904e-02 9.956055336528504274e-01 0.000000000000000000e+00 8.533970000000000444e-02 -9.956055336528504274e-01 -9.364625651793528904e-02 0.000000000000000000e+00 -1.145819999999999972e+01 0.000000000000000000e+00 0.000000000000000000e+00 1.000000000000000000e+00 0.000000000000000000e+00
-1.984671125719539575e-01 9.801075477861351803e-01 0.000000000000000000e+00 3.973430000000000017e-02 -9.801075477861351803e-01 -1.984671125719539575e-01 0.000000000000000000e+00 -1.167220000000000013e+01 0.000000000000000000e+00 0.000000000000000000e+00 1.000000000000000000e+00 0.000000000000000000e+00
-1.959279711930013435e-01 9.806182897051198832e-01 0.000000000000000000e+00 -6.415679999999999994e-03 -9.806182897051198832e-01 -1.959279711930013435e-01 0.000000000000000000e+00 -1.188230000000000075e+01 0.000000000000000000e+00 0.000000000000000000e+00 1.000000000000000000e+00 0.000000000000000000e+00
-1.808923297515991624e-01 9.835029054542944182e-01 0.000000000000000000e+00 -5.039860000000000173e-02 -9.835029054542944182e-01 -1.808923297515991624e-01 0.000000000000000000e+00 -1.210590000000000011e+01 0.000000000000000000e+00 0.000000000000000000e+00 1.000000000000000000e+00 0.000000000000000000e+00
-1.656367777371893502e-01 9.861868270570445238e-01 0.000000000000000000e+00 -9.045190000000000174e-02 -9.861868270570445238e-01 -1.656367777371893502e-01 0.000000000000000000e+00 -1.232530000000000037e+01 0.000000000000000000e+00 0.000000000000000000e+00 1.000000000000000000e+00 0.000000000000000000e+00
-1.506874963416072188e-01 9.885814475531584655e-01 0.000000000000000000e+00 -1.255479999999999929e-01 -9.885814475531584655e-01 -1.506874963416072188e-01 0.000000000000000000e+00 -1.254039999999999999e+01 0.000000000000000000e+00 0.000000000000000000e+00 1.000000000000000000e+00 0.000000000000000000e+00
-1.357234900404248601e-01 9.907467558620853820e-01 0.000000000000000000e+00 -1.585499999999999965e-01 -9.907467558620853820e-01 -1.357234900404248601e-01 0.000000000000000000e+00 -1.275609999999999999e+01 0.000000000000000000e+00 0.000000000000000000e+00 1.000000000000000000e+00 0.000000000000000000e+00
-1.207681633123108417e-01 9.926807395785268717e-01 0.000000000000000000e+00 -1.889190000000000036e-01 -9.926807395785268717e-01 -1.207681633123108417e-01 0.000000000000000000e+00 -1.297700000000000031e+01 0.000000000000000000e+00 0.000000000000000000e+00 1.000000000000000000e+00 0.000000000000000000e+00
-1.058947557995825878e-01 9.943773432123977907e-01 0.000000000000000000e+00 -2.165690000000000115e-01 -9.943773432123977907e-01 -1.058947557995825878e-01 0.000000000000000000e+00 -1.320330000000000048e+01 0.000000000000000000e+00 0.000000000000000000e+00 1.000000000000000000e+00 0.000000000000000000e+00
-9.097770057954997214e-02 9.958529299034359905e-01 0.000000000000000000e+00 -2.393149999999999999e-01 -9.958529299034359905e-01 -9.097770057954997214e-02 0.000000000000000000e+00 -1.342379999999999995e+01 0.000000000000000000e+00 0.000000000000000000e+00 1.000000000000000000e+00 0.000000000000000000e+00
-7.617979696359065966e-02 9.970940971315526147e-01 0.000000000000000000e+00 -2.590180000000000260e-01 -9.970940971315526147e-01 -7.617979696359065966e-02 0.000000000000000000e+00 -1.364240000000000030e+01 0.000000000000000000e+00 0.000000000000000000e+00 1.000000000000000000e+00 0.000000000000000000e+00
-4.594749065134773325e-02 9.989438563316981323e-01 0.000000000000000000e+00 -2.738749999999999796e-01 -9.989438563316981323e-01 -4.594749065134773325e-02 0.000000000000000000e+00 -1.385740000000000016e+01 0.000000000000000000e+00 0.000000000000000000e+00 1.000000000000000000e+00 0.000000000000000000e+00
-5.744203703634762764e-02 9.983488430308891104e-01 0.000000000000000000e+00 -2.893979999999999886e-01 -9.983488430308891104e-01 -5.744203703634762764e-02 0.000000000000000000e+00 -1.408440000000000047e+01 0.000000000000000000e+00 0.000000000000000000e+00 1.000000000000000000e+00 0.000000000000000000e+00
-4.768558252899459532e-02 9.988623955374786867e-01 0.000000000000000000e+00 -3.012159999999999838e-01 -9.988623955374786867e-01 -4.768558252899459532e-02 0.000000000000000000e+00 -1.430310000000000059e+01 0.000000000000000000e+00 0.000000000000000000e+00 1.000000000000000000e+00 0.000000000000000000e+00
-5.945858313459968791e-02 9.982307733643688286e-01 0.000000000000000000e+00 -3.159060000000000201e-01 -9.982307733643688286e-01 -5.945858313459968791e-02 0.000000000000000000e+00 -1.452999999999999936e+01 0.000000000000000000e+00 0.000000000000000000e+00 1.000000000000000000e+00 0.000000000000000000e+00
-1.271584787495140811e-01 9.918824130319628951e-01 0.000000000000000000e+00 -3.435230000000000228e-01 -9.918824130319628951e-01 -1.271584787495140811e-01 0.000000000000000000e+00 -1.475300000000000011e+01 0.000000000000000000e+00 0.000000000000000000e+00 1.000000000000000000e+00 0.000000000000000000e+00
-2.046573874251060854e-01 9.788336701259974237e-01 0.000000000000000000e+00 -3.897320000000000229e-01 -9.788336701259974237e-01 -2.046573874251060854e-01 0.000000000000000000e+00 -1.496819999999999951e+01 0.000000000000000000e+00 0.000000000000000000e+00 1.000000000000000000e+00 0.000000000000000000e+00
-2.001917935797185855e-01 9.797567278581634787e-01 0.000000000000000000e+00 -4.389330000000000176e-01 -9.797567278581634787e-01 -2.001917935797185855e-01 0.000000000000000000e+00 -1.518720000000000070e+01 0.000000000000000000e+00 0.000000000000000000e+00 1.000000000000000000e+00 0.000000000000000000e+00
-1.773800791111345421e-01 9.841424223833294960e-01 0.000000000000000000e+00 -4.832049999999999956e-01 -9.841424223833294960e-01 -1.773800791111345421e-01 0.000000000000000000e+00 -1.540440000000000076e+01 0.000000000000000000e+00 0.000000000000000000e+00 1.000000000000000000e+00 0.000000000000000000e+00
-1.792004380124331830e-01 9.838125853109178642e-01 0.000000000000000000e+00 -5.252860000000000307e-01 -9.838125853109178642e-01 -1.792004380124331830e-01 0.000000000000000000e+00 -1.562100000000000044e+01 0.000000000000000000e+00 0.000000000000000000e+00 1.000000000000000000e+00 0.000000000000000000e+00
-1.572779337567430102e-01 9.875543790360151730e-01 0.000000000000000000e+00 -5.609070000000000444e-01 -9.875543790360151730e-01 -1.572779337567430102e-01 0.000000000000000000e+00 -1.583469999999999978e+01 0.000000000000000000e+00 0.000000000000000000e+00 1.000000000000000000e+00 0.000000000000000000e+00
-1.527434183027507331e-01 9.882658792881553467e-01 0.000000000000000000e+00 -5.983880000000000310e-01 -9.882658792881553467e-01 -1.527434183027507331e-01 0.000000000000000000e+00 -1.606109999999999971e+01 0.000000000000000000e+00 0.000000000000000000e+00 1.000000000000000000e+00 0.000000000000000000e+00
-1.467517590942897521e-01 9.891733524528102395e-01 0.000000000000000000e+00 -6.329510000000000414e-01 -9.891733524528102395e-01 -1.467517590942897521e-01 0.000000000000000000e+00 -1.628269999999999840e+01 0.000000000000000000e+00 0.000000000000000000e+00 1.000000000000000000e+00 0.000000000000000000e+00
-1.493428866316152404e-01 9.887854682450265553e-01 0.000000000000000000e+00 -6.681850000000000289e-01 -9.887854682450265553e-01 -1.493428866316152404e-01 0.000000000000000000e+00 -1.650309999999999988e+01 0.000000000000000000e+00 0.000000000000000000e+00 1.000000000000000000e+00 0.000000000000000000e+00
-1.599832389799633325e-01 9.871197309574355483e-01 0.000000000000000000e+00 -7.069509999999999961e-01 -9.871197309574355483e-01 -1.599832389799633325e-01 0.000000000000000000e+00 -1.672159999999999869e+01 0.000000000000000000e+00 0.000000000000000000e+00 1.000000000000000000e+00 0.000000000000000000e+00
-1.626774763289160208e-01 9.866792988074974957e-01 0.000000000000000000e+00 -7.451269999999999838e-01 -9.866792988074974957e-01 -1.626774763289160208e-01 0.000000000000000000e+00 -1.693599999999999994e+01 0.000000000000000000e+00 0.000000000000000000e+00 1.000000000000000000e+00 0.000000000000000000e+00
-1.655184341256416003e-01 9.862066963697800892e-01 0.000000000000000000e+00 -7.840909999999999824e-01 -9.862066963697800892e-01 -1.655184341256416003e-01 0.000000000000000000e+00 -1.715820000000000078e+01 0.000000000000000000e+00 0.000000000000000000e+00 1.000000000000000000e+00 0.000000000000000000e+00
-2.592674824551511881e-01 9.658055562800246241e-01 0.000000000000000000e+00 -8.383810000000000429e-01 -9.658055562800246241e-01 -2.592674824551511881e-01 0.000000000000000000e+00 -1.737460000000000093e+01 0.000000000000000000e+00 0.000000000000000000e+00 1.000000000000000000e+00 0.000000000000000000e+00
-2.920252166787983827e-01 9.564106193595409700e-01 0.000000000000000000e+00 -9.044569999999999554e-01 -9.564106193595409700e-01 -2.920252166787983827e-01 0.000000000000000000e+00 -1.758530000000000015e+01 0.000000000000000000e+00 0.000000000000000000e+00 1.000000000000000000e+00 0.000000000000000000e+00
-2.506422967148592695e-01 9.680797689743859680e-01 0.000000000000000000e+00 -9.634570000000000078e-01 -9.680797689743859680e-01 -2.506422967148592695e-01 0.000000000000000000e+00 -1.779769999999999897e+01 0.000000000000000000e+00 0.000000000000000000e+00 1.000000000000000000e+00 0.000000000000000000e+00
-2.540677214665331141e-01 9.671864313092921606e-01 0.000000000000000000e+00 -1.023339999999999916e+00 -9.671864313092921606e-01 -2.540677214665331141e-01 0.000000000000000000e+00 -1.801510000000000034e+01 0.000000000000000000e+00 0.000000000000000000e+00 1.000000000000000000e+00 0.000000000000000000e+00
-2.421912189514346669e-01 9.702285367184466658e-01 0.000000000000000000e+00 -1.080950000000000077e+00 -9.702285367184466658e-01 -2.421912189514346669e-01 0.000000000000000000e+00 -1.822769999999999868e+01 0.000000000000000000e+00 0.000000000000000000e+00 1.000000000000000000e+00 0.000000000000000000e+00
-2.299085096659826966e-01 9.732122467289274770e-01 0.000000000000000000e+00 -1.135029999999999983e+00 -9.732122467289274770e-01 -2.299085096659826966e-01 0.000000000000000000e+00 -1.844190000000000040e+01 0.000000000000000000e+00 0.000000000000000000e+00 1.000000000000000000e+00 0.000000000000000000e+00
-2.173548125020669797e-01 9.760926623442014449e-01 0.000000000000000000e+00 -1.186539999999999928e+00 -9.760926623442014449e-01 -2.173548125020669797e-01 0.000000000000000000e+00 -1.865589999999999904e+01 0.000000000000000000e+00 0.000000000000000000e+00 1.000000000000000000e+00 0.000000000000000000e+00
-2.286918150583726050e-01 9.734988719692011516e-01 0.000000000000000000e+00 -1.238830000000000098e+00 -9.734988719692011516e-01 -2.286918150583726050e-01 0.000000000000000000e+00 -1.887480000000000047e+01 0.000000000000000000e+00 0.000000000000000000e+00 1.000000000000000000e+00 0.000000000000000000e+00
-2.459151017509901838e-01 9.692913714311089945e-01 0.000000000000000000e+00 -1.295619999999999994e+00 -9.692913714311089945e-01 -2.459151017509901838e-01 0.000000000000000000e+00 -1.909090000000000131e+01 0.000000000000000000e+00 0.000000000000000000e+00 1.000000000000000000e+00 0.000000000000000000e+00
-2.226517652781571099e-01 9.748980415502538355e-01 0.000000000000000000e+00 -1.349939999999999918e+00 -9.748980415502538355e-01 -2.226517652781571099e-01 0.000000000000000000e+00 -1.930720000000000169e+01 0.000000000000000000e+00 0.000000000000000000e+00 1.000000000000000000e+00 0.000000000000000000e+00
-2.485216026629831210e-01 9.686263536626609216e-01 0.000000000000000000e+00 -1.407410000000000050e+00 -9.686263536626609216e-01 -2.485216026629831210e-01 0.000000000000000000e+00 -1.952449999999999974e+01 0.000000000000000000e+00 0.000000000000000000e+00 1.000000000000000000e+00 0.000000000000000000e+00
-2.694710040108598825e-01 9.630085035955701089e-01 0.000000000000000000e+00 -1.467799999999999994e+00 -9.630085035955701089e-01 -2.694710040108598825e-01 0.000000000000000000e+00 -1.973290000000000077e+01 0.000000000000000000e+00 0.000000000000000000e+00 1.000000000000000000e+00 0.000000000000000000e+00
-2.448293414040157157e-01 9.695661883480033438e-01 0.000000000000000000e+00 -1.526469999999999994e+00 -9.695661883480033438e-01 -2.448293414040157157e-01 0.000000000000000000e+00 -1.994490000000000052e+01 0.000000000000000000e+00 0.000000000000000000e+00 1.000000000000000000e+00 0.000000000000000000e+00
-2.504002689425648964e-01 9.681423992954193425e-01 0.000000000000000000e+00 -1.583210000000000006e+00 -9.681423992954193425e-01 -2.504002689425648964e-01 0.000000000000000000e+00 -2.016059999999999874e+01 0.000000000000000000e+00 0.000000000000000000e+00 1.000000000000000000e+00 0.000000000000000000e+00
