4.494113855662725254e-01 8.933249165468313269e-01 0.000000000000000000e+00 -2.313689999999999913e-01 -8.933249165468313269e-01 4.494113855662725254e-01 0.000000000000000000e+00 4.447729999999999739e-02 0.000000000000000000e+00 0.000000000000000000e+00 1.000000000000000000e+00 0.000000000000000000e+00
4.536852398934543285e-01 8.911619959933316792e-01 0.000000000000000000e+00 -2.313689999999999913e-01 -8.911619959933316792e-01 4.536852398934543285e-01 0.000000000000000000e+00 4.447729999999999739e-02 0.000000000000000000e+00 0.000000000000000000e+00 1.000000000000000000e+00 0.000000000000000000e+00
4.606490596216617495e-01 8.875823589220770415e-01 0.000000000000000000e+00 -2.313689999999999913e-01 -8.875823589220770415e-01 4.606490596216617495e-01 0.000000000000000000e+00 4.447740000000000027e-02 0.000000000000000000e+00 0.000000000000000000e+00 1.000000000000000000e+00 0.000000000000000000e+00
4.663112676954479507e-01 8.846207105987652364e-01 0.000000000000000000e+00 -2.313699999999999923e-01 -8.846207105987652364e-01 4.663112676954479507e-01 0.000000000000000000e+00 4.447750000000000314e-02 0.000000000000000000e+00 0.000000000000000000e+00 1.000000000000000000e+00 0.000000000000000000e+00
4.687687081844013615e-01 8.833209485952020490e-01 0.000000000000000000e+00 -2.313709999999999933e-01 -8.833209485952020490e-01 4.687687081844013615e-01 0.000000000000000000e+00 4.447750000000000314e-02 0.000000000000000000e+00 0.000000000000000000e+00 1.000000000000000000e+00 0.000000000000000000e+00
4.711696041338385710e-01 8.820426317023241092e-01 0.000000000000000000e+00 -2.313719999999999943e-01 -8.820426317023241092e-01 4.711696041338385710e-01 0.000000000000000000e+00 4.447750000000000314e-02 0.000000000000000000e+00 0.000000000000000000e+00 1.000000000000000000e+00 0.000000000000000000e+00
4.739280850643363130e-01 8.805635526111963429e-01 0.000000000000000000e+00 -2.313739999999999963e-01 -8.805635526111963429e-01 4.739280850643363130e-01 0.000000000000000000e+00 4.447740000000000027e-02 0.000000000000000000e+00 0.000000000000000000e+00 1.000000000000000000e+00 0.000000000000000000e+00
4.770774588262037819e-01 8.788612508695168302e-01 0.000000000000000000e+00 -2.313749999999999973e-01 -8.788612508695168302e-01 4.770774588262037819e-01 0.000000000000000000e+00 4.447720000000000146e-02 0.000000000000000000e+00 0.000000000000000000e+00 1.000000000000000000e+00 0.000000000000000000e+00
4.806153860017757795e-01 8.769314971754430532e-01 0.000000000000000000e+00 -2.313769999999999993e-01 -8.769314971754430532e-01 4.806153860017757795e-01 0.000000000000000000e+00 4.447700000000000264e-02 0.000000000000000000e+00 0.000000000000000000e+00 1.000000000000000000e+00 0.000000000000000000e+00
8.580432021218571403e-01 5.135775143953148492e-01 0.000000000000000000e+00 -1.871619999999999950e-01 -5.135775143953148492e-01 8.580432021218571403e-01 0.000000000000000000e+00 5.327470000000000122e-02 0.000000000000000000e+00 0.000000000000000000e+00 1.000000000000000000e+00 0.000000000000000000e+00
8.618754291324174366e-01 5.071200495521857032e-01 0.000000000000000000e+00 -1.359269999999999923e-01 -5.071200495521857032e-01 8.618754291324174366e-01 0.000000000000000000e+00 3.745430000000000287e-02 0.000000000000000000e+00 0.000000000000000000e+00 1.000000000000000000e+00 0.000000000000000000e+00
3.311068280011134624e-01 9.435932749077015069e-01 0.000000000000000000e+00 2.230529999999999937e-04 -9.435932749077015069e-01 3.311068280011134624e-01 0.000000000000000000e+00 -1.967810000000000045e-02 0.000000000000000000e+00 0.000000000000000000e+00 1.000000000000000000e+00 0.000000000000000000e+00
-1.316305600615432780e-01 9.912988427602871244e-01 0.000000000000000000e+00 3.716950000000000115e-02 -9.912988427602871244e-01 -1.316305600615432780e-01 0.000000000000000000e+00 -1.431719999999999937e-01 0.000000000000000000e+00 0.000000000000000000e+00 1.000000000000000000e+00 0.000000000000000000e+00
-3.324627559130453047e-01 9.431163851459176684e-01 0.000000000000000000e+00 1.839549999999999866e-02 -9.431163851459176684e-01 -3.324627559130453047e-01 0.000000000000000000e+00 -2.454540000000000055e-01 0.000000000000000000e+00 0.000000000000000000e+00 1.000000000000000000e+00 0.000000000000000000e+00
-3.145225852440543535e-01 9.492499899243594941e-01 0.000000000000000000e+00 -6.879390000000000505e-02 -9.492499899243594941e-01 -3.145225852440543535e-01 0.000000000000000000e+00 -4.548079999999999901e-01 0.000000000000000000e+00 0.000000000000000000e+00 1.000000000000000000e+00 0.000000000000000000e+00
-3.499743044115126156e-01 9.367593000614821142e-01 0.000000000000000000e+00 -1.582359999999999878e-01 -9.367593000614821142e-01 -3.499743044115126156e-01 0.000000000000000000e+00 -6.461599999999999566e-01 0.000000000000000000e+00 0.000000000000000000e+00 1.000000000000000000e+00 0.000000000000000000e+00
-3.705059445713244082e-01 9.288300948167595994e-01 0.000000000000000000e+00 -1.942369999999999930e-01 -9.288300948167595994e-01 -3.705059445713244082e-01 0.000000000000000000e+00 -6.950899999999999856e-01 0.000000000000000000e+00 0.000000000000000000e+00 1.000000000000000000e+00 0.000000000000000000e+00
-3.290087308833473112e-01 9.443268793180299436e-01 0.000000000000000000e+00 -1.745430000000000037e-01 -9.443268793180299436e-01 -3.290087308833473112e-01 0.000000000000000000e+00 -6.106009999999999494e-01 0.000000000000000000e+00 0.000000000000000000e+00 1.000000000000000000e+00 0.000000000000000000e+00
-2.844221910398530562e-01 9.586991275911798116e-01 0.000000000000000000e+00 -1.223159999999999942e-01 -9.586991275911798116e-01 -2.844221910398530562e-01 0.000000000000000000e+00 -4.160960000000000214e-01 0.000000000000000000e+00 0.000000000000000000e+00 1.000000000000000000e+00 0.000000000000000000e+00
-2.718584339748439938e-01 9.623372547484303485e-01 0.000000000000000000e+00 -7.780280000000000529e-02 -9.623372547484303485e-01 -2.718584339748439938e-01 0.000000000000000000e+00 -2.202389999999999903e-01 0.000000000000000000e+00 0.000000000000000000e+00 1.000000000000000000e+00 0.000000000000000000e+00
-3.689914599886812696e-01 9.294327853349166890e-01 0.000000000000000000e+00 -1.916799999999999893e-01 -9.294327853349166890e-01 -3.689914599886812696e-01 0.000000000000000000e+00 -4.594690000000000163e-01 0.000000000000000000e+00 0.000000000000000000e+00 1.000000000000000000e+00 0.000000000000000000e+00
-3.450327458619040777e-01 9.385906478774411754e-01 0.000000000000000000e+00 -3.081189999999999762e-01 -9.385906478774411754e-01 -3.450327458619040777e-01 0.000000000000000000e+00 -7.157249999999999446e-01 0.000000000000000000e+00 0.000000000000000000e+00 1.000000000000000000e+00 0.000000000000000000e+00
-3.088024356255799074e-01 9.511262039034091842e-01 0.000000000000000000e+00 -4.036710000000000020e-01 -9.511262039034091842e-01 -3.088024356255799074e-01 0.000000000000000000e+00 -9.388840000000000519e-01 0.000000000000000000e+00 0.000000000000000000e+00 1.000000000000000000e+00 0.000000000000000000e+00
-2.171400668580969473e-01 9.761404567811239330e-01 0.000000000000000000e+00 -4.721179999999999821e-01 -9.761404567811239330e-01 -2.171400668580969473e-01 0.000000000000000000e+00 -1.133350000000000080e+00 0.000000000000000000e+00 0.000000000000000000e+00 1.000000000000000000e+00 0.000000000000000000e+00
-3.156804358768008911e-01 9.488655660337943498e-01 0.000000000000000000e+00 -4.014429999999999943e-01 -9.488655660337943498e-01 -3.156804358768008911e-01 0.000000000000000000e+00 -8.573399999999999910e-01 0.000000000000000000e+00 0.000000000000000000e+00 1.000000000000000000e+00 0.000000000000000000e+00
-3.981357408171865564e-01 9.173265132350367779e-01 0.000000000000000000e+00 -3.364519999999999733e-01 -9.173265132350367779e-01 -3.981357408171865564e-01 0.000000000000000000e+00 -6.393280000000000074e-01 0.000000000000000000e+00 0.000000000000000000e+00 1.000000000000000000e+00 0.000000000000000000e+00
-3.558034853620147264e-01 9.345607951354703014e-01 0.000000000000000000e+00 -4.407630000000000159e-01 -9.345607951354703014e-01 -3.558034853620147264e-01 0.000000000000000000e+00 -8.547890000000000210e-01 0.000000000000000000e+00 0.000000000000000000e+00 1.000000000000000000e+00 0.000000000000000000e+00
-3.100481456284316373e-01 9.507208567147198419e-01 0.000000000000000000e+00 -5.223999999999999755e-01 -9.507208567147198419e-01 -3.100481456284316373e-01 0.000000000000000000e+00 -1.042159999999999975e+00 0.000000000000000000e+00 0.000000000000000000e+00 1.000000000000000000e+00 0.000000000000000000e+00
-2.960300020401184784e-01 9.551786418739310891e-01 0.000000000000000000e+00 -4.547149999999999803e-01 -9.551786418739310891e-01 -2.960300020401184784e-01 0.000000000000000000e+00 -8.116940000000000266e-01 0.000000000000000000e+00 0.000000000000000000e+00 1.000000000000000000e+00 0.000000000000000000e+00
-2.845851657808579072e-01 9.586507619657336221e-01 0.000000000000000000e+00 -4.005569999999999964e-01 -9.586507619657336221e-01 -2.845851657808579072e-01 0.000000000000000000e+00 -5.989069999999999672e-01 0.000000000000000000e+00 0.000000000000000000e+00 1.000000000000000000e+00 0.000000000000000000e+00
-2.490543095417469821e-01 9.684895202833553318e-01 0.000000000000000000e+00 -3.530389999999999917e-01 -9.684895202833553318e-01 -2.490543095417469821e-01 0.000000000000000000e+00 -3.954150000000000165e-01 0.000000000000000000e+00 0.000000000000000000e+00 1.000000000000000000e+00 0.000000000000000000e+00
-2.209356007678844602e-01 9.752883985331385341e-01 0.000000000000000000e+00 -3.660280000000000200e-01 -9.752883985331385341e-01 -2.209356007678844602e-01 0.000000000000000000e+00 -3.934070000000000067e-01 0.000000000000000000e+00 0.000000000000000000e+00 1.000000000000000000e+00 0.000000000000000000e+00
-1.937799490103105926e-01 9.810450200482959682e-01 0.000000000000000000e+00 -4.164979999999999793e-01 -9.810450200482959682e-01 -1.937799490103105926e-01 0.000000000000000000e+00 -5.519190000000000484e-01 0.000000000000000000e+00 0.000000000000000000e+00 1.000000000000000000e+00 0.000000000000000000e+00
-1.490462442751614436e-01 9.888302266149983089e-01 0.000000000000000000e+00 -4.711170000000000080e-01 -9.888302266149983089e-01 -1.490462442751614436e-01 0.000000000000000000e+00 -7.675049999999999928e-01 0.000000000000000000e+00 0.000000000000000000e+00 1.000000000000000000e+00 0.000000000000000000e+00
-1.294989649605769177e-01 9.915795571078194204e-01 0.000000000000000000e+00 -5.183619999999999894e-01 -9.915795571078194204e-01 -1.294989649605769177e-01 0.000000000000000000e+00 -9.742119999999999669e-01 0.000000000000000000e+00 0.000000000000000000e+00 1.000000000000000000e+00 0.000000000000000000e+00
-1.073663177543607850e-01 9.942195299891617433e-01 0.000000000000000000e+00 -5.656719999999999526e-01 -9.942195299891617433e-01 -1.073663177543607850e-01 0.000000000000000000e+00 -1.220290000000000097e+00 0.000000000000000000e+00 0.000000000000000000e+00 1.000000000000000000e+00 0.000000000000000000e+00
-2.853903319245691406e-01 9.584113722426211845e-01 0.000000000000000000e+00 -6.350029999999999841e-01 -9.584113722426211845e-01 -2.853903319245691406e-01 0.000000000000000000e+00 -1.444800000000000084e+00 0.000000000000000000e+00 0.000000000000000000e+00 1.000000000000000000e+00 0.000000000000000000e+00
-4.519174838217534518e-01 8.920597445329629949e-01 0.000000000000000000e+00 -7.611539999999999973e-01 -8.920597445329629949e-01 -4.519174838217534518e-01 0.000000000000000000e+00 -1.642190000000000039e+00 0.000000000000000000e+00 0.000000000000000000e+00 1.000000000000000000e+00 0.000000000000000000e+00
-2.913078266494379398e-01 9.566293692610430277e-01 0.000000000000000000e+00 -8.549600000000000533e-01 -9.566293692610430277e-01 -2.913078266494379398e-01 0.000000000000000000e+00 -1.842770000000000019e+00 0.000000000000000000e+00 0.000000000000000000e+00 1.000000000000000000e+00 0.000000000000000000e+00
3.689567487533024770e-01 9.294465651931758110e-01 0.000000000000000000e+00 -7.621820000000000261e-01 -9.294465651931758110e-01 3.689567487533024770e-01 0.000000000000000000e+00 -2.037180000000000213e+00 0.000000000000000000e+00 0.000000000000000000e+00 1.000000000000000000e+00 0.000000000000000000e+00
6.431235548496588850e-01 7.657624260810514949e-01 0.000000000000000000e+00 -5.531340000000000146e-01 -7.657624260810514949e-01 6.431235548496588850e-01 0.000000000000000000e+00 -2.208639999999999937e+00 0.000000000000000000e+00 0.000000000000000000e+00 1.000000000000000000e+00 0.000000000000000000e+00
8.583794113087467315e-01 5.130153859693191709e-01 0.000000000000000000e+00 -6.284399999999999986e-01 -5.130153859693191709e-01 8.583794113087467315e-01 0.000000000000000000e+00 -1.840419999999999945e+00 0.000000000000000000e+00 0.000000000000000000e+00 1.000000000000000000e+00 0.000000000000000000e+00
9.931399377889784663e-01 1.169318774693369895e-01 0.000000000000000000e+00 -7.560940000000000438e-01 -1.169318774693369895e-01 9.931399377889784663e-01 0.000000000000000000e+00 -1.638600000000000056e+00 0.000000000000000000e+00 0.000000000000000000e+00 1.000000000000000000e+00 0.000000000000000000e+00
9.565873157728385090e-01 -2.914458908657244773e-01 0.000000000000000000e+00 -9.451829999999999954e-01 2.914458908657244773e-01 9.565873157728385090e-01 0.000000000000000000e+00 -1.539279999999999982e+00 0.000000000000000000e+00 0.000000000000000000e+00 1.000000000000000000e+00 0.000000000000000000e+00
7.611317982427384665e-01 -6.485972446008194670e-01 0.000000000000000000e+00 -1.088489999999999958e+00 6.485972446008194670e-01 7.611317982427384665e-01 0.000000000000000000e+00 -1.550329999999999986e+00 0.000000000000000000e+00 0.000000000000000000e+00 1.000000000000000000e+00 0.000000000000000000e+00
9.705988376928483818e-01 -2.407029211897763477e-01 0.000000000000000000e+00 -1.274580000000000046e+00 2.407029211897763477e-01 9.705988376928483818e-01 0.000000000000000000e+00 -1.550950000000000051e+00 0.000000000000000000e+00 0.000000000000000000e+00 1.000000000000000000e+00 0.000000000000000000e+00
8.908438921733615734e-01 4.543095418075832059e-01 0.000000000000000000e+00 -1.063849999999999962e+00 -4.543095418075832059e-01 8.908438921733615734e-01 0.000000000000000000e+00 -1.418779999999999930e+00 0.000000000000000000e+00 0.000000000000000000e+00 1.000000000000000000e+00 0.000000000000000000e+00
4.065057829253985178e-01 9.136482082553485373e-01 0.000000000000000000e+00 -9.100589999999999513e-01 -9.136482082553485373e-01 4.065057829253985178e-01 0.000000000000000000e+00 -1.410879999999999912e+00 0.000000000000000000e+00 0.000000000000000000e+00 1.000000000000000000e+00 0.000000000000000000e+00
-1.581666688803285981e-01 9.874124289552469458e-01 0.000000000000000000e+00 -8.581809999999999716e-01 -9.874124289552469458e-01 -1.581666688803285981e-01 0.000000000000000000e+00 -1.484680000000000000e+00 0.000000000000000000e+00 0.000000000000000000e+00 1.000000000000000000e+00 0.000000000000000000e+00
-2.930866523461683193e-01 9.560858822388897948e-01 0.000000000000000000e+00 -9.224959999999999827e-01 -9.560858822388897948e-01 -2.930866523461683193e-01 0.000000000000000000e+00 -1.707999999999999963e+00 0.000000000000000000e+00 0.000000000000000000e+00 1.000000000000000000e+00 0.000000000000000000e+00
-4.477824181148267191e-01 8.941425535266949165e-01 0.000000000000000000e+00 -1.024100000000000010e+00 -8.941425535266949165e-01 -4.477824181148267191e-01 0.000000000000000000e+00 -1.910460000000000047e+00 0.000000000000000000e+00 0.000000000000000000e+00 1.000000000000000000e+00 0.000000000000000000e+00
-4.017926947171894803e-01 9.157306538889584679e-01 0.000000000000000000e+00 -1.125550000000000050e+00 -9.157306538889584679e-01 -4.017926947171894803e-01 0.000000000000000000e+00 -2.112410000000000121e+00 0.000000000000000000e+00 0.000000000000000000e+00 1.000000000000000000e+00 0.000000000000000000e+00
-3.738102249047913772e-01 9.275052106358374626e-01 0.000000000000000000e+00 -1.215119999999999978e+00 -9.275052106358374626e-01 -3.738102249047913772e-01 0.000000000000000000e+00 -2.315920000000000201e+00 0.000000000000000000e+00 0.000000000000000000e+00 1.000000000000000000e+00 0.000000000000000000e+00
-3.743666607119441880e-01 9.272807575634188781e-01 0.000000000000000000e+00 -1.304270000000000040e+00 -9.272807575634188781e-01 -3.743666607119441880e-01 0.000000000000000000e+00 -2.519509999999999916e+00 0.000000000000000000e+00 0.000000000000000000e+00 1.000000000000000000e+00 0.000000000000000000e+00
-3.855037172313481308e-01 9.227062826277996344e-01 0.000000000000000000e+00 -1.398889999999999967e+00 -9.227062826277996344e-01 -3.855037172313481308e-01 0.000000000000000000e+00 -2.723489999999999966e+00 0.000000000000000000e+00 0.000000000000000000e+00 1.000000000000000000e+00 0.000000000000000000e+00
-3.974935147671098679e-01 9.176049834858621690e-01 0.000000000000000000e+00 -1.494869999999999921e+00 -9.176049834858621690e-01 -3.974935147671098679e-01 0.000000000000000000e+00 -2.926499999999999879e+00 0.000000000000000000e+00 0.000000000000000000e+00 1.000000000000000000e+00 0.000000000000000000e+00
-3.994104396410145807e-01 9.167722185503722754e-01 0.000000000000000000e+00 -1.589739999999999931e+00 -9.167722185503722754e-01 -3.994104396410145807e-01 0.000000000000000000e+00 -3.126529999999999809e+00 0.000000000000000000e+00 0.000000000000000000e+00 1.000000000000000000e+00 0.000000000000000000e+00
-3.998504442769390543e-01 9.165803959345488749e-01 0.000000000000000000e+00 -1.688299999999999912e+00 -9.165803959345488749e-01 -3.998504442769390543e-01 0.000000000000000000e+00 -3.335710000000000175e+00 0.000000000000000000e+00 0.000000000000000000e+00 1.000000000000000000e+00 0.000000000000000000e+00
-4.590394243734740032e-01 8.884158974663103336e-01 0.000000000000000000e+00 -1.796240000000000059e+00 -8.884158974663103336e-01 -4.590394243734740032e-01 0.000000000000000000e+00 -3.537889999999999979e+00 0.000000000000000000e+00 0.000000000000000000e+00 1.000000000000000000e+00 0.000000000000000000e+00
-5.153737064850066885e-01 8.569655434519559689e-01 0.000000000000000000e+00 -1.918069999999999942e+00 -8.569655434519559689e-01 -5.153737064850066885e-01 0.000000000000000000e+00 -3.728559999999999874e+00 0.000000000000000000e+00 0.000000000000000000e+00 1.000000000000000000e+00 0.000000000000000000e+00
-5.160077198199695125e-01 8.565839323068089595e-01 0.000000000000000000e+00 -2.041049999999999809e+00 -8.565839323068089595e-01 -5.160077198199695125e-01 0.000000000000000000e+00 -3.916589999999999794e+00 0.000000000000000000e+00 0.000000000000000000e+00 1.000000000000000000e+00 0.000000000000000000e+00
-5.013892375773694177e-01 8.652218400165266887e-01 0.000000000000000000e+00 -2.161869999999999958e+00 -8.652218400165266887e-01 -5.013892375773694177e-01 0.000000000000000000e+00 -4.103430000000000355e+00 0.000000000000000000e+00 0.000000000000000000e+00 1.000000000000000000e+00 0.000000000000000000e+00
-4.943993391158002515e-01 8.692348897058033153e-01 0.000000000000000000e+00 -2.283259999999999845e+00 -8.692348897058033153e-01 -4.943993391158002515e-01 0.000000000000000000e+00 -4.295289999999999608e+00 0.000000000000000000e+00 0.000000000000000000e+00 1.000000000000000000e+00 0.000000000000000000e+00
-4.954854961955448278e-01 8.686162116031767022e-01 0.000000000000000000e+00 -2.405990000000000073e+00 -8.686162116031767022e-01 -4.954854961955448278e-01 0.000000000000000000e+00 -4.490420000000000300e+00 0.000000000000000000e+00 0.000000000000000000e+00 1.000000000000000000e+00 0.000000000000000000e+00
-5.866319220737882256e-01 8.098536830835634248e-01 0.000000000000000000e+00 -2.546920000000000073e+00 -8.098536830835634248e-01 -5.866319220737882256e-01 0.000000000000000000e+00 -4.681119999999999948e+00 0.000000000000000000e+00 0.000000000000000000e+00 1.000000000000000000e+00 0.000000000000000000e+00
-6.521398482735059066e-01 7.580986863817985588e-01 0.000000000000000000e+00 -2.692000000000000171e+00 -7.580986863817985588e-01 -6.521398482735059066e-01 0.000000000000000000e+00 -4.838720000000000354e+00 0.000000000000000000e+00 0.000000000000000000e+00 1.000000000000000000e+00 0.000000000000000000e+00
-6.290835382020156796e-01 7.773377013648785638e-01 0.000000000000000000e+00 -2.846060000000000034e+00 -7.773377013648785638e-01 -6.290835382020156796e-01 0.000000000000000000e+00 -5.010860000000000092e+00 0.000000000000000000e+00 0.000000000000000000e+00 1.000000000000000000e+00 0.000000000000000000e+00
-6.163850486386299732e-01 7.874449008119576154e-01 0.000000000000000000e+00 -2.995849999999999902e+00 -7.874449008119576154e-01 -6.163850486386299732e-01 0.000000000000000000e+00 -5.183110000000000106e+00 0.000000000000000000e+00 0.000000000000000000e+00 1.000000000000000000e+00 0.000000000000000000e+00
-6.022157425551727394e-01 7.983333886408120472e-01 0.000000000000000000e+00 -3.139720000000000066e+00 -7.983333886408120472e-01 -6.022157425551727394e-01 0.000000000000000000e+00 -5.353670000000000151e+00 0.000000000000000000e+00 0.000000000000000000e+00 1.000000000000000000e+00 0.000000000000000000e+00
-5.865104374221720152e-01 8.099416687606907361e-01 0.000000000000000000e+00 -3.282939999999999969e+00 -8.099416687606907361e-01 -5.865104374221720152e-01 0.000000000000000000e+00 -5.531119999999999592e+00 0.000000000000000000e+00 0.000000000000000000e+00 1.000000000000000000e+00 0.000000000000000000e+00
-5.712054103995556353e-01 8.208071509985005454e-01 0.000000000000000000e+00 -3.422870000000000079e+00 -8.208071509985005454e-01 -5.712054103995556353e-01 0.000000000000000000e+00 -5.710519999999999818e+00 0.000000000000000000e+00 0.000000000000000000e+00 1.000000000000000000e+00 0.000000000000000000e+00
-5.612817301390977676e-01 8.276248059429230919e-01 0.000000000000000000e+00 -3.560890000000000111e+00 -8.276248059429230919e-01 -5.612817301390977676e-01 0.000000000000000000e+00 -5.894809999999999661e+00 0.000000000000000000e+00 0.000000000000000000e+00 1.000000000000000000e+00 0.000000000000000000e+00
-5.295531231625184576e-01 8.482767766176453339e-01 0.000000000000000000e+00 -3.688670000000000115e+00 -8.482767766176453339e-01 -5.295531231625184576e-01 0.000000000000000000e+00 -6.075160000000000338e+00 0.000000000000000000e+00 0.000000000000000000e+00 1.000000000000000000e+00 0.000000000000000000e+00
-5.070111675454856970e-01 8.619394851056328966e-01 0.000000000000000000e+00 -3.815789999999999793e+00 -8.619394851056328966e-01 -5.070111675454856970e-01 0.000000000000000000e+00 -6.263209999999999944e+00 0.000000000000000000e+00 0.000000000000000000e+00 1.000000000000000000e+00 0.000000000000000000e+00
-4.971262948964909612e-01 8.676781931813701831e-01 0.000000000000000000e+00 -3.870839999999999836e+00 -8.676781931813701831e-01 -4.971262948964909612e-01 0.000000000000000000e+00 -6.351440000000000197e+00 0.000000000000000000e+00 0.000000000000000000e+00 1.000000000000000000e+00 0.000000000000000000e+00
-5.003592688221478735e-01 8.658178804481723168e-01 0.000000000000000000e+00 -3.927299999999999791e+00 -8.658178804481723168e-01 -5.003592688221478735e-01 0.000000000000000000e+00 -6.441980000000000040e+00 0.000000000000000000e+00 0.000000000000000000e+00 1.000000000000000000e+00 0.000000000000000000e+00
-4.901341699481331915e-01 8.716470016292457990e-01 0.000000000000000000e+00 -3.982040000000000024e+00 -8.716470016292457990e-01 -4.901341699481331915e-01 0.000000000000000000e+00 -6.535580000000000389e+00 0.000000000000000000e+00 0.000000000000000000e+00 1.000000000000000000e+00 0.000000000000000000e+00
-5.057004343334312590e-01 8.627091460712462689e-01 0.000000000000000000e+00 -4.042329999999999757e+00 -8.627091460712462689e-01 -5.057004343334312590e-01 0.000000000000000000e+00 -6.632380000000000386e+00 0.000000000000000000e+00 0.000000000000000000e+00 1.000000000000000000e+00 0.000000000000000000e+00
-5.079848352551278312e-01 8.613660123030283389e-01 0.000000000000000000e+00 -4.170139999999999958e+00 -8.613660123030283389e-01 -5.079848352551278312e-01 0.000000000000000000e+00 -6.842190000000000438e+00 0.000000000000000000e+00 0.000000000000000000e+00 1.000000000000000000e+00 0.000000000000000000e+00
-4.974559767094468565e-01 8.674892225474909457e-01 0.000000000000000000e+00 -4.234440000000000204e+00 -8.674892225474909457e-01 -4.974559767094468565e-01 0.000000000000000000e+00 -6.949060000000000237e+00 0.000000000000000000e+00 0.000000000000000000e+00 1.000000000000000000e+00 0.000000000000000000e+00
-4.877963986113528216e-01 8.729574293754501779e-01 0.000000000000000000e+00 -4.294810000000000016e+00 -8.729574293754501779e-01 -4.877963986113528216e-01 0.000000000000000000e+00 -7.058239999999999625e+00 0.000000000000000000e+00 0.000000000000000000e+00 1.000000000000000000e+00 0.000000000000000000e+00
-5.184554361596627192e-01 8.551046489854290389e-01 0.000000000000000000e+00 -4.364510000000000112e+00 -8.551046489854290389e-01 -5.184554361596627192e-01 0.000000000000000000e+00 -7.170580000000000176e+00 0.000000000000000000e+00 0.000000000000000000e+00 1.000000000000000000e+00 0.000000000000000000e+00
-5.377647972077179706e-01 8.430949074001942156e-01 0.000000000000000000e+00 -4.487809999999999633e+00 -8.430949074001942156e-01 -5.377647972077179706e-01 0.000000000000000000e+00 -7.367969999999999686e+00 0.000000000000000000e+00 0.000000000000000000e+00 1.000000000000000000e+00 0.000000000000000000e+00
-5.063128303138907382e-01 8.623498813472042501e-01 0.000000000000000000e+00 -4.606309999999999683e+00 -8.623498813472042501e-01 -5.063128303138907382e-01 0.000000000000000000e+00 -7.568810000000000038e+00 0.000000000000000000e+00 0.000000000000000000e+00 1.000000000000000000e+00 0.000000000000000000e+00
-5.127489831396895292e-01 8.585385723945164749e-01 0.000000000000000000e+00 -4.729180000000000383e+00 -8.585385723945164749e-01 -5.127489831396895292e-01 0.000000000000000000e+00 -7.775489999999999569e+00 0.000000000000000000e+00 0.000000000000000000e+00 1.000000000000000000e+00 0.000000000000000000e+00
-5.089578543190027560e-01 8.607914396222796638e-01 0.000000000000000000e+00 -4.848019999999999996e+00 -8.607914396222796638e-01 -5.089578543190027560e-01 0.000000000000000000e+00 -7.981449999999999712e+00 0.000000000000000000e+00 0.000000000000000000e+00 1.000000000000000000e+00 0.000000000000000000e+00
-5.048288403115563927e-01 8.632194633983232279e-01 0.000000000000000000e+00 -4.967120000000000424e+00 -8.632194633983232279e-01 -5.048288403115563927e-01 0.000000000000000000e+00 -8.187340000000000728e+00 0.000000000000000000e+00 0.000000000000000000e+00 1.000000000000000000e+00 0.000000000000000000e+00
-4.976121167098752629e-01 8.673996664188414751e-01 0.000000000000000000e+00 -5.028810000000000002e+00 -8.673996664188414751e-01 -4.976121167098752629e-01 0.000000000000000000e+00 -8.293029999999999902e+00 0.000000000000000000e+00 0.000000000000000000e+00 1.000000000000000000e+00 0.000000000000000000e+00
-5.023320313459925801e-01 8.646748118708030839e-01 0.000000000000000000e+00 -5.086750000000000327e+00 -8.646748118708030839e-01 -5.023320313459925801e-01 0.000000000000000000e+00 -8.393840000000000856e+00 0.000000000000000000e+00 0.000000000000000000e+00 1.000000000000000000e+00 0.000000000000000000e+00
-4.955202404476115041e-01 8.685963914884411441e-01 0.000000000000000000e+00 -5.146469999999999878e+00 -8.685963914884411441e-01 -4.955202404476115041e-01 0.000000000000000000e+00 -8.501379999999999271e+00 0.000000000000000000e+00 0.000000000000000000e+00 1.000000000000000000e+00 0.000000000000000000e+00
-5.579252556327274348e-01 8.298912031869934980e-01 0.000000000000000000e+00 -5.274180000000000312e+00 -8.298912031869934980e-01 -5.579252556327274348e-01 0.000000000000000000e+00 -8.698010000000000019e+00 0.000000000000000000e+00 0.000000000000000000e+00 1.000000000000000000e+00 0.000000000000000000e+00
-6.346021904343750464e-01 7.728389611658389446e-01 0.000000000000000000e+00 -5.416669999999999874e+00 -7.728389611658389446e-01 -6.346021904343750464e-01 0.000000000000000000e+00 -8.866220000000000212e+00 0.000000000000000000e+00 0.000000000000000000e+00 1.000000000000000000e+00 0.000000000000000000e+00
-6.247127973075343732e-01 7.808546093096944141e-01 0.000000000000000000e+00 -5.556079999999999686e+00 -7.808546093096944141e-01 -6.247127973075343732e-01 0.000000000000000000e+00 -9.032199999999999562e+00 0.000000000000000000e+00 0.000000000000000000e+00 1.000000000000000000e+00 0.000000000000000000e+00
-6.048310319386936973e-01 7.963538301559017762e-01 0.000000000000000000e+00 -5.698100000000000165e+00 -7.963538301559017762e-01 -6.048310319386936973e-01 0.000000000000000000e+00 -9.212569999999999482e+00 0.000000000000000000e+00 0.000000000000000000e+00 1.000000000000000000e+00 0.000000000000000000e+00
-5.846135698993459862e-01 8.113118844744864333e-01 0.000000000000000000e+00 -5.832950000000000301e+00 -8.113118844744864333e-01 -5.846135698993459862e-01 0.000000000000000000e+00 -9.392360000000000042e+00 0.000000000000000000e+00 0.000000000000000000e+00 1.000000000000000000e+00 0.000000000000000000e+00
-5.644969358344097410e-01 8.254351636764466482e-01 0.000000000000000000e+00 -5.959719999999999906e+00 -8.254351636764466482e-01 -5.644969358344097410e-01 0.000000000000000000e+00 -9.571780000000000399e+00 0.000000000000000000e+00 0.000000000000000000e+00 1.000000000000000000e+00 0.000000000000000000e+00
-5.442322325672636074e-01 8.389346083187008141e-01 0.000000000000000000e+00 -6.083190000000000097e+00 -8.389346083187008141e-01 -5.442322325672636074e-01 0.000000000000000000e+00 -9.753830000000000666e+00 0.000000000000000000e+00 0.000000000000000000e+00 1.000000000000000000e+00 0.000000000000000000e+00
-5.238578255054096022e-01 8.518057164968686479e-01 0.000000000000000000e+00 -6.204810000000000159e+00 -8.518057164968686479e-01 -5.238578255054096022e-01 0.000000000000000000e+00 -9.942840000000000344e+00 0.000000000000000000e+00 0.000000000000000000e+00 1.000000000000000000e+00 0.000000000000000000e+00
-5.034470435786325693e-01 8.640260842775144834e-01 0.000000000000000000e+00 -6.324530000000000207e+00 -8.640260842775144834e-01 -5.034470435786325693e-01 0.000000000000000000e+00 -1.013899999999999935e+01 0.000000000000000000e+00 0.000000000000000000e+00 1.000000000000000000e+00 0.000000000000000000e+00
-4.829002139301502017e-01 8.756753869934995604e-01 0.000000000000000000e+00 -6.435690000000000133e+00 -8.756753869934995604e-01 -4.829002139301502017e-01 0.000000000000000000e+00 -1.033290000000000042e+01 0.000000000000000000e+00 0.000000000000000000e+00 1.000000000000000000e+00 0.000000000000000000e+00
-4.623677485634651863e-01 8.866882569924743329e-01 0.000000000000000000e+00 -6.541629999999999612e+00 -8.866882569924743329e-01 -4.623677485634651863e-01 0.000000000000000000e+00 -1.052720000000000056e+01 0.000000000000000000e+00 0.000000000000000000e+00 1.000000000000000000e+00 0.000000000000000000e+00
-4.278147072074756085e-01 9.038664593273620929e-01 0.000000000000000000e+00 -6.640069999999999695e+00 -9.038664593273620929e-01 -4.278147072074756085e-01 0.000000000000000000e+00 -1.072100000000000009e+01 0.000000000000000000e+00 0.000000000000000000e+00 1.000000000000000000e+00 0.000000000000000000e+00
-4.308673262621069977e-01 9.024152853092322069e-01 0.000000000000000000e+00 -6.742160000000000153e+00 -9.024152853092322069e-01 -4.308673262621069977e-01 0.000000000000000000e+00 -1.092639999999999922e+01 0.000000000000000000e+00 0.000000000000000000e+00 1.000000000000000000e+00 0.000000000000000000e+00
-4.147915219387798835e-01 9.099164760172829824e-01 0.000000000000000000e+00 -6.836030000000000051e+00 -9.099164760172829824e-01 -4.147915219387798835e-01 0.000000000000000000e+00 -1.112640000000000029e+01 0.000000000000000000e+00 0.000000000000000000e+00 1.000000000000000000e+00 0.000000000000000000e+00
-4.184006121199903561e-01 9.082625874589448367e-01 0.000000000000000000e+00 -6.934020000000000294e+00 -9.082625874589448367e-01 -4.184006121199903561e-01 0.000000000000000000e+00 -1.133370000000000033e+01 0.000000000000000000e+00 0.000000000000000000e+00 1.000000000000000000e+00 0.000000000000000000e+00
-4.724281041293344474e-01 8.813692111872087898e-01 0.000000000000000000e+00 -7.041030000000000122e+00 -8.813692111872087898e-01 -4.724281041293344474e-01 0.000000000000000000e+00 -1.153340000000000032e+01 0.000000000000000000e+00 0.000000000000000000e+00 1.000000000000000000e+00 0.000000000000000000e+00
-5.339062513200424354e-01 8.455436800079459969e-01 0.000000000000000000e+00 -7.161109999999999864e+00 -8.455436800079459969e-01 -5.339062513200424354e-01 0.000000000000000000e+00 -1.172000000000000064e+01 0.000000000000000000e+00 0.000000000000000000e+00 1.000000000000000000e+00 0.000000000000000000e+00
-5.239089329054246180e-01 8.517742834941069985e-01 0.000000000000000000e+00 -7.283949999999999925e+00 -8.517742834941069985e-01 -5.239089329054246180e-01 0.000000000000000000e+00 -1.191000000000000014e+01 0.000000000000000000e+00 0.000000000000000000e+00 1.000000000000000000e+00 0.000000000000000000e+00
-4.978983314996186516e-01 8.672354071933963127e-01 0.000000000000000000e+00 -7.400179999999999758e+00 -8.672354071933963127e-01 -4.978983314996186516e-01 0.000000000000000000e+00 -1.210079999999999956e+01 0.000000000000000000e+00 0.000000000000000000e+00 1.000000000000000000e+00 0.000000000000000000e+00
-4.935559488148558160e-01 8.697140480580196620e-01 0.000000000000000000e+00 -7.512819999999999609e+00 -8.697140480580196620e-01 -4.935559488148558160e-01 0.000000000000000000e+00 -1.229269999999999996e+01 0.000000000000000000e+00 0.000000000000000000e+00 1.000000000000000000e+00 0.000000000000000000e+00
-4.682186143901344022e-01 8.836126578646226193e-01 0.000000000000000000e+00 -7.617090000000000138e+00 -8.836126578646226193e-01 -4.682186143901344022e-01 0.000000000000000000e+00 -1.248470000000000013e+01 0.000000000000000000e+00 0.000000000000000000e+00 1.000000000000000000e+00 0.000000000000000000e+00
-4.583996459995512973e-01 8.887461755459126200e-01 0.000000000000000000e+00 -7.725970000000000226e+00 -8.887461755459126200e-01 -4.583996459995512973e-01 0.000000000000000000e+00 -1.268880000000000052e+01 0.000000000000000000e+00 0.000000000000000000e+00 1.000000000000000000e+00 0.000000000000000000e+00
-4.473621216725741090e-01 8.943529124974173294e-01 0.000000000000000000e+00 -7.829240000000000421e+00 -8.943529124974173294e-01 -4.473621216725741090e-01 0.000000000000000000e+00 -1.289000000000000057e+01 0.000000000000000000e+00 0.000000000000000000e+00 1.000000000000000000e+00 0.000000000000000000e+00
-4.442022751836647299e-01 8.959265252919214051e-01 0.000000000000000000e+00 -7.931510000000000282e+00 -8.959265252919214051e-01 -4.442022751836647299e-01 0.000000000000000000e+00 -1.309050000000000047e+01 0.000000000000000000e+00 0.000000000000000000e+00 1.000000000000000000e+00 0.000000000000000000e+00
-4.484797130204535298e-01 8.937930112778302849e-01 0.000000000000000000e+00 -8.035349999999999326e+00 -8.937930112778302849e-01 -4.484797130204535298e-01 0.000000000000000000e+00 -1.328870000000000040e+01 0.000000000000000000e+00 0.000000000000000000e+00 1.000000000000000000e+00 0.000000000000000000e+00
-4.457247076709131561e-01 8.951700871743196730e-01 0.000000000000000000e+00 -8.136210000000000164e+00 -8.951700871743196730e-01 -4.457247076709131561e-01 0.000000000000000000e+00 -1.348380000000000045e+01 0.000000000000000000e+00 0.000000000000000000e+00 1.000000000000000000e+00 0.000000000000000000e+00
-4.432433797009586174e-01 8.964013087625830600e-01 0.000000000000000000e+00 -8.239000000000000767e+00 -8.964013087625830600e-01 -4.432433797009586174e-01 0.000000000000000000e+00 -1.368670000000000009e+01 0.000000000000000000e+00 0.000000000000000000e+00 1.000000000000000000e+00 0.000000000000000000e+00
-5.224601602727200200e-01 8.526636974375089162e-01 0.000000000000000000e+00 -8.353659999999999641e+00 -8.526636974375089162e-01 -5.224601602727200200e-01 0.000000000000000000e+00 -1.388020000000000032e+01 0.000000000000000000e+00 0.000000000000000000e+00 1.000000000000000000e+00 0.000000000000000000e+00
-5.468303106538200398e-01 8.372434600223800372e-01 0.000000000000000000e+00 -8.476950000000000429e+00 -8.372434600223800372e-01 -5.468303106538200398e-01 0.000000000000000000e+00 -1.406550000000000011e+01 0.000000000000000000e+00 0.000000000000000000e+00 1.000000000000000000e+00 0.000000000000000000e+00
-5.059851008110790582e-01 8.625422179564325997e-01 0.000000000000000000e+00 -8.592950000000000088e+00 -8.625422179564325997e-01 -5.059851008110790582e-01 0.000000000000000000e+00 -1.425510000000000055e+01 0.000000000000000000e+00 0.000000000000000000e+00 1.000000000000000000e+00 0.000000000000000000e+00
-5.048633686862202818e-01 8.631992695541405025e-01 0.000000000000000000e+00 -8.710229999999999251e+00 -8.631992695541405025e-01 -5.048633686862202818e-01 0.000000000000000000e+00 -1.444979999999999976e+01 0.000000000000000000e+00 0.000000000000000000e+00 1.000000000000000000e+00 0.000000000000000000e+00
-4.901864678859580438e-01 8.716175920101020269e-01 0.000000000000000000e+00 -8.823090000000000543e+00 -8.716175920101020269e-01 -4.901864678859580438e-01 0.000000000000000000e+00 -1.464109999999999978e+01 0.000000000000000000e+00 0.000000000000000000e+00 1.000000000000000000e+00 0.000000000000000000e+00
-4.751932699305710939e-01 8.798814444075356844e-01 0.000000000000000000e+00 -8.932079999999999131e+00 -8.798814444075356844e-01 -4.751932699305710939e-01 0.000000000000000000e+00 -1.483530000000000015e+01 0.000000000000000000e+00 0.000000000000000000e+00 1.000000000000000000e+00 0.000000000000000000e+00
-4.600075248176151987e-01 8.879150168294098755e-01 0.000000000000000000e+00 -9.037679999999999936e+00 -8.879150168294098755e-01 -4.600075248176151987e-01 0.000000000000000000e+00 -1.503059999999999974e+01 0.000000000000000000e+00 0.000000000000000000e+00 1.000000000000000000e+00 0.000000000000000000e+00
-4.666538873614964889e-01 8.844400202446764947e-01 0.000000000000000000e+00 -9.144460000000000477e+00 -8.844400202446764947e-01 -4.666538873614964889e-01 0.000000000000000000e+00 -1.523080000000000034e+01 0.000000000000000000e+00 0.000000000000000000e+00 1.000000000000000000e+00 0.000000000000000000e+00
-4.788055589854406935e-01 8.779209740544074991e-01 0.000000000000000000e+00 -9.254070000000000462e+00 -8.779209740544074991e-01 -4.788055589854406935e-01 0.000000000000000000e+00 -1.542759999999999998e+01 0.000000000000000000e+00 0.000000000000000000e+00 1.000000000000000000e+00 0.000000000000000000e+00
-4.543154865814753585e-01 8.908408604527732200e-01 0.000000000000000000e+00 -9.360559999999999548e+00 -8.908408604527732200e-01 -4.543154865814753585e-01 0.000000000000000000e+00 -1.562570000000000014e+01 0.000000000000000000e+00 0.000000000000000000e+00 1.000000000000000000e+00 0.000000000000000000e+00
-4.747092632875650198e-01 8.801426676107557689e-01 0.000000000000000000e+00 -9.469620000000000815e+00 -8.801426676107557689e-01 -4.747092632875650198e-01 0.000000000000000000e+00 -1.582429999999999914e+01 0.000000000000000000e+00 0.000000000000000000e+00 1.000000000000000000e+00 0.000000000000000000e+00
-4.907267765445464391e-01 8.713135088945876960e-01 0.000000000000000000e+00 -9.578649999999999665e+00 -8.713135088945876960e-01 -4.907267765445464391e-01 0.000000000000000000e+00 -1.601399999999999935e+01 0.000000000000000000e+00 0.000000000000000000e+00 1.000000000000000000e+00 0.000000000000000000e+00
-4.654948708540490587e-01 8.850505777686222819e-01 0.000000000000000000e+00 -9.686239999999999739e+00 -8.850505777686222819e-01 -4.654948708540490587e-01 0.000000000000000000e+00 -1.620799999999999841e+01 0.000000000000000000e+00 0.000000000000000000e+00 1.000000000000000000e+00 0.000000000000000000e+00
-4.678916456646205480e-01 8.837858382647083566e-01 0.000000000000000000e+00 -9.792189999999999728e+00 -8.837858382647083566e-01 -4.678916456646205480e-01 0.000000000000000000e+00 -1.640630000000000166e+01 0.000000000000000000e+00 0.000000000000000000e+00 1.000000000000000000e+00 0.000000000000000000e+00
