5.797380295758518959e-02 9.983181046994165087e-01 0.000000000000000000e+00 1.641420000000000101e-01 -9.983181046994165087e-01 5.797380295758518959e-02 0.000000000000000000e+00 2.186059999999999948e-01 0.000000000000000000e+00 0.000000000000000000e+00 1.000000000000000000e+00 0.000000000000000000e+00
5.714517905674704884e-02 9.983658790796950955e-01 0.000000000000000000e+00 1.638660000000000116e-01 -9.983658790796950955e-01 5.714517905674704884e-02 0.000000000000000000e+00 2.191019999999999912e-01 0.000000000000000000e+00 0.000000000000000000e+00 1.000000000000000000e+00 0.000000000000000000e+00
5.293157872044482876e-02 9.985981413832900611e-01 0.000000000000000000e+00 1.639720000000000066e-01 -9.985981413832900611e-01 5.293157872044482876e-02 0.000000000000000000e+00 2.198080000000000034e-01 0.000000000000000000e+00 0.000000000000000000e+00 1.000000000000000000e+00 0.000000000000000000e+00
5.144360928364754421e-02 9.986759009127392783e-01 0.000000000000000000e+00 1.642069999999999919e-01 -9.986759009127392783e-01 5.144360928364754421e-02 0.000000000000000000e+00 2.228999999999999870e-01 0.000000000000000000e+00 0.000000000000000000e+00 1.000000000000000000e+00 0.000000000000000000e+00
5.231243773900389610e-02 9.986307670294375383e-01 0.000000000000000000e+00 1.642859999999999876e-01 -9.986307670294375383e-01 5.231243773900389610e-02 0.000000000000000000e+00 2.228080000000000060e-01 0.000000000000000000e+00 0.000000000000000000e+00 1.000000000000000000e+00 0.000000000000000000e+00
5.315126902883288845e-02 9.985864722699905327e-01 0.000000000000000000e+00 1.642389999999999961e-01 -9.985864722699905327e-01 5.315126902883288845e-02 0.000000000000000000e+00 2.227709999999999968e-01 0.000000000000000000e+00 0.000000000000000000e+00 1.000000000000000000e+00 0.000000000000000000e+00
5.355069935498778244e-02 9.985651318760292439e-01 0.000000000000000000e+00 1.642710000000000004e-01 -9.985651318760292439e-01 5.355069935498778244e-02 0.000000000000000000e+00 2.227040000000000131e-01 0.000000000000000000e+00 0.000000000000000000e+00 1.000000000000000000e+00 0.000000000000000000e+00
5.421972592383540734e-02 9.985290287822102817e-01 0.000000000000000000e+00 1.642079999999999929e-01 -9.985290287822102817e-01 5.421972592383540734e-02 0.000000000000000000e+00 2.226700000000000068e-01 0.000000000000000000e+00 0.000000000000000000e+00 1.000000000000000000e+00 0.000000000000000000e+00
5.515831911839066959e-02 9.984776210972551302e-01 0.000000000000000000e+00 1.642560000000000131e-01 -9.984776210972551302e-01 5.515831911839066959e-02 0.000000000000000000e+00 2.226130000000000053e-01 0.000000000000000000e+00 0.000000000000000000e+00 1.000000000000000000e+00 0.000000000000000000e+00
5.376995852346516669e-01 8.431364990548585459e-01 0.000000000000000000e+00 2.074950000000000128e-01 -8.431364990548585459e-01 5.376995852346516669e-01 0.000000000000000000e+00 2.117880000000000040e-01 0.000000000000000000e+00 0.000000000000000000e+00 1.000000000000000000e+00 0.000000000000000000e+00
6.036251805914540913e-01 7.972682367659797986e-01 0.000000000000000000e+00 3.390870000000000273e-01 -7.972682367659797986e-01 6.036251805914540913e-01 0.000000000000000000e+00 4.640029999999999849e-02 0.000000000000000000e+00 0.000000000000000000e+00 1.000000000000000000e+00 0.000000000000000000e+00
2.377281985603949821e-01 9.713317165671208064e-01 0.000000000000000000e+00 4.002240000000000242e-01 -9.713317165671208064e-01 2.377281985603949821e-01 0.000000000000000000e+00 -1.557570000000000066e-01 0.000000000000000000e+00 0.000000000000000000e+00 1.000000000000000000e+00 0.000000000000000000e+00
4.310296903458549211e-02 9.990706351707088206e-01 0.000000000000000000e+00 4.112500000000000044e-01 -9.990706351707088206e-01 4.310296903458549211e-02 0.000000000000000000e+00 -3.882780000000000120e-01 0.000000000000000000e+00 0.000000000000000000e+00 1.000000000000000000e+00 0.000000000000000000e+00
1.085619415069010024e-01 9.940896865254423842e-01 0.000000000000000000e+00 4.259780000000000233e-01 -9.940896865254423842e-01 1.085619415069010024e-01 0.000000000000000000e+00 -5.980849999999999778e-01 0.000000000000000000e+00 0.000000000000000000e+00 1.000000000000000000e+00 0.000000000000000000e+00
1.302948180511633580e-01 9.914752948959516532e-01 0.000000000000000000e+00 4.509469999999999867e-01 -9.914752948959516532e-01 1.302948180511633580e-01 0.000000000000000000e+00 -8.200190000000000534e-01 0.000000000000000000e+00 0.000000000000000000e+00 1.000000000000000000e+00 0.000000000000000000e+00
7.871481286285463008e-02 9.968971753576021388e-01 0.000000000000000000e+00 4.668689999999999785e-01 -9.968971753576021388e-01 7.871481286285463008e-02 0.000000000000000000e+00 -1.026790000000000092e+00 0.000000000000000000e+00 0.000000000000000000e+00 1.000000000000000000e+00 0.000000000000000000e+00
2.423395413006186605e-02 9.997063146080562568e-01 0.000000000000000000e+00 4.679329999999999878e-01 -9.997063146080562568e-01 2.423395413006186605e-02 0.000000000000000000e+00 -1.081520000000000037e+00 0.000000000000000000e+00 0.000000000000000000e+00 1.000000000000000000e+00 0.000000000000000000e+00
6.102838016902457918e-02 9.981360312171607685e-01 0.000000000000000000e+00 4.656569999999999876e-01 -9.981360312171607685e-01 6.102838016902457918e-02 0.000000000000000000e+00 -9.922370000000000356e-01 0.000000000000000000e+00 0.000000000000000000e+00 1.000000000000000000e+00 0.000000000000000000e+00
6.729542981635437682e-02 9.977330931295363969e-01 0.000000000000000000e+00 4.516339999999999799e-01 -9.977330931295363969e-01 6.729542981635437682e-02 0.000000000000000000e+00 -7.889990000000000059e-01 0.000000000000000000e+00 0.000000000000000000e+00 1.000000000000000000e+00 0.000000000000000000e+00
5.671587645890063811e-02 9.983903592070081379e-01 0.000000000000000000e+00 4.381410000000000027e-01 -9.983903592070081379e-01 5.671587645890063811e-02 0.000000000000000000e+00 -5.867560000000000553e-01 0.000000000000000000e+00 0.000000000000000000e+00 1.000000000000000000e+00 0.000000000000000000e+00
3.973586260909756085e-02 9.992102187341315167e-01 0.000000000000000000e+00 4.227500000000000147e-01 -9.992102187341315167e-01 3.973586260909756085e-02 0.000000000000000000e+00 -8.458449999999999580e-01 0.000000000000000000e+00 0.000000000000000000e+00 1.000000000000000000e+00 0.000000000000000000e+00
5.343087115388531205e-02 9.985715507702674909e-01 0.000000000000000000e+00 4.334930000000000172e-01 -9.985715507702674909e-01 5.343087115388531205e-02 0.000000000000000000e+00 -1.123119999999999896e+00 0.000000000000000000e+00 0.000000000000000000e+00 1.000000000000000000e+00 0.000000000000000000e+00
7.787739156344744562e-02 9.969629440873284398e-01 0.000000000000000000e+00 4.471100000000000074e-01 -9.969629440873284398e-01 7.787739156344744562e-02 0.000000000000000000e+00 -1.362009999999999943e+00 0.000000000000000000e+00 0.000000000000000000e+00 1.000000000000000000e+00 0.000000000000000000e+00
1.533587359512789683e-01 9.881705814824816025e-01 0.000000000000000000e+00 4.712859999999999827e-01 -9.881705814824816025e-01 1.533587359512789683e-01 0.000000000000000000e+00 -1.564570000000000016e+00 0.000000000000000000e+00 0.000000000000000000e+00 1.000000000000000000e+00 0.000000000000000000e+00
6.748499788822583112e-02 9.977202889888658888e-01 0.000000000000000000e+00 4.491820000000000257e-01 -9.977202889888658888e-01 6.748499788822583112e-02 0.000000000000000000e+00 -1.279390000000000027e+00 0.000000000000000000e+00 0.000000000000000000e+00 1.000000000000000000e+00 0.000000000000000000e+00
-5.167065333325703003e-02 9.986641795839652502e-01 0.000000000000000000e+00 4.393529999999999935e-01 -9.986641795839652502e-01 -5.167065333325703003e-02 0.000000000000000000e+00 -1.048839999999999995e+00 0.000000000000000000e+00 0.000000000000000000e+00 1.000000000000000000e+00 0.000000000000000000e+00
1.815532926581852821e-02 9.998351784265493425e-01 0.000000000000000000e+00 4.308799999999999852e-01 -9.998351784265493425e-01 1.815532926581852821e-02 0.000000000000000000e+00 -1.282999999999999918e+00 0.000000000000000000e+00 0.000000000000000000e+00 1.000000000000000000e+00 0.000000000000000000e+00
4.187407985794488335e-02 9.991228960623664834e-01 0.000000000000000000e+00 4.381999999999999784e-01 -9.991228960623664834e-01 4.187407985794488335e-02 0.000000000000000000e+00 -1.483689999999999953e+00 0.000000000000000000e+00 0.000000000000000000e+00 1.000000000000000000e+00 0.000000000000000000e+00
6.606278741071783082e-03 9.999781783025043502e-01 0.000000000000000000e+00 4.342539999999999734e-01 -9.999781783025043502e-01 6.606278741071783082e-03 0.000000000000000000e+00 -1.242050000000000098e+00 0.000000000000000000e+00 0.000000000000000000e+00 1.000000000000000000e+00 0.000000000000000000e+00
-9.163544955596177738e-03 9.999580138405046448e-01 0.000000000000000000e+00 4.344629999999999881e-01 -9.999580138405046448e-01 -9.163544955596177738e-03 0.000000000000000000e+00 -1.020059999999999967e+00 0.000000000000000000e+00 0.000000000000000000e+00 1.000000000000000000e+00 0.000000000000000000e+00
-5.013652200413498683e-03 9.999874315668239033e-01 0.000000000000000000e+00 4.369419999999999971e-01 -9.999874315668239033e-01 -5.013652200413498683e-03 0.000000000000000000e+00 -8.083000000000000185e-01 0.000000000000000000e+00 0.000000000000000000e+00 1.000000000000000000e+00 0.000000000000000000e+00
2.567350559982026215e-02 9.996703812308415094e-01 0.000000000000000000e+00 4.371269999999999878e-01 -9.996703812308415094e-01 2.567350559982026215e-02 0.000000000000000000e+00 -8.067600000000000326e-01 0.000000000000000000e+00 0.000000000000000000e+00 1.000000000000000000e+00 0.000000000000000000e+00
5.157343671570198407e-02 9.986692048047398629e-01 0.000000000000000000e+00 4.406700000000000061e-01 -9.986692048047398629e-01 5.157343671570198407e-02 0.000000000000000000e+00 -9.707470000000000265e-01 0.000000000000000000e+00 0.000000000000000000e+00 1.000000000000000000e+00 0.000000000000000000e+00
8.627892248137672415e-02 9.962710211260049631e-01 0.000000000000000000e+00 4.539270000000000249e-01 -9.962710211260049631e-01 8.627892248137672415e-02 0.000000000000000000e+00 -1.191270000000000051e+00 0.000000000000000000e+00 0.000000000000000000e+00 1.000000000000000000e+00 0.000000000000000000e+00
1.044952180083543875e-01 9.945253890240240979e-01 0.000000000000000000e+00 4.700400000000000134e-01 -9.945253890240240979e-01 1.044952180083543875e-01 0.000000000000000000e+00 -1.401559999999999917e+00 0.000000000000000000e+00 0.000000000000000000e+00 1.000000000000000000e+00 0.000000000000000000e+00
1.123386894081482290e-01 9.936699748216505368e-01 0.000000000000000000e+00 4.949709999999999943e-01 -9.936699748216505368e-01 1.123386894081482290e-01 0.000000000000000000e+00 -1.650309999999999944e+00 0.000000000000000000e+00 0.000000000000000000e+00 1.000000000000000000e+00 0.000000000000000000e+00
-7.214095214100732512e-02 9.973944470590303535e-01 0.000000000000000000e+00 4.903410000000000268e-01 -9.973944470590303535e-01 -7.214095214100732512e-02 0.000000000000000000e+00 -1.883150000000000102e+00 0.000000000000000000e+00 0.000000000000000000e+00 1.000000000000000000e+00 0.000000000000000000e+00
-2.850740406379660974e-01 9.585054988649481800e-01 0.000000000000000000e+00 4.232750000000000123e-01 -9.585054988649481800e-01 -2.850740406379660974e-01 0.000000000000000000e+00 -2.101649999999999796e+00 0.000000000000000000e+00 0.000000000000000000e+00 1.000000000000000000e+00 0.000000000000000000e+00
-1.493033350934218628e-01 9.887914411694618266e-01 0.000000000000000000e+00 3.802420000000000244e-01 -9.887914411694618266e-01 -1.493033350934218628e-01 0.000000000000000000e+00 -2.314919999999999867e+00 0.000000000000000000e+00 0.000000000000000000e+00 1.000000000000000000e+00 0.000000000000000000e+00
2.000768212667538570e-01 9.797802129007256999e-01 0.000000000000000000e+00 4.023639999999999994e-01 -9.797802129007256999e-01 2.000768212667538570e-01 0.000000000000000000e+00 -2.571379999999999999e+00 0.000000000000000000e+00 0.000000000000000000e+00 1.000000000000000000e+00 0.000000000000000000e+00
2.562748092181246218e-01 9.666039634515336543e-01 0.000000000000000000e+00 4.616540000000000088e-01 -9.666039634515336543e-01 2.562748092181246218e-01 0.000000000000000000e+00 -2.819500000000000117e+00 0.000000000000000000e+00 0.000000000000000000e+00 1.000000000000000000e+00 0.000000000000000000e+00
1.686070608618077671e-01 9.856833462261308521e-01 0.000000000000000000e+00 4.266559999999999797e-01 -9.856833462261308521e-01 1.686070608618077671e-01 0.000000000000000000e+00 -2.465460000000000207e+00 0.000000000000000000e+00 0.000000000000000000e+00 1.000000000000000000e+00 0.000000000000000000e+00
1.735924388412340980e-01 9.848175796446529962e-01 0.000000000000000000e+00 3.794600000000000195e-01 -9.848175796446529962e-01 1.735924388412340980e-01 0.000000000000000000e+00 -2.195879999999999832e+00 0.000000000000000000e+00 0.000000000000000000e+00 1.000000000000000000e+00 0.000000000000000000e+00
1.645742169795475773e-01 9.863647028891335822e-01 0.000000000000000000e+00 3.292229999999999879e-01 -9.863647028891335822e-01 1.645742169795475773e-01 0.000000000000000000e+00 -1.900609999999999911e+00 0.000000000000000000e+00 0.000000000000000000e+00 1.000000000000000000e+00 0.000000000000000000e+00
1.652350443423579729e-01 9.862542167824576156e-01 0.000000000000000000e+00 2.883370000000000100e-01 -9.862542167824576156e-01 1.652350443423579729e-01 0.000000000000000000e+00 -1.641939999999999955e+00 0.000000000000000000e+00 0.000000000000000000e+00 1.000000000000000000e+00 0.000000000000000000e+00
1.589394222413321456e-01 9.872883368386317082e-01 0.000000000000000000e+00 2.565270000000000050e-01 -9.872883368386317082e-01 1.589394222413321456e-01 0.000000000000000000e+00 -1.439359999999999973e+00 0.000000000000000000e+00 0.000000000000000000e+00 1.000000000000000000e+00 0.000000000000000000e+00
2.097569047188765912e-01 9.777535686065053078e-01 0.000000000000000000e+00 2.413569999999999882e-01 -9.777535686065053078e-01 2.097569047188765912e-01 0.000000000000000000e+00 -1.677030000000000021e+00 0.000000000000000000e+00 0.000000000000000000e+00 1.000000000000000000e+00 0.000000000000000000e+00
8.936694313032762793e-02 9.959987698162788838e-01 0.000000000000000000e+00 2.622769999999999824e-01 -9.959987698162788838e-01 8.936694313032762793e-02 0.000000000000000000e+00 -1.895820000000000061e+00 0.000000000000000000e+00 0.000000000000000000e+00 1.000000000000000000e+00 0.000000000000000000e+00
6.857247269841859616e-02 9.976461376600546105e-01 0.000000000000000000e+00 2.729659999999999864e-01 -9.976461376600546105e-01 6.857247269841859616e-02 0.000000000000000000e+00 -2.114879999999999871e+00 0.000000000000000000e+00 0.000000000000000000e+00 1.000000000000000000e+00 0.000000000000000000e+00
-2.075218341762943841e-02 9.997846502539439184e-01 0.000000000000000000e+00 2.697979999999999823e-01 -9.997846502539439184e-01 -2.075218341762943841e-02 0.000000000000000000e+00 -2.345310000000000006e+00 0.000000000000000000e+00 0.000000000000000000e+00 1.000000000000000000e+00 0.000000000000000000e+00
-1.662185991023155396e-01 9.860889297180369661e-01 0.000000000000000000e+00 2.362009999999999943e-01 -9.860889297180369661e-01 -1.662185991023155396e-01 0.000000000000000000e+00 -2.566120000000000179e+00 0.000000000000000000e+00 0.000000000000000000e+00 1.000000000000000000e+00 0.000000000000000000e+00
-9.353673934289442882e-02 9.956158287176331001e-01 0.000000000000000000e+00 2.067249999999999921e-01 -9.956158287176331001e-01 -9.353673934289442882e-02 0.000000000000000000e+00 -2.786890000000000089e+00 0.000000000000000000e+00 0.000000000000000000e+00 1.000000000000000000e+00 0.000000000000000000e+00
-1.986236697747119709e-02 9.998027237300627368e-01 0.000000000000000000e+00 1.945919999999999872e-01 -9.998027237300627368e-01 -1.986236697747119709e-02 0.000000000000000000e+00 -3.005959999999999965e+00 0.000000000000000000e+00 0.000000000000000000e+00 1.000000000000000000e+00 0.000000000000000000e+00
-4.363659356531291236e-03 9.999904791931871761e-01 0.000000000000000000e+00 1.922419999999999962e-01 -9.999904791931871761e-01 -4.363659356531291236e-03 0.000000000000000000e+00 -3.225410000000000110e+00 0.000000000000000000e+00 0.000000000000000000e+00 1.000000000000000000e+00 0.000000000000000000e+00
2.916322661023687448e-03 9.999957475220265790e-01 0.000000000000000000e+00 1.885350000000000081e-01 -9.999957475220265790e-01 2.916322661023687448e-03 0.000000000000000000e+00 -3.447159999999999780e+00 0.000000000000000000e+00 0.000000000000000000e+00 1.000000000000000000e+00 0.000000000000000000e+00
1.985502201600097133e-02 9.998028696201787247e-01 0.000000000000000000e+00 1.876180000000000070e-01 -9.998028696201787247e-01 1.985502201600097133e-02 0.000000000000000000e+00 -3.668719999999999981e+00 0.000000000000000000e+00 0.000000000000000000e+00 1.000000000000000000e+00 0.000000000000000000e+00
4.540071546222705645e-02 9.989688558886697933e-01 0.000000000000000000e+00 1.929140000000000021e-01 -9.989688558886697933e-01 4.540071546222705645e-02 0.000000000000000000e+00 -3.886929999999999996e+00 0.000000000000000000e+00 0.000000000000000000e+00 1.000000000000000000e+00 0.000000000000000000e+00
6.475099439202323948e-02 9.979014524116317508e-01 0.000000000000000000e+00 2.048359999999999903e-01 -9.979014524116317508e-01 6.475099439202323948e-02 0.000000000000000000e+00 -4.114770000000000039e+00 0.000000000000000000e+00 0.000000000000000000e+00 1.000000000000000000e+00 0.000000000000000000e+00
2.922216622416575274e-02 9.995729413110217010e-01 0.000000000000000000e+00 2.099399999999999877e-01 -9.995729413110217010e-01 2.922216622416575274e-02 0.000000000000000000e+00 -4.340360000000000440e+00 0.000000000000000000e+00 0.000000000000000000e+00 1.000000000000000000e+00 0.000000000000000000e+00
-2.821992630549710959e-02 9.996017385735742611e-01 0.000000000000000000e+00 2.037559999999999927e-01 -9.996017385735742611e-01 -2.821992630549710959e-02 0.000000000000000000e+00 -4.562339999999999840e+00 0.000000000000000000e+00 0.000000000000000000e+00 1.000000000000000000e+00 0.000000000000000000e+00
-1.614297199177378364e-02 9.998696937377754557e-01 0.000000000000000000e+00 1.968320000000000070e-01 -9.998696937377754557e-01 -1.614297199177378364e-02 0.000000000000000000e+00 -4.782879999999999576e+00 0.000000000000000000e+00 0.000000000000000000e+00 1.000000000000000000e+00 0.000000000000000000e+00
1.005615729685393513e-02 9.999494355718298033e-01 0.000000000000000000e+00 1.941769999999999885e-01 -9.999494355718298033e-01 1.005615729685393513e-02 0.000000000000000000e+00 -5.001019999999999577e+00 0.000000000000000000e+00 0.000000000000000000e+00 1.000000000000000000e+00 0.000000000000000000e+00
3.132120342322577272e-02 9.995093707495297242e-01 0.000000000000000000e+00 1.957510000000000083e-01 -9.995093707495297242e-01 3.132120342322577272e-02 0.000000000000000000e+00 -5.223980000000000068e+00 0.000000000000000000e+00 0.000000000000000000e+00 1.000000000000000000e+00 0.000000000000000000e+00
4.513099221955817197e-02 9.989810776692811256e-01 0.000000000000000000e+00 2.008759999999999990e-01 -9.989810776692811256e-01 4.513099221955817197e-02 0.000000000000000000e+00 -5.450450000000000017e+00 0.000000000000000000e+00 0.000000000000000000e+00 1.000000000000000000e+00 0.000000000000000000e+00
-4.648691360840657982e-02 9.989188990419415326e-01 0.000000000000000000e+00 1.917220000000000035e-01 -9.989188990419415326e-01 -4.648691360840657982e-02 0.000000000000000000e+00 -5.682710000000000150e+00 0.000000000000000000e+00 0.000000000000000000e+00 1.000000000000000000e+00 0.000000000000000000e+00
-1.263351726414864151e-01 9.919876129033294854e-01 0.000000000000000000e+00 1.644879999999999953e-01 -9.919876129033294854e-01 -1.263351726414864151e-01 0.000000000000000000e+00 -5.889850000000000030e+00 0.000000000000000000e+00 0.000000000000000000e+00 1.000000000000000000e+00 0.000000000000000000e+00
-1.017472936003851053e-01 9.948102775127511954e-01 0.000000000000000000e+00 1.385850000000000137e-01 -9.948102775127511954e-01 -1.017472936003851053e-01 0.000000000000000000e+00 -6.113990000000000258e+00 0.000000000000000000e+00 0.000000000000000000e+00 1.000000000000000000e+00 0.000000000000000000e+00
-7.943988155940552576e-02 9.968396587304437784e-01 0.000000000000000000e+00 1.154089999999999977e-01 -9.968396587304437784e-01 -7.943988155940552576e-02 0.000000000000000000e+00 -6.335759999999999614e+00 0.000000000000000000e+00 0.000000000000000000e+00 1.000000000000000000e+00 0.000000000000000000e+00
-6.309174122499530690e-02 9.980077315277663397e-01 0.000000000000000000e+00 9.743690000000000684e-02 -9.980077315277663397e-01 -6.309174122499530690e-02 0.000000000000000000e+00 -6.552999999999999936e+00 0.000000000000000000e+00 0.000000000000000000e+00 1.000000000000000000e+00 0.000000000000000000e+00
-4.488858454863125375e-02 9.989919994560618743e-01 0.000000000000000000e+00 8.350409999999999777e-02 -9.989919994560618743e-01 -4.488858454863125375e-02 0.000000000000000000e+00 -6.775619999999999976e+00 0.000000000000000000e+00 0.000000000000000000e+00 1.000000000000000000e+00 0.000000000000000000e+00
-2.989921661239283018e-02 9.995529184820407531e-01 0.000000000000000000e+00 7.318660000000000443e-02 -9.995529184820407531e-01 -2.989921661239283018e-02 0.000000000000000000e+00 -6.998000000000000220e+00 0.000000000000000000e+00 0.000000000000000000e+00 1.000000000000000000e+00 0.000000000000000000e+00
-1.329328166170366810e-02 9.999116404276242598e-01 0.000000000000000000e+00 6.610349999999999560e-02 -9.999116404276242598e-01 -1.329328166170366810e-02 0.000000000000000000e+00 -7.223440000000000083e+00 0.000000000000000000e+00 0.000000000000000000e+00 1.000000000000000000e+00 0.000000000000000000e+00
1.009615526622125586e-02 9.999490325255784295e-01 0.000000000000000000e+00 6.632330000000000170e-02 -9.999490325255784295e-01 1.009615526622125586e-02 0.000000000000000000e+00 -7.440190000000000303e+00 0.000000000000000000e+00 0.000000000000000000e+00 1.000000000000000000e+00 0.000000000000000000e+00
2.654320900563934132e-02 9.996476669585554475e-01 0.000000000000000000e+00 6.820160000000000111e-02 -9.996476669585554475e-01 2.654320900563934132e-02 0.000000000000000000e+00 -7.662759999999999572e+00 0.000000000000000000e+00 0.000000000000000000e+00 1.000000000000000000e+00 0.000000000000000000e+00
2.602338865360544901e-02 9.996613342742548536e-01 0.000000000000000000e+00 7.180110000000000658e-02 -9.996613342742548536e-01 2.602338865360544901e-02 0.000000000000000000e+00 -7.883469999999999978e+00 0.000000000000000000e+00 0.000000000000000000e+00 1.000000000000000000e+00 0.000000000000000000e+00
2.321424125947582975e-02 9.997305131898029940e-01 0.000000000000000000e+00 7.291860000000000008e-02 -9.997305131898029940e-01 2.321424125947582975e-02 0.000000000000000000e+00 -8.107029999999999959e+00 0.000000000000000000e+00 0.000000000000000000e+00 1.000000000000000000e+00 0.000000000000000000e+00
2.740289607757349574e-02 9.996244701319400017e-01 0.000000000000000000e+00 7.712280000000000524e-02 -9.996244701319400017e-01 2.740289607757349574e-02 0.000000000000000000e+00 -8.332019999999999982e+00 0.000000000000000000e+00 0.000000000000000000e+00 1.000000000000000000e+00 0.000000000000000000e+00
6.046289954626480126e-03 9.999817210218318042e-01 0.000000000000000000e+00 7.669789999999999941e-02 -9.999817210218318042e-01 6.046289954626480126e-03 0.000000000000000000e+00 -8.562630000000000408e+00 0.000000000000000000e+00 0.000000000000000000e+00 1.000000000000000000e+00 0.000000000000000000e+00
-1.926248180400017343e-02 9.998144611850493524e-01 0.000000000000000000e+00 7.176780000000000659e-02 -9.998144611850493524e-01 -1.926248180400017343e-02 0.000000000000000000e+00 -8.785970000000000724e+00 0.000000000000000000e+00 0.000000000000000000e+00 1.000000000000000000e+00 0.000000000000000000e+00
-1.243335284108053503e-02 9.999227028811422668e-01 0.000000000000000000e+00 6.381739999999999635e-02 -9.999227028811422668e-01 -1.243335284108053503e-02 0.000000000000000000e+00 -9.006439999999999557e+00 0.000000000000000000e+00 0.000000000000000000e+00 1.000000000000000000e+00 0.000000000000000000e+00
-4.213660736123767125e-03 9.999911224921953501e-01 0.000000000000000000e+00 5.939429999999999710e-02 -9.999911224921953501e-01 -4.213660736123767125e-03 0.000000000000000000e+00 -9.226940000000000808e+00 0.000000000000000000e+00 0.000000000000000000e+00 1.000000000000000000e+00 0.000000000000000000e+00
-5.163070672474776024e-02 9.986662456111666808e-01 0.000000000000000000e+00 4.773290000000000172e-02 -9.986662456111666808e-01 -5.163070672474776024e-02 0.000000000000000000e+00 -9.454639999999999489e+00 0.000000000000000000e+00 0.000000000000000000e+00 1.000000000000000000e+00 0.000000000000000000e+00
-5.757182190019083379e-02 9.983413671300477299e-01 0.000000000000000000e+00 3.066400000000000028e-02 -9.983413671300477299e-01 -5.757182190019083379e-02 0.000000000000000000e+00 -9.671910000000000451e+00 0.000000000000000000e+00 0.000000000000000000e+00 1.000000000000000000e+00 0.000000000000000000e+00
-2.598074948546159890e-02 9.996624433558428668e-01 0.000000000000000000e+00 2.310119999999999882e-02 -9.996624433558428668e-01 -2.598074948546159890e-02 0.000000000000000000e+00 -9.889969999999999928e+00 0.000000000000000000e+00 0.000000000000000000e+00 1.000000000000000000e+00 0.000000000000000000e+00
-1.187339420718459826e-02 9.999295087704936913e-01 0.000000000000000000e+00 1.356749999999999970e-02 -9.999295087704936913e-01 -1.187339420718459826e-02 0.000000000000000000e+00 -1.011529999999999951e+01 0.000000000000000000e+00 0.000000000000000000e+00 1.000000000000000000e+00 0.000000000000000000e+00
1.746325907280329819e-03 9.999984751717502229e-01 0.000000000000000000e+00 1.187009999999999975e-02 -9.999984751717502229e-01 1.746325907280329819e-03 0.000000000000000000e+00 -1.033820000000000050e+01 0.000000000000000000e+00 0.000000000000000000e+00 1.000000000000000000e+00 0.000000000000000000e+00
1.923514046041479089e-02 9.998149875709345658e-01 0.000000000000000000e+00 1.207770000000000024e-02 -9.998149875709345658e-01 1.923514046041479089e-02 0.000000000000000000e+00 -1.056119999999999948e+01 0.000000000000000000e+00 0.000000000000000000e+00 1.000000000000000000e+00 0.000000000000000000e+00
3.557881626225022076e-02 9.993668734921010710e-01 0.000000000000000000e+00 1.594659999999999828e-02 -9.993668734921010710e-01 3.557881626225022076e-02 0.000000000000000000e+00 -1.078369999999999962e+01 0.000000000000000000e+00 0.000000000000000000e+00 1.000000000000000000e+00 0.000000000000000000e+00
4.966588562179258259e-02 9.987658883869647841e-01 0.000000000000000000e+00 2.228070000000000050e-02 -9.987658883869647841e-01 4.966588562179258259e-02 0.000000000000000000e+00 -1.100009999999999977e+01 0.000000000000000000e+00 0.000000000000000000e+00 1.000000000000000000e+00 0.000000000000000000e+00
6.569897141033433086e-02 9.978394886732154800e-01 0.000000000000000000e+00 3.509759999999999963e-02 -9.978394886732154800e-01 6.569897141033433086e-02 0.000000000000000000e+00 -1.122259999999999991e+01 0.000000000000000000e+00 0.000000000000000000e+00 1.000000000000000000e+00 0.000000000000000000e+00
-1.155341616192111232e-02 9.999332570601847658e-01 0.000000000000000000e+00 3.653300000000000297e-02 -9.999332570601847658e-01 -1.155341616192111232e-02 0.000000000000000000e+00 -1.145509999999999984e+01 0.000000000000000000e+00 0.000000000000000000e+00 1.000000000000000000e+00 0.000000000000000000e+00
-1.256010672843654863e-01 9.920808293163557723e-01 0.000000000000000000e+00 9.123179999999999831e-03 -9.920808293163557723e-01 -1.256010672843654863e-01 0.000000000000000000e+00 -1.167200000000000060e+01 0.000000000000000000e+00 0.000000000000000000e+00 1.000000000000000000e+00 0.000000000000000000e+00
-1.122366850264432531e-01 9.936815015558431163e-01 0.000000000000000000e+00 -2.098850000000000021e-02 -9.936815015558431163e-01 -1.122366850264432531e-01 0.000000000000000000e+00 -1.188480000000000025e+01 0.000000000000000000e+00 0.000000000000000000e+00 1.000000000000000000e+00 0.000000000000000000e+00
-9.786676956608264533e-02 9.951995254292976822e-01 0.000000000000000000e+00 -4.563860000000000139e-02 -9.951995254292976822e-01 -9.786676956608264533e-02 0.000000000000000000e+00 -1.211120000000000019e+01 0.000000000000000000e+00 0.000000000000000000e+00 1.000000000000000000e+00 0.000000000000000000e+00
-8.200149431609328465e-02 9.966322064482603382e-01 0.000000000000000000e+00 -6.688790000000000013e-02 -9.966322064482603382e-01 -8.200149431609328465e-02 0.000000000000000000e+00 -1.233319999999999972e+01 0.000000000000000000e+00 0.000000000000000000e+00 1.000000000000000000e+00 0.000000000000000000e+00
-6.384022920891713193e-02 9.979601320366224826e-01 0.000000000000000000e+00 -8.335520000000000429e-02 -9.979601320366224826e-01 -6.384022920891713193e-02 0.000000000000000000e+00 -1.255039999999999978e+01 0.000000000000000000e+00 0.000000000000000000e+00 1.000000000000000000e+00 0.000000000000000000e+00
-4.948345661944515000e-02 9.987749433786329289e-01 0.000000000000000000e+00 -9.710679999999999312e-02 -9.987749433786329289e-01 -4.948345661944515000e-02 0.000000000000000000e+00 -1.276810000000000045e+01 0.000000000000000000e+00 0.000000000000000000e+00 1.000000000000000000e+00 0.000000000000000000e+00
-3.247796077058760084e-02 9.994724518785819134e-01 0.000000000000000000e+00 -1.080109999999999959e-01 -9.994724518785819134e-01 -3.247796077058760084e-02 0.000000000000000000e+00 -1.299089999999999989e+01 0.000000000000000000e+00 0.000000000000000000e+00 1.000000000000000000e+00 0.000000000000000000e+00
-1.080346304003560604e-02 9.999416408902784825e-01 0.000000000000000000e+00 -1.152360000000000051e-01 -9.999416408902784825e-01 -1.080346304003560604e-02 0.000000000000000000e+00 -1.321860000000000035e+01 0.000000000000000000e+00 0.000000000000000000e+00 1.000000000000000000e+00 0.000000000000000000e+00
1.013615321943472751e-02 9.999486278794086358e-01 0.000000000000000000e+00 -1.168290000000000023e-01 -9.999486278794086358e-01 1.013615321943472751e-02 0.000000000000000000e+00 -1.344030000000000058e+01 0.000000000000000000e+00 0.000000000000000000e+00 1.000000000000000000e+00 0.000000000000000000e+00
3.000182414994761668e-02 9.995498439536047997e-01 0.000000000000000000e+00 -1.140449999999999936e-01 -9.995498439536047997e-01 3.000182414994761668e-02 0.000000000000000000e+00 -1.365970000000000084e+01 0.000000000000000000e+00 0.000000000000000000e+00 1.000000000000000000e+00 0.000000000000000000e+00
5.566753550973618792e-02 9.984493605037123576e-01 0.000000000000000000e+00 -1.055880000000000013e-01 -9.984493605037123576e-01 5.566753550973618792e-02 0.000000000000000000e+00 -1.387500000000000000e+01 0.000000000000000000e+00 0.000000000000000000e+00 1.000000000000000000e+00 0.000000000000000000e+00
5.926158471837166680e-02 9.982424878638793686e-01 0.000000000000000000e+00 -9.757839999999999570e-02 -9.982424878638793686e-01 5.926158471837166680e-02 0.000000000000000000e+00 -1.410229999999999961e+01 0.000000000000000000e+00 0.000000000000000000e+00 1.000000000000000000e+00 0.000000000000000000e+00
7.129578773941212810e-02 9.974552173659811949e-01 0.000000000000000000e+00 -8.363400000000000001e-02 -9.974552173659811949e-01 7.129578773941212810e-02 0.000000000000000000e+00 -1.432080000000000020e+01 0.000000000000000000e+00 0.000000000000000000e+00 1.000000000000000000e+00 0.000000000000000000e+00
6.007014160436175559e-02 9.981941585120761573e-01 0.000000000000000000e+00 -7.102859999999999729e-02 -9.981941585120761573e-01 6.007014160436175559e-02 0.000000000000000000e+00 -1.454770000000000074e+01 0.000000000000000000e+00 0.000000000000000000e+00 1.000000000000000000e+00 0.000000000000000000e+00
2.166325100478628217e-03 9.999976535150265633e-01 0.000000000000000000e+00 -7.139020000000000088e-02 -9.999976535150265633e-01 2.166325100478628217e-03 0.000000000000000000e+00 -1.477260000000000062e+01 0.000000000000000000e+00 0.000000000000000000e+00 1.000000000000000000e+00 0.000000000000000000e+00
-7.515274981556750722e-02 9.971720334000341301e-01 0.000000000000000000e+00 -8.908919999999999340e-02 -9.971720334000341301e-01 -7.515274981556750722e-02 0.000000000000000000e+00 -1.499189999999999934e+01 0.000000000000000000e+00 0.000000000000000000e+00 1.000000000000000000e+00 0.000000000000000000e+00
-7.063480485400117082e-02 9.975022427760437127e-01 0.000000000000000000e+00 -1.089939999999999937e-01 -9.975022427760437127e-01 -7.063480485400117082e-02 0.000000000000000000e+00 -1.521550000000000047e+01 0.000000000000000000e+00 0.000000000000000000e+00 1.000000000000000000e+00 0.000000000000000000e+00
-4.788535405305860415e-02 9.988528384437885821e-01 0.000000000000000000e+00 -1.241329999999999933e-01 -9.988528384437885821e-01 -4.788535405305860415e-02 0.000000000000000000e+00 -1.543650000000000055e+01 0.000000000000000000e+00 0.000000000000000000e+00 1.000000000000000000e+00 0.000000000000000000e+00
-2.857978109495940694e-02 9.995915146261317163e-01 0.000000000000000000e+00 -1.371660000000000101e-01 -9.995915146261317163e-01 -2.857978109495940694e-02 0.000000000000000000e+00 -1.565649999999999942e+01 0.000000000000000000e+00 0.000000000000000000e+00 1.000000000000000000e+00 0.000000000000000000e+00
-9.253541139607895233e-03 9.999571850716297838e-01 0.000000000000000000e+00 -1.399390000000000078e-01 -9.999571850716297838e-01 -9.253541139607895233e-03 0.000000000000000000e+00 -1.587310000000000088e+01 0.000000000000000000e+00 0.000000000000000000e+00 1.000000000000000000e+00 0.000000000000000000e+00
2.886322787290206745e-03 9.999958345617083744e-01 0.000000000000000000e+00 -1.432730000000000115e-01 -9.999958345617083744e-01 2.886322787290206745e-03 0.000000000000000000e+00 -1.610249999999999915e+01 0.000000000000000000e+00 0.000000000000000000e+00 1.000000000000000000e+00 0.000000000000000000e+00
1.386588244112779873e-02 9.999038640310021764e-01 0.000000000000000000e+00 -1.428079999999999905e-01 -9.999038640310021764e-01 1.386588244112779873e-02 0.000000000000000000e+00 -1.632669999999999888e+01 0.000000000000000000e+00 0.000000000000000000e+00 1.000000000000000000e+00 0.000000000000000000e+00
1.202603689730219472e-02 9.999276846035141109e-01 0.000000000000000000e+00 -1.420089999999999963e-01 -9.999276846035141109e-01 1.202603689730219472e-02 0.000000000000000000e+00 -1.655000000000000071e+01 0.000000000000000000e+00 0.000000000000000000e+00 1.000000000000000000e+00 0.000000000000000000e+00
-3.367320509696573828e-05 9.999999994330576181e-01 0.000000000000000000e+00 -1.447489999999999888e-01 -9.999999994330576181e-01 -3.367320509696573828e-05 0.000000000000000000e+00 -1.677189999999999870e+01 0.000000000000000000e+00 0.000000000000000000e+00 1.000000000000000000e+00 0.000000000000000000e+00
1.168606079598226086e-02 9.999317156601608136e-01 0.000000000000000000e+00 -1.476329999999999865e-01 -9.999317156601608136e-01 1.168606079598226086e-02 0.000000000000000000e+00 -1.698939999999999984e+01 0.000000000000000000e+00 0.000000000000000000e+00 1.000000000000000000e+00 0.000000000000000000e+00
1.580566862775826392e-02 9.998750826174385153e-01 0.000000000000000000e+00 -1.469640000000000113e-01 -9.998750826174385153e-01 1.580566862775826392e-02 0.000000000000000000e+00 -1.721509999999999962e+01 0.000000000000000000e+00 0.000000000000000000e+00 1.000000000000000000e+00 0.000000000000000000e+00
-7.103380008968743220e-02 9.974739090546771436e-01 0.000000000000000000e+00 -1.608570000000000000e-01 -9.974739090546771436e-01 -7.103380008968743220e-02 0.000000000000000000e+00 -1.743769999999999953e+01 0.000000000000000000e+00 0.000000000000000000e+00 1.000000000000000000e+00 0.000000000000000000e+00
-9.078848688185935101e-02 9.958701976912966991e-01 0.000000000000000000e+00 -1.856180000000000052e-01 -9.958701976912966991e-01 -9.078848688185935101e-02 0.000000000000000000e+00 -1.765690000000000026e+01 0.000000000000000000e+00 0.000000000000000000e+00 1.000000000000000000e+00 0.000000000000000000e+00
-5.113136716890957084e-02 9.986919361301752618e-01 0.000000000000000000e+00 -1.998020000000000074e-01 -9.986919361301752618e-01 -5.113136716890957084e-02 0.000000000000000000e+00 -1.787699999999999889e+01 0.000000000000000000e+00 0.000000000000000000e+00 1.000000000000000000e+00 0.000000000000000000e+00
-4.721611195350366996e-02 9.988846974360925390e-01 0.000000000000000000e+00 -2.144020000000000092e-01 -9.988846974360925390e-01 -4.721611195350366996e-02 0.000000000000000000e+00 -1.810200000000000031e+01 0.000000000000000000e+00 0.000000000000000000e+00 1.000000000000000000e+00 0.000000000000000000e+00
-3.478665342832830409e-02 9.993947612146349968e-01 0.000000000000000000e+00 -2.262280000000000124e-01 -9.993947612146349968e-01 -3.478665342832830409e-02 0.000000000000000000e+00 -1.832189999999999941e+01 0.000000000000000000e+00 0.000000000000000000e+00 1.000000000000000000e+00 0.000000000000000000e+00
-1.071346824872302511e-02 9.999426091521871340e-01 0.000000000000000000e+00 -2.340750000000000053e-01 -9.999426091521871340e-01 -1.071346824872302511e-02 0.000000000000000000e+00 -1.854250000000000043e+01 0.000000000000000000e+00 0.000000000000000000e+00 1.000000000000000000e+00 0.000000000000000000e+00
8.776214130826742732e-03 9.999614882911890268e-01 0.000000000000000000e+00 -2.371709999999999929e-01 -9.999614882911890268e-01 8.776214130826742732e-03 0.000000000000000000e+00 -1.876269999999999882e+01 0.000000000000000000e+00 0.000000000000000000e+00 1.000000000000000000e+00 0.000000000000000000e+00
1.022614855477088462e-02 9.999477115758281798e-01 0.000000000000000000e+00 -2.384610000000000063e-01 -9.999477115758281798e-01 1.022614855477088462e-02 0.000000000000000000e+00 -1.898750000000000071e+01 0.000000000000000000e+00 0.000000000000000000e+00 1.000000000000000000e+00 0.000000000000000000e+00
-1.277332583486218316e-02 9.999184177457260958e-01 0.000000000000000000e+00 -2.419650000000000134e-01 -9.999184177457260958e-01 -1.277332583486218316e-02 0.000000000000000000e+00 -1.921089999999999876e+01 0.000000000000000000e+00 0.000000000000000000e+00 1.000000000000000000e+00 0.000000000000000000e+00
1.274598165086465035e-02 9.999187666764515203e-01 0.000000000000000000e+00 -2.440910000000000024e-01 -9.999187666764515203e-01 1.274598165086465035e-02 0.000000000000000000e+00 -1.943400000000000105e+01 0.000000000000000000e+00 0.000000000000000000e+00 1.000000000000000000e+00 0.000000000000000000e+00
7.026268980937193029e-03 9.999753154674406730e-01 0.000000000000000000e+00 -2.483249999999999902e-01 -9.999753154674406730e-01 7.026268980937193029e-03 0.000000000000000000e+00 -1.965889999999999915e+01 0.000000000000000000e+00 0.000000000000000000e+00 1.000000000000000000e+00 0.000000000000000000e+00
-1.776273900433014696e-02 9.998422301058622619e-01 0.000000000000000000e+00 -2.533630000000000049e-01 -9.998422301058622619e-01 -1.776273900433014696e-02 0.000000000000000000e+00 -1.987559999999999860e+01 0.000000000000000000e+00 0.000000000000000000e+00 1.000000000000000000e+00 0.000000000000000000e+00
9.896165259126322999e-03 9.999510317576376650e-01 0.000000000000000000e+00 -2.564580000000000193e-01 -9.999510317576376650e-01 9.896165259126322999e-03 0.000000000000000000e+00 -2.009550000000000125e+01 0.000000000000000000e+00 0.000000000000000000e+00 1.000000000000000000e+00 0.000000000000000000e+00
2.052488543206963320e-02 9.997893423506776234e-01 0.000000000000000000e+00 -2.560990000000000211e-01 -9.997893423506776234e-01 2.052488543206963320e-02 0.000000000000000000e+00 -2.031840000000000046e+01 0.000000000000000000e+00 0.000000000000000000e+00 1.000000000000000000e+00 0.000000000000000000e+00
1.096326575278080495e-03 9.999993990338396088e-01 0.000000000000000000e+00 -2.570520000000000027e-01 -9.999993990338396088e-01 1.096326575278080495e-03 0.000000000000000000e+00 -2.054710000000000036e+01 0.000000000000000000e+00 0.000000000000000000e+00 1.000000000000000000e+00 0.000000000000000000e+00
