9.982727709644773073e-01 5.874925319444226218e-02 0.000000000000000000e+00 3.841134080292363251e-02 -5.874925319444195687e-02 9.982727709644773073e-01 0.000000000000000000e+00 -2.006960588249970812e-01 0.000000000000000000e+00 0.000000000000000000e+00 1.000000000000000000e+00 0.000000000000000000e+00
9.983037096391456089e-01 5.822115870300741125e-02 0.000000000000000000e+00 3.361690872826272880e-02 -5.822115870300711982e-02 9.983037096391456089e-01 0.000000000000000000e+00 -2.966907639971143595e-01 0.000000000000000000e+00 0.000000000000000000e+00 1.000000000000000000e+00 0.000000000000000000e+00
9.960642941245930748e-01 8.863363904340432198e-02 0.000000000000000000e+00 2.744035437667236010e-02 -8.863363904340405830e-02 9.960642941245931858e-01 0.000000000000000000e+00 -3.925449771353042294e-01 0.000000000000000000e+00 0.000000000000000000e+00 1.000000000000000000e+00 0.000000000000000000e+00
9.946137704243620536e-01 1.036506038681622860e-01 0.000000000000000000e+00 2.145918591809703457e-02 -1.036506038681620084e-01 9.946137704243621647e-01 0.000000000000000000e+00 -4.661200111065513241e-01 0.000000000000000000e+00 0.000000000000000000e+00 1.000000000000000000e+00 0.000000000000000000e+00
9.909711706446024948e-01 1.340751242821220934e-01 0.000000000000000000e+00 8.797010174006913985e-03 -1.340751242821218159e-01 9.909711706446026058e-01 0.000000000000000000e+00 -5.812914889360323301e-01 0.000000000000000000e+00 0.000000000000000000e+00 1.000000000000000000e+00 0.000000000000000000e+00
9.888127176177318178e-01 1.491623594524979501e-01 0.000000000000000000e+00 -3.933925221183187659e-03 -1.491623594524976726e-01 9.888127176177319289e-01 0.000000000000000000e+00 -6.789177317397108169e-01 0.000000000000000000e+00 0.000000000000000000e+00 1.000000000000000000e+00 0.000000000000000000e+00
9.864145606813761180e-01 1.642751182491375972e-01 0.000000000000000000e+00 -1.898219558835023690e-02 -1.642751182491373474e-01 9.864145606813761180e-01 0.000000000000000000e+00 -7.762794776102355243e-01 0.000000000000000000e+00 0.000000000000000000e+00 1.000000000000000000e+00 0.000000000000000000e+00
9.837752135801159925e-01 1.794054880581904543e-01 0.000000000000000000e+00 -3.683540126255735458e-02 -1.794054880581902323e-01 9.837752135801161035e-01 0.000000000000000000e+00 -8.781024271214077359e-01 0.000000000000000000e+00 0.000000000000000000e+00 1.000000000000000000e+00 0.000000000000000000e+00
9.808942682080062925e-01 1.945416011979959336e-01 0.000000000000000000e+00 -5.401140455273889529e-02 -1.945416011979955728e-01 9.808942682080064035e-01 0.000000000000000000e+00 -9.700602158669839881e-01 0.000000000000000000e+00 0.000000000000000000e+00 1.000000000000000000e+00 0.000000000000000000e+00
9.777701836843876171e-01 2.096794408085811967e-01 0.000000000000000000e+00 -7.426473226142604744e-02 -2.096794408085808636e-01 9.777701836843877281e-01 0.000000000000000000e+00 -1.071436607185300538e+00 0.000000000000000000e+00 0.000000000000000000e+00 1.000000000000000000e+00 0.000000000000000000e+00
9.808901826180942418e-01 1.945621999347303677e-01 0.000000000000000000e+00 -9.219388698694785944e-02 -1.945621999347300901e-01 9.808901826180943528e-01 0.000000000000000000e+00 -1.163187603969139339e+00 0.000000000000000000e+00 0.000000000000000000e+00 1.000000000000000000e+00 0.000000000000000000e+00
9.864247438428123127e-01 1.642139602306777468e-01 0.000000000000000000e+00 -1.093356861461103335e-01 -1.642139602306774138e-01 9.864247438428123127e-01 0.000000000000000000e+00 -1.262709705643023206e+00 0.000000000000000000e+00 0.000000000000000000e+00 1.000000000000000000e+00 0.000000000000000000e+00
9.910129538501514235e-01 1.337659347561928058e-01 0.000000000000000000e+00 -1.229946448361189937e-01 -1.337659347561925283e-01 9.910129538501514235e-01 0.000000000000000000e+00 -1.352738661249009766e+00 0.000000000000000000e+00 0.000000000000000000e+00 1.000000000000000000e+00 0.000000000000000000e+00
9.946546348195196563e-01 1.032577233530183602e-01 0.000000000000000000e+00 -1.335831171187962241e-01 -1.032577233530180688e-01 9.946546348195197673e-01 0.000000000000000000e+00 -1.443238905749890222e+00 0.000000000000000000e+00 0.000000000000000000e+00 1.000000000000000000e+00 0.000000000000000000e+00
9.973533517083086331e-01 7.270688988124414387e-02 0.000000000000000000e+00 -1.385722463835179497e-01 -7.270688988124385244e-02 9.973533517083086331e-01 0.000000000000000000e+00 -1.509332238160807194e+00 0.000000000000000000e+00 0.000000000000000000e+00 1.000000000000000000e+00 0.000000000000000000e+00
9.973262357370241693e-01 7.307790028878753674e-02 0.000000000000000000e+00 -1.461942361330059725e-01 -7.307790028878723143e-02 9.973262357370241693e-01 0.000000000000000000e+00 -1.624958166361443190e+00 0.000000000000000000e+00 0.000000000000000000e+00 1.000000000000000000e+00 0.000000000000000000e+00
9.945409713272159724e-01 1.043468080562036104e-01 0.000000000000000000e+00 -1.534880644393368243e-01 -1.043468080562033468e-01 9.945409713272160834e-01 0.000000000000000000e+00 -1.720771161662902671e+00 0.000000000000000000e+00 0.000000000000000000e+00 1.000000000000000000e+00 0.000000000000000000e+00
9.927443153478315852e-01 1.202444358154072801e-01 0.000000000000000000e+00 -1.636368165403538910e-01 -1.202444358154069887e-01 9.927443153478316962e-01 0.000000000000000000e+00 -1.818761175596938173e+00 0.000000000000000000e+00 0.000000000000000000e+00 1.000000000000000000e+00 0.000000000000000000e+00
9.906841599738112070e-01 1.361796430344285325e-01 0.000000000000000000e+00 -1.757884181925462030e-01 -1.361796430344282549e-01 9.906841599738113180e-01 0.000000000000000000e+00 -1.916453542633909990e+00 0.000000000000000000e+00 0.000000000000000000e+00 1.000000000000000000e+00 0.000000000000000000e+00
9.883584995236931459e-01 1.521429473201903471e-01 0.000000000000000000e+00 -1.880731467839140691e-01 -1.521429473201900417e-01 9.883584995236931459e-01 0.000000000000000000e+00 -2.009263054233940693e+00 0.000000000000000000e+00 0.000000000000000000e+00 1.000000000000000000e+00 0.000000000000000000e+00
9.882477832836311649e-01 1.528604554323643727e-01 0.000000000000000000e+00 -2.028562174398444995e-01 -1.528604554323640952e-01 9.882477832836311649e-01 0.000000000000000000e+00 -2.109140683470830169e+00 0.000000000000000000e+00 0.000000000000000000e+00 1.000000000000000000e+00 0.000000000000000000e+00
9.881276369826499373e-01 1.536351946367918719e-01 0.000000000000000000e+00 -2.161592971778034666e-01 -1.536351946367915944e-01 9.881276369826499373e-01 0.000000000000000000e+00 -2.199227519742763093e+00 0.000000000000000000e+00 0.000000000000000000e+00 1.000000000000000000e+00 0.000000000000000000e+00
9.902683803625207393e-01 1.391708836437793861e-01 0.000000000000000000e+00 -2.300489000589820421e-01 -1.391708836437791086e-01 9.902683803625207393e-01 0.000000000000000000e+00 -2.296721514079862914e+00 0.000000000000000000e+00 0.000000000000000000e+00 1.000000000000000000e+00 0.000000000000000000e+00
9.921894239305749652e-01 1.247403184231718337e-01 0.000000000000000000e+00 -2.421515673906640131e-01 -1.247403184231715700e-01 9.921894239305749652e-01 0.000000000000000000e+00 -2.389448238617392306e+00 0.000000000000000000e+00 0.000000000000000000e+00 1.000000000000000000e+00 0.000000000000000000e+00
9.920673305393835628e-01 1.257076436676062836e-01 0.000000000000000000e+00 -2.522441957709347093e-01 -1.257076436676060338e-01 9.920673305393835628e-01 0.000000000000000000e+00 -2.474999327753518941e+00 0.000000000000000000e+00 0.000000000000000000e+00 1.000000000000000000e+00 0.000000000000000000e+00
9.953813310678648607e-01 9.600003000815129917e-02 0.000000000000000000e+00 -2.624346927922402983e-01 -9.600003000815102161e-02 9.953813310678649717e-01 0.000000000000000000e+00 -2.570481701888535753e+00 0.000000000000000000e+00 0.000000000000000000e+00 1.000000000000000000e+00 0.000000000000000000e+00
9.936512258013844301e-01 1.125044064177332520e-01 0.000000000000000000e+00 -2.720951417801060757e-01 -1.125044064177329606e-01 9.936512258013844301e-01 0.000000000000000000e+00 -2.668579233587109911e+00 0.000000000000000000e+00 0.000000000000000000e+00 1.000000000000000000e+00 0.000000000000000000e+00
9.951551459247248710e-01 9.831701551379556925e-02 0.000000000000000000e+00 -2.811266199263826593e-01 -9.831701551379530557e-02 9.951551459247249820e-01 0.000000000000000000e+00 -2.766610465357873139e+00 0.000000000000000000e+00 0.000000000000000000e+00 1.000000000000000000e+00 0.000000000000000000e+00
9.933686996035909766e-01 1.149722864340407269e-01 0.000000000000000000e+00 -2.906546447531468402e-01 -1.149722864340404355e-01 9.933686996035909766e-01 0.000000000000000000e+00 -2.864757634155045807e+00 0.000000000000000000e+00 0.000000000000000000e+00 1.000000000000000000e+00 0.000000000000000000e+00
9.932125818569607079e-01 1.163132290026822196e-01 0.000000000000000000e+00 -3.003492978720458950e-01 -1.163132290026819143e-01 9.932125818569608189e-01 0.000000000000000000e+00 -2.955290852925308798e+00 0.000000000000000000e+00 0.000000000000000000e+00 1.000000000000000000e+00 0.000000000000000000e+00
9.947482898501266435e-01 1.023515502581603398e-01 0.000000000000000000e+00 -3.108539289250984439e-01 -1.023515502581600761e-01 9.947482898501267545e-01 0.000000000000000000e+00 -3.053222986193398825e+00 0.000000000000000000e+00 0.000000000000000000e+00 1.000000000000000000e+00 0.000000000000000000e+00
9.928688326624590665e-01 1.192119168853775085e-01 0.000000000000000000e+00 -3.209537467055980642e-01 -1.192119168853771893e-01 9.928688326624591776e-01 0.000000000000000000e+00 -3.146247357627991903e+00 0.000000000000000000e+00 0.000000000000000000e+00 1.000000000000000000e+00 0.000000000000000000e+00
9.926808086761502725e-01 1.207675953476956554e-01 0.000000000000000000e+00 -3.317235774698943374e-01 -1.207675953476953640e-01 9.926808086761502725e-01 0.000000000000000000e+00 -3.241663607529716273e+00 0.000000000000000000e+00 0.000000000000000000e+00 1.000000000000000000e+00 0.000000000000000000e+00
9.942564664097999216e-01 1.070237310240058498e-01 0.000000000000000000e+00 -3.417323646205474574e-01 -1.070237310240056000e-01 9.942564664098000327e-01 0.000000000000000000e+00 -3.334646585433056032e+00 0.000000000000000000e+00 0.000000000000000000e+00 1.000000000000000000e+00 0.000000000000000000e+00
9.922712882630313480e-01 1.240874308253039210e-01 0.000000000000000000e+00 -3.515673340788438850e-01 -1.240874308253035879e-01 9.922712882630313480e-01 0.000000000000000000e+00 -3.427770231064839024e+00 0.000000000000000000e+00 0.000000000000000000e+00 1.000000000000000000e+00 0.000000000000000000e+00
9.938772307559249342e-01 1.104900456373071604e-01 0.000000000000000000e+00 -3.619320001815395926e-01 -1.104900456373068551e-01 9.938772307559250452e-01 0.000000000000000000e+00 -3.520695328302236859e+00 0.000000000000000000e+00 0.000000000000000000e+00 1.000000000000000000e+00 0.000000000000000000e+00
9.918145697308891062e-01 1.276865665194728272e-01 0.000000000000000000e+00 -3.733718439296396241e-01 -1.276865665194725219e-01 9.918145697308891062e-01 0.000000000000000000e+00 -3.618503456671094298e+00 0.000000000000000000e+00 0.000000000000000000e+00 1.000000000000000000e+00 0.000000000000000000e+00
9.915669355962791753e-01 1.295955718078549979e-01 0.000000000000000000e+00 -3.847699427574511333e-01 -1.295955718078546648e-01 9.915669355962791753e-01 0.000000000000000000e+00 -3.718819224838973980e+00 0.000000000000000000e+00 0.000000000000000000e+00 1.000000000000000000e+00 0.000000000000000000e+00
9.932231622483886913e-01 1.162228461762631060e-01 0.000000000000000000e+00 -3.966566960874473580e-01 -1.162228461762628284e-01 9.932231622483886913e-01 0.000000000000000000e+00 -3.816610866073137487e+00 0.000000000000000000e+00 0.000000000000000000e+00 1.000000000000000000e+00 0.000000000000000000e+00
9.929811628519430444e-01 1.182726097674491467e-01 0.000000000000000000e+00 -4.065334104660323078e-01 -1.182726097674488414e-01 9.929811628519430444e-01 0.000000000000000000e+00 -3.907226871905905341e+00 0.000000000000000000e+00 0.000000000000000000e+00 1.000000000000000000e+00 0.000000000000000000e+00
9.927262675141534931e-01 1.203933461094011254e-01 0.000000000000000000e+00 -4.172122106004891862e-01 -1.203933461094008200e-01 9.927262675141533821e-01 0.000000000000000000e+00 -4.002601728276379944e+00 0.000000000000000000e+00 0.000000000000000000e+00 1.000000000000000000e+00 0.000000000000000000e+00
9.942356850961934223e-01 1.072166147633070304e-01 0.000000000000000000e+00 -4.268237252678375171e-01 -1.072166147633067251e-01 9.942356850961934223e-01 0.000000000000000000e+00 -4.095733617475509902e+00 0.000000000000000000e+00 0.000000000000000000e+00 1.000000000000000000e+00 0.000000000000000000e+00
9.921754467919285947e-01 1.248514428560484890e-01 0.000000000000000000e+00 -4.367904161091544779e-01 -1.248514428560482392e-01 9.921754467919287057e-01 0.000000000000000000e+00 -4.193640844347044094e+00 0.000000000000000000e+00 0.000000000000000000e+00 1.000000000000000000e+00 0.000000000000000000e+00
9.937274990596981494e-01 1.118286976252431814e-01 0.000000000000000000e+00 -4.468902338896469928e-01 -1.118286976252428899e-01 9.937274990596982605e-01 0.000000000000000000e+00 -4.286665215781631844e+00 0.000000000000000000e+00 0.000000000000000000e+00 1.000000000000000000e+00 0.000000000000000000e+00
9.965110525562841381e-01 8.346090182335105800e-02 0.000000000000000000e+00 -4.548958201000772306e-01 -8.346090182335076657e-02 9.965110525562841381e-01 0.000000000000000000e+00 -4.382362449751205702e+00 0.000000000000000000e+00 0.000000000000000000e+00 1.000000000000000000e+00 0.000000000000000000e+00
9.975165309539044678e-01 7.043273722984615126e-02 0.000000000000000000e+00 -4.609410044576947030e-01 -7.043273722984584595e-02 9.975165309539045788e-01 0.000000000000000000e+00 -4.471016472480481951e+00 0.000000000000000000e+00 0.000000000000000000e+00 1.000000000000000000e+00 0.000000000000000000e+00
9.973383529272555892e-01 7.291234312754815705e-02 0.000000000000000000e+00 -4.661755081030634074e-01 -7.291234312754786562e-02 9.973383529272555892e-01 0.000000000000000000e+00 -4.557104799050270216e+00 0.000000000000000000e+00 0.000000000000000000e+00 1.000000000000000000e+00 0.000000000000000000e+00
9.971492595140328818e-01 7.545431896595782006e-02 0.000000000000000000e+00 -4.701466376102345635e-01 -7.545431896595748700e-02 9.971492595140328818e-01 0.000000000000000000e+00 -4.623504197620114553e+00 0.000000000000000000e+00 0.000000000000000000e+00 1.000000000000000000e+00 0.000000000000000000e+00
9.969469758998044107e-01 7.808154227623256838e-02 0.000000000000000000e+00 -4.765962838513786437e-01 -7.808154227623229082e-02 9.969469758998044107e-01 0.000000000000000000e+00 -4.719482591352058165e+00 0.000000000000000000e+00 0.000000000000000000e+00 1.000000000000000000e+00 0.000000000000000000e+00
9.953614377362478560e-01 9.620607188545837740e-02 0.000000000000000000e+00 -4.859152326876454708e-01 -9.620607188545809985e-02 9.953614377362478560e-01 0.000000000000000000e+00 -4.832584568313505358e+00 0.000000000000000000e+00 0.000000000000000000e+00 1.000000000000000000e+00 0.000000000000000000e+00
9.953363905146230817e-01 9.646486260458873863e-02 0.000000000000000000e+00 -4.976343035583852270e-01 -9.646486260458847495e-02 9.953363905146230817e-01 0.000000000000000000e+00 -4.945239987082093336e+00 0.000000000000000000e+00 0.000000000000000000e+00 1.000000000000000000e+00 0.000000000000000000e+00
9.953303112530379471e-01 9.652756860571526376e-02 0.000000000000000000e+00 -5.040634357659783404e-01 -9.652756860571497233e-02 9.953303112530379471e-01 0.000000000000000000e+00 -5.011548706411133480e+00 0.000000000000000000e+00 0.000000000000000000e+00 1.000000000000000000e+00 0.000000000000000000e+00
9.953245178073305555e-01 9.658728825060486356e-02 0.000000000000000000e+00 -5.133766007581854751e-01 -9.658728825060458600e-02 9.953245178073305555e-01 0.000000000000000000e+00 -5.107510964397429021e+00 0.000000000000000000e+00 0.000000000000000000e+00 1.000000000000000000e+00 0.000000000000000000e+00
9.966946924392128260e-01 8.123847649668949900e-02 0.000000000000000000e+00 -5.212583577639051668e-01 -8.123847649668922144e-02 9.966946924392129370e-01 0.000000000000000000e+00 -5.201064681087373742e+00 0.000000000000000000e+00 0.000000000000000000e+00 1.000000000000000000e+00 0.000000000000000000e+00
9.966897350377992293e-01 8.129927472174641734e-02 0.000000000000000000e+00 -5.290569763180741347e-01 -8.129927472174612590e-02 9.966897350377993403e-01 0.000000000000000000e+00 -5.297217068206190760e+00 0.000000000000000000e+00 0.000000000000000000e+00 1.000000000000000000e+00 0.000000000000000000e+00
9.966847739277030493e-01 8.136007264428868346e-02 0.000000000000000000e+00 -5.376087463075904793e-01 -8.136007264428839203e-02 9.966847739277030493e-01 0.000000000000000000e+00 -5.393162663363272102e+00 0.000000000000000000e+00 0.000000000000000000e+00 1.000000000000000000e+00 0.000000000000000000e+00
9.966796462652088850e-01 8.142286362354556051e-02 0.000000000000000000e+00 -5.450439451204474040e-01 -8.142286362354526907e-02 9.966796462652088850e-01 0.000000000000000000e+00 -5.484316258018736789e+00 0.000000000000000000e+00 0.000000000000000000e+00 1.000000000000000000e+00 0.000000000000000000e+00
9.966745146468932726e-01 8.148565427963508356e-02 0.000000000000000000e+00 -5.528839572058714680e-01 -8.148565427963476437e-02 9.966745146468932726e-01 0.000000000000000000e+00 -5.580377614507703754e+00 0.000000000000000000e+00 0.000000000000000000e+00 1.000000000000000000e+00 0.000000000000000000e+00
9.952886154254814155e-01 9.695654699105497876e-02 0.000000000000000000e+00 -5.615264064361937812e-01 -9.695654699105465957e-02 9.952886154254814155e-01 0.000000000000000000e+00 -5.678781212365208830e+00 0.000000000000000000e+00 0.000000000000000000e+00 1.000000000000000000e+00 0.000000000000000000e+00
9.966641579311459331e-01 8.161223128551388373e-02 0.000000000000000000e+00 -5.717542560147776953e-01 -8.161223128551359229e-02 9.966641579311460442e-01 0.000000000000000000e+00 -5.801963561315849560e+00 0.000000000000000000e+00 0.000000000000000000e+00 1.000000000000000000e+00 0.000000000000000000e+00
9.949705549624366929e-01 1.001678329492114855e-01 0.000000000000000000e+00 -5.121589984391334838e-01 -1.001678329492111663e-01 9.949705549624366929e-01 0.000000000000000000e+00 -5.114537161419473676e+00 0.000000000000000000e+00 0.000000000000000000e+00 1.000000000000000000e+00 0.000000000000000000e+00
9.949817675192482724e-01 1.000563956190359260e-01 0.000000000000000000e+00 -5.244803768096986119e-01 -1.000563956190356207e-01 9.949817675192482724e-01 0.000000000000000000e+00 -5.239879866173479783e+00 0.000000000000000000e+00 0.000000000000000000e+00 1.000000000000000000e+00 0.000000000000000000e+00
9.949897688469475643e-01 9.997679675753887163e-02 0.000000000000000000e+00 -5.368431487115259415e-01 -9.997679675753856632e-02 9.949897688469475643e-01 0.000000000000000000e+00 -5.365131540297632284e+00 0.000000000000000000e+00 0.000000000000000000e+00 1.000000000000000000e+00 0.000000000000000000e+00
9.933278218481196298e-01 1.153249250703017870e-01 0.000000000000000000e+00 -5.499669642269964243e-01 -1.153249250703014955e-01 9.933278218481196298e-01 0.000000000000000000e+00 -5.492816486420172950e+00 0.000000000000000000e+00 0.000000000000000000e+00 1.000000000000000000e+00 0.000000000000000000e+00
9.949926677556599763e-01 9.994794201220605356e-02 0.000000000000000000e+00 -5.622390568880106798e-01 -9.994794201220574825e-02 9.949926677556599763e-01 0.000000000000000000e+00 -5.615610157843905270e+00 0.000000000000000000e+00 0.000000000000000000e+00 1.000000000000000000e+00 0.000000000000000000e+00
9.949893689318005663e-01 9.998077671581445669e-02 0.000000000000000000e+00 -5.745604352585829133e-01 -9.998077671581415138e-02 9.949893689318006773e-01 0.000000000000000000e+00 -5.740952862597907824e+00 0.000000000000000000e+00 0.000000000000000000e+00 1.000000000000000000e+00 0.000000000000000000e+00
9.946964754766045580e-01 1.028538850720809444e-01 0.000000000000000000e+00 -5.804596951272600336e-01 -1.028538850720806669e-01 9.946964754766046690e-01 0.000000000000000000e+00 -5.808668434905921885e+00 0.000000000000000000e+00 0.000000000000000000e+00 1.000000000000000000e+00 0.000000000000000000e+00
9.926230896035201923e-01 1.212410903364131848e-01 0.000000000000000000e+00 -5.886978581685795575e-01 -1.212410903364128795e-01 9.926230896035201923e-01 0.000000000000000000e+00 -5.898539357176169062e+00 0.000000000000000000e+00 0.000000000000000000e+00 1.000000000000000000e+00 0.000000000000000000e+00
9.940479500418333281e-01 1.089434395346011997e-01 0.000000000000000000e+00 -5.933754888193547572e-01 -1.089434395346008805e-01 9.940479500418333281e-01 0.000000000000000000e+00 -5.944058361685216951e+00 0.000000000000000000e+00 0.000000000000000000e+00 1.000000000000000000e+00 0.000000000000000000e+00
9.918402146954364840e-01 1.274872092129667733e-01 0.000000000000000000e+00 -6.033095567803243853e-01 -1.274872092129664403e-01 9.918402146954365950e-01 0.000000000000000000e+00 -6.038655160223786567e+00 0.000000000000000000e+00 0.000000000000000000e+00 1.000000000000000000e+00 0.000000000000000000e+00
9.914138455824035301e-01 1.307615646415664634e-01 0.000000000000000000e+00 -6.095750475026378012e-01 -1.307615646415662136e-01 9.914138455824035301e-01 0.000000000000000000e+00 -6.092036651641773659e+00 0.000000000000000000e+00 0.000000000000000000e+00 1.000000000000000000e+00 0.000000000000000000e+00
9.929208334648972345e-01 1.187780218364236501e-01 0.000000000000000000e+00 -6.224448936810702548e-01 -1.187780218364233031e-01 9.929208334648973455e-01 0.000000000000000000e+00 -6.201919757983668902e+00 0.000000000000000000e+00 0.000000000000000000e+00 1.000000000000000000e+00 0.000000000000000000e+00
9.925056297918217751e-01 1.221989150178506428e-01 0.000000000000000000e+00 -6.280814135617944771e-01 -1.221989150178503652e-01 9.925056297918217751e-01 0.000000000000000000e+00 -6.255234949473843287e+00 0.000000000000000000e+00 0.000000000000000000e+00 1.000000000000000000e+00 0.000000000000000000e+00
9.938941241000055493e-01 1.103379811283641265e-01 0.000000000000000000e+00 -6.372305856796813828e-01 -1.103379811283638628e-01 9.938941241000055493e-01 0.000000000000000000e+00 -6.340686588718254413e+00 0.000000000000000000e+00 0.000000000000000000e+00 1.000000000000000000e+00 0.000000000000000000e+00
9.951289583923080828e-01 9.858172330123060600e-02 0.000000000000000000e+00 -6.474196771448248455e-01 -9.858172330123034233e-02 9.951289583923080828e-01 0.000000000000000000e+00 -6.445835399529956433e+00 0.000000000000000000e+00 0.000000000000000000e+00 1.000000000000000000e+00 0.000000000000000000e+00
9.961762302751170362e-01 8.736657389904527171e-02 0.000000000000000000e+00 -6.520892399227662395e-01 -8.736657389904493864e-02 9.961762302751171472e-01 0.000000000000000000e+00 -6.489922644663472795e+00 0.000000000000000000e+00 0.000000000000000000e+00 1.000000000000000000e+00 0.000000000000000000e+00
9.971015254119647286e-01 7.608250798398674686e-02 0.000000000000000000e+00 -6.601372738315660627e-01 -7.608250798398648318e-02 9.971015254119648397e-01 0.000000000000000000e+00 -6.578279020495685359e+00 0.000000000000000000e+00 0.000000000000000000e+00 1.000000000000000000e+00 0.000000000000000000e+00
9.967784008170016419e-01 8.020486060520957972e-02 0.000000000000000000e+00 -6.649118946507641681e-01 -8.020486060520927440e-02 9.967784008170017529e-01 0.000000000000000000e+00 -6.639770832926551236e+00 0.000000000000000000e+00 0.000000000000000000e+00 1.000000000000000000e+00 0.000000000000000000e+00
9.952492663989170874e-01 9.735963091763411015e-02 0.000000000000000000e+00 -6.734812059420960395e-01 -9.735963091763384647e-02 9.952492663989170874e-01 0.000000000000000000e+00 -6.728913510158010425e+00 0.000000000000000000e+00 0.000000000000000000e+00 1.000000000000000000e+00 0.000000000000000000e+00
9.952526733764082145e-01 9.732479713368460961e-02 0.000000000000000000e+00 -6.803402335133341694e-01 -9.732479713368429042e-02 9.952526733764082145e-01 0.000000000000000000e+00 -6.798383746524221394e+00 0.000000000000000000e+00 0.000000000000000000e+00 1.000000000000000000e+00 0.000000000000000000e+00
9.952561764241805164e-01 9.728896797438429944e-02 0.000000000000000000e+00 -6.908997584254805702e-01 -9.728896797438402189e-02 9.952561764241806275e-01 0.000000000000000000e+00 -6.917212936682320290e+00 0.000000000000000000e+00 0.000000000000000000e+00 1.000000000000000000e+00 0.000000000000000000e+00
9.952602616830182880e-01 9.724716712917780281e-02 0.000000000000000000e+00 -7.001883684101741778e-01 -9.724716712917753914e-02 9.952602616830183990e-01 0.000000000000000000e+00 -7.011296525711186334e+00 0.000000000000000000e+00 0.000000000000000000e+00 1.000000000000000000e+00 0.000000000000000000e+00
9.952647339997193754e-01 9.720138505426903497e-02 0.000000000000000000e+00 -7.065101585477506774e-01 -9.720138505426874354e-02 9.952647339997193754e-01 0.000000000000000000e+00 -7.075908637342495311e+00 0.000000000000000000e+00 0.000000000000000000e+00 1.000000000000000000e+00 0.000000000000000000e+00
9.957782294971345705e-01 9.179170801086908305e-02 0.000000000000000000e+00 -6.789265565982987027e-01 -9.179170801086877773e-02 9.957782294971344594e-01 0.000000000000000000e+00 -6.730950212451180192e+00 0.000000000000000000e+00 0.000000000000000000e+00 1.000000000000000000e+00 0.000000000000000000e+00
9.957916204734520438e-01 9.164632341156296602e-02 0.000000000000000000e+00 -6.947835609628612019e-01 -9.164632341156266071e-02 9.957916204734521548e-01 0.000000000000000000e+00 -6.901182775178121176e+00 0.000000000000000000e+00 0.000000000000000000e+00 1.000000000000000000e+00 0.000000000000000000e+00
9.958068200430515438e-01 9.148102074062053335e-02 0.000000000000000000e+00 -7.088310074101329405e-01 -9.148102074062026967e-02 9.958068200430516548e-01 0.000000000000000000e+00 -7.051478048717612523e+00 0.000000000000000000e+00 0.000000000000000000e+00 1.000000000000000000e+00 0.000000000000000000e+00
9.958251876123010993e-01 9.128086172317731450e-02 0.000000000000000000e+00 -7.202668101842633064e-01 -9.128086172317699531e-02 9.958251876123010993e-01 0.000000000000000000e+00 -7.177077182531949262e+00 0.000000000000000000e+00 0.000000000000000000e+00 1.000000000000000000e+00 0.000000000000000000e+00
9.958454274243129234e-01 9.105978628400022978e-02 0.000000000000000000e+00 -7.337191385319385972e-01 -9.105978628399991059e-02 9.958454274243129234e-01 0.000000000000000000e+00 -7.322158452384494254e+00 0.000000000000000000e+00 0.000000000000000000e+00 1.000000000000000000e+00 0.000000000000000000e+00
9.978210687402238044e-01 6.597813863786997080e-02 0.000000000000000000e+00 -7.471548181255158738e-01 -6.597813863786969324e-02 9.978210687402238044e-01 0.000000000000000000e+00 -7.410987346973243461e+00 0.000000000000000000e+00 0.000000000000000000e+00 1.000000000000000000e+00 0.000000000000000000e+00
9.974743758780899583e-01 7.102724453768037571e-02 0.000000000000000000e+00 -7.572837589710630368e-01 -7.102724453768007040e-02 9.974743758780898473e-01 0.000000000000000000e+00 -7.474474468166025787e+00 0.000000000000000000e+00 0.000000000000000000e+00 1.000000000000000000e+00 0.000000000000000000e+00
9.981899647327010516e-01 6.013978971471081736e-02 0.000000000000000000e+00 -7.644215006565033832e-01 -6.013978971471052593e-02 9.981899647327010516e-01 0.000000000000000000e+00 -7.505403138419238118e+00 0.000000000000000000e+00 0.000000000000000000e+00 1.000000000000000000e+00 0.000000000000000000e+00
9.988355625943289295e-01 4.824436647807637396e-02 0.000000000000000000e+00 -7.748116002393174995e-01 -4.824436647807608253e-02 9.988355625943289295e-01 0.000000000000000000e+00 -7.594165381691134087e+00 0.000000000000000000e+00 0.000000000000000000e+00 1.000000000000000000e+00 0.000000000000000000e+00
9.993685526136729669e-01 3.553162038034100162e-02 0.000000000000000000e+00 -7.819205702487508347e-01 -3.553162038034069631e-02 9.993685526136730779e-01 0.000000000000000000e+00 -7.652214693016977876e+00 0.000000000000000000e+00 0.000000000000000000e+00 1.000000000000000000e+00 0.000000000000000000e+00
9.997621909817543395e-01 2.180737222506262674e-02 0.000000000000000000e+00 -7.889139546208099318e-01 -2.180737222506238041e-02 9.997621909817544505e-01 0.000000000000000000e+00 -7.708343941854145953e+00 0.000000000000000000e+00 0.000000000000000000e+00 1.000000000000000000e+00 0.000000000000000000e+00
9.999726637593568945e-01 7.394033677011252990e-03 0.000000000000000000e+00 -7.929738448041874221e-01 -7.394033677010965026e-03 9.999726637593567835e-01 0.000000000000000000e+00 -7.733478923288375384e+00 0.000000000000000000e+00 0.000000000000000000e+00 1.000000000000000000e+00 0.000000000000000000e+00
9.999251520848347896e-01 1.223479579398420447e-02 0.000000000000000000e+00 -7.962319865456208845e-01 -1.223479579398389916e-02 9.999251520848347896e-01 0.000000000000000000e+00 -7.808452215282208897e+00 0.000000000000000000e+00 0.000000000000000000e+00 1.000000000000000000e+00 0.000000000000000000e+00
9.988696118698391357e-01 4.753418225863664109e-02 0.000000000000000000e+00 -8.033018329774392896e-01 -4.753418225863630109e-02 9.988696118698392468e-01 0.000000000000000000e+00 -7.907898367904770964e+00 0.000000000000000000e+00 0.000000000000000000e+00 1.000000000000000000e+00 0.000000000000000000e+00
9.872275859107133567e-01 1.593163319214494222e-01 0.000000000000000000e+00 -8.095055918294846720e-01 -1.593163319214491724e-01 9.872275859107134677e-01 0.000000000000000000e+00 -7.930492910965115883e+00 0.000000000000000000e+00 0.000000000000000000e+00 1.000000000000000000e+00 0.000000000000000000e+00
8.830128828855910994e-01 4.693487495009205368e-01 0.000000000000000000e+00 -8.254257758458578564e-01 -4.693487495009202592e-01 8.830128828855912104e-01 0.000000000000000000e+00 -7.950804674573550557e+00 0.000000000000000000e+00 0.000000000000000000e+00 1.000000000000000000e+00 0.000000000000000000e+00
7.387199486327683529e-01 6.740124906053303055e-01 0.000000000000000000e+00 -8.320903100717984557e-01 -6.740124906053300835e-01 7.387199486327685749e-01 0.000000000000000000e+00 -7.934940438583398148e+00 0.000000000000000000e+00 0.000000000000000000e+00 1.000000000000000000e+00 0.000000000000000000e+00
5.861423009345102519e-01 8.102081232962295987e-01 0.000000000000000000e+00 -8.270211907817923702e-01 -8.102081232962294877e-01 5.861423009345105850e-01 0.000000000000000000e+00 -7.906710064345290334e+00 0.000000000000000000e+00 0.000000000000000000e+00 1.000000000000000000e+00 0.000000000000000000e+00
4.615034980575869472e-01 8.871383890242893200e-01 0.000000000000000000e+00 -8.212068122347417898e-01 -8.871383890242892090e-01 4.615034980575872248e-01 0.000000000000000000e+00 -7.881326546029036706e+00 0.000000000000000000e+00 0.000000000000000000e+00 1.000000000000000000e+00 0.000000000000000000e+00
3.414876354403708070e-01 9.398862669713526907e-01 0.000000000000000000e+00 -8.215077973276905254e-01 -9.398862669713525797e-01 3.414876354403711400e-01 0.000000000000000000e+00 -7.860371608473084137e+00 0.000000000000000000e+00 0.000000000000000000e+00 1.000000000000000000e+00 0.000000000000000000e+00
1.852430878903570666e-01 9.826927283687642012e-01 0.000000000000000000e+00 -8.216432082956401928e-01 -9.826927283687642012e-01 1.852430878903573441e-01 0.000000000000000000e+00 -7.839780793436528228e+00 0.000000000000000000e+00 0.000000000000000000e+00 1.000000000000000000e+00 0.000000000000000000e+00
5.511128971009639915e-02 9.984802180045883047e-01 0.000000000000000000e+00 -8.265620248088154653e-01 -9.984802180045883047e-01 5.511128971009667671e-02 0.000000000000000000e+00 -7.820266561601538768e+00 0.000000000000000000e+00 0.000000000000000000e+00 1.000000000000000000e+00 0.000000000000000000e+00
-1.680101469336967024e-01 9.857852659313375288e-01 0.000000000000000000e+00 -8.315471412497998926e-01 -9.857852659313376398e-01 -1.680101469336963971e-01 0.000000000000000000e+00 -7.800123358924956563e+00 0.000000000000000000e+00 0.000000000000000000e+00 1.000000000000000000e+00 0.000000000000000000e+00
-3.684124457377067063e-01 9.296624494006208161e-01 0.000000000000000000e+00 -8.340328614591143719e-01 -9.296624494006208161e-01 -3.684124457377063733e-01 0.000000000000000000e+00 -7.780161866119032155e+00 0.000000000000000000e+00 0.000000000000000000e+00 1.000000000000000000e+00 0.000000000000000000e+00
-5.399273327188242044e-01 8.417116343398945988e-01 0.000000000000000000e+00 -8.342259773984821436e-01 -8.417116343398948208e-01 -5.399273327188239824e-01 0.000000000000000000e+00 -7.761135234619104040e+00 0.000000000000000000e+00 0.000000000000000000e+00 1.000000000000000000e+00 0.000000000000000000e+00
-6.801306033205521961e-01 7.330909646331907892e-01 0.000000000000000000e+00 -8.369433959660881328e-01 -7.330909646331910112e-01 -6.801306033205518631e-01 0.000000000000000000e+00 -7.741388953036782539e+00 0.000000000000000000e+00 0.000000000000000000e+00 1.000000000000000000e+00 0.000000000000000000e+00
-8.081302708250702738e-01 5.890037906297369563e-01 0.000000000000000000e+00 -8.408777140746721557e-01 -5.890037906297371784e-01 -8.081302708250701627e-01 0.000000000000000000e+00 -7.719449692770751881e+00 0.000000000000000000e+00 0.000000000000000000e+00 1.000000000000000000e+00 0.000000000000000000e+00
-9.061203768923192792e-01 4.230199316586886193e-01 0.000000000000000000e+00 -8.420058670145635915e-01 -4.230199316586889524e-01 -9.061203768923191681e-01 0.000000000000000000e+00 -7.701507360956179937e+00 0.000000000000000000e+00 0.000000000000000000e+00 1.000000000000000000e+00 0.000000000000000000e+00
-9.582066234352816236e-01 2.860770294951290316e-01 0.000000000000000000e+00 -8.444915872238709653e-01 -2.860770294951293646e-01 -9.582066234352815126e-01 0.000000000000000000e+00 -7.681545868150255529e+00 0.000000000000000000e+00 0.000000000000000000e+00 1.000000000000000000e+00 0.000000000000000000e+00
-9.978135312112162980e-01 6.609203379987185767e-02 0.000000000000000000e+00 -8.473335377742685637e-01 -6.609203379987213522e-02 -9.978135312112162980e-01 0.000000000000000000e+00 -7.659109885509215232e+00 0.000000000000000000e+00 0.000000000000000000e+00 1.000000000000000000e+00 0.000000000000000000e+00
-9.994190005829768353e-01 -3.408315234429026841e-02 0.000000000000000000e+00 -8.499099372243890116e-01 3.408315234428998391e-02 -9.994190005829768353e-01 0.000000000000000000e+00 -7.641606395403711005e+00 0.000000000000000000e+00 0.000000000000000000e+00 1.000000000000000000e+00 0.000000000000000000e+00
-9.946590065216118770e-01 -1.032156032072691215e-01 0.000000000000000000e+00 -8.518091342904838825e-01 1.032156032072687746e-01 -9.946590065216118770e-01 0.000000000000000000e+00 -7.614237744532612595e+00 0.000000000000000000e+00 0.000000000000000000e+00 1.000000000000000000e+00 0.000000000000000000e+00
-9.954557508265531318e-01 -9.522524952103679496e-02 0.000000000000000000e+00 -8.542948544997983618e-01 9.522524952103651741e-02 -9.954557508265532428e-01 0.000000000000000000e+00 -7.594276251726686411e+00 0.000000000000000000e+00 0.000000000000000000e+00 1.000000000000000000e+00 0.000000000000000000e+00
-9.999977320734386721e-01 -2.129753032526745041e-03 0.000000000000000000e+00 -8.428214953236263796e-01 2.129753032526419780e-03 -9.999977320734386721e-01 0.000000000000000000e+00 -7.556212988214282333e+00 0.000000000000000000e+00 0.000000000000000000e+00 1.000000000000000000e+00 0.000000000000000000e+00
-9.957975621651987685e-01 9.158174046089945231e-02 0.000000000000000000e+00 -8.354408389808227753e-01 -9.158174046089977149e-02 -9.957975621651987685e-01 0.000000000000000000e+00 -7.488373059617996930e+00 0.000000000000000000e+00 0.000000000000000000e+00 1.000000000000000000e+00 0.000000000000000000e+00
-9.902257275836624517e-01 1.394740421419223553e-01 0.000000000000000000e+00 -8.333503110708022632e-01 -1.394740421419226606e-01 -9.902257275836623407e-01 0.000000000000000000e+00 -7.408657755610187579e+00 0.000000000000000000e+00 0.000000000000000000e+00 1.000000000000000000e+00 0.000000000000000000e+00
-9.937065535543082584e-01 1.120146661076978772e-01 0.000000000000000000e+00 -8.386660768284741607e-01 -1.120146661076981687e-01 -9.937065535543082584e-01 0.000000000000000000e+00 -7.277383681115603409e+00 0.000000000000000000e+00 0.000000000000000000e+00 1.000000000000000000e+00 0.000000000000000000e+00
-9.992266655949728626e-01 3.932010635734145554e-02 0.000000000000000000e+00 -8.359102796867148299e-01 -3.932010635734176779e-02 -9.992266655949728626e-01 0.000000000000000000e+00 -7.162652274856839085e+00 0.000000000000000000e+00 0.000000000000000000e+00 1.000000000000000000e+00 0.000000000000000000e+00
-9.999986556026575490e-01 -1.639753907741890639e-03 0.000000000000000000e+00 -8.263915525944227625e-01 1.639753907741586412e-03 -9.999986556026575490e-01 0.000000000000000000e+00 -7.057478733343099719e+00 0.000000000000000000e+00 0.000000000000000000e+00 1.000000000000000000e+00 0.000000000000000000e+00
-9.973752163835813977e-01 -7.240633773230407966e-02 0.000000000000000000e+00 -8.106431060863954485e-01 7.240633773230376047e-02 -9.973752163835813977e-01 0.000000000000000000e+00 -6.937498416488276476e+00 0.000000000000000000e+00 0.000000000000000000e+00 1.000000000000000000e+00 0.000000000000000000e+00
-9.954041840568659261e-01 -9.576278171651733673e-02 0.000000000000000000e+00 -7.904741466908973280e-01 9.576278171651703142e-02 -9.954041840568660371e-01 0.000000000000000000e+00 -6.825065222648989405e+00 0.000000000000000000e+00 0.000000000000000000e+00 1.000000000000000000e+00 0.000000000000000000e+00
-9.265805447766637393e-01 -3.760963892958578692e-01 0.000000000000000000e+00 -8.915945515817185196e-01 3.760963892958575916e-01 -9.265805447766638503e-01 0.000000000000000000e+00 -7.142384027189022433e+00 0.000000000000000000e+00 0.000000000000000000e+00 1.000000000000000000e+00 0.000000000000000000e+00
-9.137443506356592859e-01 -4.062896278289884200e-01 0.000000000000000000e+00 -8.560692948701458249e-01 4.062896278289880869e-01 -9.137443506356593970e-01 0.000000000000000000e+00 -7.058889978685089162e+00 0.000000000000000000e+00 0.000000000000000000e+00 1.000000000000000000e+00 0.000000000000000000e+00
-9.364768879639002730e-01 -3.507292949119718561e-01 0.000000000000000000e+00 -8.282877769287821934e-01 3.507292949119715231e-01 -9.364768879639003840e-01 0.000000000000000000e+00 -6.993637490143472135e+00 0.000000000000000000e+00 0.000000000000000000e+00 1.000000000000000000e+00 0.000000000000000000e+00
-9.721851235702506644e-01 -2.342137602889655390e-01 0.000000000000000000e+00 -7.964726807567714673e-01 2.342137602889651782e-01 -9.721851235702507754e-01 0.000000000000000000e+00 -6.893045643279201329e+00 0.000000000000000000e+00 0.000000000000000000e+00 1.000000000000000000e+00 0.000000000000000000e+00
-9.951005598353361847e-01 -9.886797163591969084e-02 0.000000000000000000e+00 -7.836891214561347851e-01 9.886797163591937165e-02 -9.951005598353361847e-01 0.000000000000000000e+00 -6.815828154252379534e+00 0.000000000000000000e+00 0.000000000000000000e+00 1.000000000000000000e+00 0.000000000000000000e+00
-9.999884331524381276e-01 -4.809736097988577541e-03 0.000000000000000000e+00 -7.813326910567965911e-01 4.809736097988296516e-03 -9.999884331524381276e-01 0.000000000000000000e+00 -6.743461951949280220e+00 0.000000000000000000e+00 0.000000000000000000e+00 1.000000000000000000e+00 0.000000000000000000e+00
-9.990842093115818168e-01 4.278717920419487786e-02 0.000000000000000000e+00 -7.852686044911791896e-01 -4.278717920419517623e-02 -9.990842093115818168e-01 0.000000000000000000e+00 -6.653634180155492572e+00 0.000000000000000000e+00 0.000000000000000000e+00 1.000000000000000000e+00 0.000000000000000000e+00
