7.736639733087221638e-01 6.335961303576286285e-01 0.000000000000000000e+00 3.878646983866929077e-02 -6.335961303576286285e-01 7.736639733087223858e-01 0.000000000000000000e+00 -1.948648816167448672e-01 0.000000000000000000e+00 0.000000000000000000e+00 1.000000000000000000e+00 0.000000000000000000e+00
7.736639733087221638e-01 6.335961303576286285e-01 0.000000000000000000e+00 3.391303849703319884e-02 -6.335961303576286285e-01 7.736639733087223858e-01 0.000000000000000000e+00 -2.937552469592166204e-01 0.000000000000000000e+00 0.000000000000000000e+00 1.000000000000000000e+00 0.000000000000000000e+00
-7.759187742078060834e-01 6.308328271672740684e-01 0.000000000000000000e+00 2.751052120252239774e-02 -6.308328271672744014e-01 -7.759187742078061945e-01 0.000000000000000000e+00 -3.925562201906283022e-01 0.000000000000000000e+00 0.000000000000000000e+00 1.000000000000000000e+00 0.000000000000000000e+00
-9.793124732953620848e-01 -2.023538476237136119e-01 0.000000000000000000e+00 2.115465383318593240e-02 2.023538476237135009e-01 -9.793124732953623068e-01 0.000000000000000000e+00 -4.690247780494987140e-01 0.000000000000000000e+00 0.000000000000000000e+00 1.000000000000000000e+00 0.000000000000000000e+00
3.946974484966298546e-01 -9.188111471625985960e-01 0.000000000000000000e+00 8.360116628573166508e-03 9.188111471625989291e-01 3.946974484966297991e-01 0.000000000000000000e+00 -5.871421731838983860e-01 0.000000000000000000e+00 0.000000000000000000e+00 1.000000000000000000e+00 0.000000000000000000e+00
9.614219212633411393e-01 -2.750779695182917206e-01 0.000000000000000000e+00 -4.661770344398519228e-03 2.750779695182919427e-01 9.614219212633413614e-01 0.000000000000000000e+00 -6.877880309214221555e-01 0.000000000000000000e+00 0.000000000000000000e+00 1.000000000000000000e+00 0.000000000000000000e+00
8.209542020313160826e-01 5.709940438981175870e-01 0.000000000000000000e+00 -1.999634513673953506e-02 -5.709940438981175870e-01 8.209542020313163047e-01 0.000000000000000000e+00 -7.881061039753411990e-01 0.000000000000000000e+00 0.000000000000000000e+00 1.000000000000000000e+00 0.000000000000000000e+00
7.661799506790248349e-02 9.970605211479266483e-01 0.000000000000000000e+00 -3.814864085286728823e-02 -9.970605211479268704e-01 7.661799506790265002e-02 0.000000000000000000e+00 -8.929821725025730572e-01 0.000000000000000000e+00 0.000000000000000000e+00 1.000000000000000000e+00 0.000000000000000000e+00
-7.240760363638976127e-01 6.897201559788925795e-01 0.000000000000000000e+00 -5.568941478659894528e-02 -6.897201559788929126e-01 -7.240760363638977237e-01 0.000000000000000000e+00 -9.879080117615917089e-01 0.000000000000000000e+00 0.000000000000000000e+00 1.000000000000000000e+00 0.000000000000000000e+00
-9.921621586093999356e-01 -1.249569966970083545e-01 0.000000000000000000e+00 -7.625140185833600981e-02 1.249569966970082435e-01 -9.921621586094001577e-01 0.000000000000000000e+00 -1.092337726727867775e+00 0.000000000000000000e+00 0.000000000000000000e+00 1.000000000000000000e+00 0.000000000000000000e+00
-7.240760363638976127e-01 6.897201559788925795e-01 0.000000000000000000e+00 -9.450739500022820039e-02 -6.897201559788929126e-01 -7.240760363638977237e-01 0.000000000000000000e+00 -1.187130161552855334e+00 0.000000000000000000e+00 0.000000000000000000e+00 1.000000000000000000e+00 0.000000000000000000e+00
8.209542020313160826e-01 5.709940438981175870e-01 0.000000000000000000e+00 -1.120254055357108314e-01 -5.709940438981175870e-01 8.209542020313163047e-01 0.000000000000000000e+00 -1.289599992360606073e+00 0.000000000000000000e+00 0.000000000000000000e+00 1.000000000000000000e+00 0.000000000000000000e+00
3.946974484966298546e-01 -9.188111471625985960e-01 0.000000000000000000e+00 -1.260621591633679373e-01 9.188111471625989291e-01 3.946974484966297991e-01 0.000000000000000000e+00 -1.382602042387926389e+00 0.000000000000000000e+00 0.000000000000000000e+00 1.000000000000000000e+00 0.000000000000000000e+00
-9.793124732953620848e-01 -2.023538476237136119e-01 0.000000000000000000e+00 -1.369484928417818992e-01 2.023538476237135009e-01 -9.793124732953623068e-01 0.000000000000000000e+00 -1.476021579367296610e+00 0.000000000000000000e+00 0.000000000000000000e+00 1.000000000000000000e+00 0.000000000000000000e+00
-1.783253460413549785e-03 9.999984100022840661e-01 0.000000000000000000e+00 -1.424995968807039048e-01 -9.999984100022842881e-01 -1.783253460413402550e-03 0.000000000000000000e+00 -1.545104396953758119e+00 0.000000000000000000e+00 0.000000000000000000e+00 1.000000000000000000e+00 0.000000000000000000e+00
-1.783253460413549785e-03 9.999984100022840661e-01 0.000000000000000000e+00 -1.501827862517117751e-01 -9.999984100022842881e-01 -1.783253460413402550e-03 0.000000000000000000e+00 -1.663668165971696311e+00 0.000000000000000000e+00 0.000000000000000000e+00 1.000000000000000000e+00 0.000000000000000000e+00
-9.793124732953620848e-01 -2.023538476237136119e-01 0.000000000000000000e+00 -1.577692258276002235e-01 2.023538476237135009e-01 -9.793124732953623068e-01 0.000000000000000000e+00 -1.762383118340431487e+00 0.000000000000000000e+00 0.000000000000000000e+00 1.000000000000000000e+00 0.000000000000000000e+00
-4.623542444065409929e-01 -8.866952986676183146e-01 0.000000000000000000e+00 -1.680522028007871427e-01 8.866952986676184256e-01 -4.623542444065412704e-01 0.000000000000000000e+00 -1.863344127388629090e+00 0.000000000000000000e+00 0.000000000000000000e+00 1.000000000000000000e+00 0.000000000000000000e+00
3.946974484966298546e-01 -9.188111471625985960e-01 0.000000000000000000e+00 -1.803520628133412629e-01 9.188111471625989291e-01 3.946974484966297991e-01 0.000000000000000000e+00 -1.964079491573666125e+00 0.000000000000000000e+00 0.000000000000000000e+00 1.000000000000000000e+00 0.000000000000000000e+00
9.614219212633411393e-01 -2.750779695182917206e-01 0.000000000000000000e+00 -1.927489205450925169e-01 2.750779695182919427e-01 9.614219212633413614e-01 0.000000000000000000e+00 -2.059814445646967584e+00 0.000000000000000000e+00 0.000000000000000000e+00 1.000000000000000000e+00 0.000000000000000000e+00
9.614219212633411393e-01 -2.750779695182917206e-01 0.000000000000000000e+00 -2.074683456808656956e-01 2.750779695182919427e-01 9.614219212633413614e-01 0.000000000000000000e+00 -2.162728032233693476e+00 0.000000000000000000e+00 0.000000000000000000e+00 1.000000000000000000e+00 0.000000000000000000e+00
9.614219212633411393e-01 -2.750779695182917206e-01 0.000000000000000000e+00 -2.207859208191536027e-01 2.750779695182919427e-01 9.614219212633413614e-01 0.000000000000000000e+00 -2.255840324841041244e+00 0.000000000000000000e+00 0.000000000000000000e+00 1.000000000000000000e+00 0.000000000000000000e+00
3.946974484966298546e-01 -9.188111471625985960e-01 0.000000000000000000e+00 -2.344908689252562795e-01 9.188111471625989291e-01 3.946974484966297991e-01 0.000000000000000000e+00 -2.356393872197396711e+00 0.000000000000000000e+00 0.000000000000000000e+00 1.000000000000000000e+00 0.000000000000000000e+00
-4.623542444065409929e-01 -8.866952986676183146e-01 0.000000000000000000e+00 -2.464698807479805964e-01 8.866952986676184256e-01 -4.623542444065412704e-01 0.000000000000000000e+00 -2.452182007127449381e+00 0.000000000000000000e+00 0.000000000000000000e+00 1.000000000000000000e+00 0.000000000000000000e+00
-4.623542444065409929e-01 -8.866952986676183146e-01 0.000000000000000000e+00 -2.563515938255349624e-01 8.866952986676184256e-01 -4.623542444065412704e-01 0.000000000000000000e+00 -2.540741738574586073e+00 0.000000000000000000e+00 0.000000000000000000e+00 1.000000000000000000e+00 0.000000000000000000e+00
-7.759187742078060834e-01 6.308328271672740684e-01 0.000000000000000000e+00 -2.661879651691592130e-01 -6.308328271672744014e-01 -7.759187742078061945e-01 0.000000000000000000e+00 -2.639253118994020930e+00 0.000000000000000000e+00 0.000000000000000000e+00 1.000000000000000000e+00 0.000000000000000000e+00
-9.793124732953620848e-01 -2.023538476237136119e-01 0.000000000000000000e+00 -2.752893186421587757e-01 2.023538476237135009e-01 -9.793124732953623068e-01 0.000000000000000000e+00 -2.740327499156729019e+00 0.000000000000000000e+00 0.000000000000000000e+00 1.000000000000000000e+00 0.000000000000000000e+00
-7.759187742078060834e-01 6.308328271672740684e-01 0.000000000000000000e+00 -2.836277740571659933e-01 -6.308328271672744014e-01 -7.759187742078061945e-01 0.000000000000000000e+00 -2.841469124563334780e+00 0.000000000000000000e+00 0.000000000000000000e+00 1.000000000000000000e+00 0.000000000000000000e+00
-9.793124732953620848e-01 -2.023538476237136119e-01 0.000000000000000000e+00 -2.923858320542436218e-01 2.023538476237135009e-01 -9.793124732953623068e-01 0.000000000000000000e+00 -2.942573863473871398e+00 0.000000000000000000e+00 0.000000000000000000e+00 1.000000000000000000e+00 0.000000000000000000e+00
-9.793124732953620848e-01 -2.023538476237136119e-01 0.000000000000000000e+00 -3.013691727157521427e-01 2.023538476237135009e-01 -9.793124732953623068e-01 0.000000000000000000e+00 -3.036203754140759159e+00 0.000000000000000000e+00 0.000000000000000000e+00 1.000000000000000000e+00 0.000000000000000000e+00
-7.759187742078060834e-01 6.308328271672740684e-01 0.000000000000000000e+00 -3.108519753531311380e-01 -6.308328271672744014e-01 -7.759187742078061945e-01 0.000000000000000000e+00 -3.137244511640654210e+00 0.000000000000000000e+00 0.000000000000000000e+00 1.000000000000000000e+00 0.000000000000000000e+00
-9.793124732953620848e-01 -2.023538476237136119e-01 0.000000000000000000e+00 -3.198619703942142678e-01 2.023538476237135009e-01 -9.793124732953623068e-01 0.000000000000000000e+00 -3.233357380239685774e+00 0.000000000000000000e+00 0.000000000000000000e+00 1.000000000000000000e+00 0.000000000000000000e+00
-9.793124732953620848e-01 -2.023538476237136119e-01 0.000000000000000000e+00 -3.293181185166318414e-01 2.023538476237135009e-01 -9.793124732953623068e-01 0.000000000000000000e+00 -3.331915159848306551e+00 0.000000000000000000e+00 0.000000000000000000e+00 1.000000000000000000e+00 0.000000000000000000e+00
-7.759187742078060834e-01 6.308328271672740684e-01 0.000000000000000000e+00 -3.379466646641020589e-01 -6.308328271672744014e-01 -7.759187742078061945e-01 0.000000000000000000e+00 -3.428061651028409429e+00 0.000000000000000000e+00 0.000000000000000000e+00 1.000000000000000000e+00 0.000000000000000000e+00
-9.793124732953620848e-01 -2.023538476237136119e-01 0.000000000000000000e+00 -3.462319152475288320e-01 2.023538476237135009e-01 -9.793124732953623068e-01 0.000000000000000000e+00 -3.524238500909090632e+00 0.000000000000000000e+00 0.000000000000000000e+00 1.000000000000000000e+00 0.000000000000000000e+00
-7.759187742078060834e-01 6.308328271672740684e-01 0.000000000000000000e+00 -3.548986149480768404e-01 -6.308328271672744014e-01 -7.759187742078061945e-01 0.000000000000000000e+00 -3.620381728215079420e+00 0.000000000000000000e+00 0.000000000000000000e+00 1.000000000000000000e+00 0.000000000000000000e+00
-9.793124732953620848e-01 -2.023538476237136119e-01 0.000000000000000000e+00 -3.643814174500690228e-01 2.023538476237135009e-01 -9.793124732953623068e-01 0.000000000000000000e+00 -3.721422485755843113e+00 0.000000000000000000e+00 0.000000000000000000e+00 1.000000000000000000e+00 0.000000000000000000e+00
-9.793124732953620848e-01 -2.023538476237136119e-01 0.000000000000000000e+00 -3.735094253499013917e-01 2.023538476237135009e-01 -9.793124732953623068e-01 0.000000000000000000e+00 -3.824979843762566389e+00 0.000000000000000000e+00 0.000000000000000000e+00 1.000000000000000000e+00 0.000000000000000000e+00
-7.759187742078060834e-01 6.308328271672740684e-01 0.000000000000000000e+00 -3.829922278518935741e-01 -6.308328271672744014e-01 -7.759187742078061945e-01 0.000000000000000000e+00 -3.926020601303326529e+00 0.000000000000000000e+00 0.000000000000000000e+00 1.000000000000000000e+00 0.000000000000000000e+00
-7.759187742078060834e-01 6.308328271672740684e-01 0.000000000000000000e+00 -3.905260622195640963e-01 -6.308328271672744014e-01 -7.759187742078061945e-01 0.000000000000000000e+00 -4.019778257987775660e+00 0.000000000000000000e+00 0.000000000000000000e+00 1.000000000000000000e+00 0.000000000000000000e+00
-7.759187742078060834e-01 6.308328271672740684e-01 0.000000000000000000e+00 -3.984564141787458880e-01 -6.308328271672744014e-01 -7.759187742078061945e-01 0.000000000000000000e+00 -4.118470528172316847e+00 0.000000000000000000e+00 0.000000000000000000e+00 1.000000000000000000e+00 0.000000000000000000e+00
-1.783253460413549785e-03 9.999984100022840661e-01 0.000000000000000000e+00 -4.052528268217514551e-01 -9.999984100022842881e-01 -1.783253460413402550e-03 0.000000000000000000e+00 -4.214763843022069523e+00 0.000000000000000000e+00 0.000000000000000000e+00 1.000000000000000000e+00 0.000000000000000000e+00
-7.759187742078060834e-01 6.308328271672740684e-01 0.000000000000000000e+00 -4.120256483293545102e-01 -6.308328271672744014e-01 -7.759187742078061945e-01 0.000000000000000000e+00 -4.316022359229274130e+00 0.000000000000000000e+00 0.000000000000000000e+00 1.000000000000000000e+00 0.000000000000000000e+00
-1.783253460413549785e-03 9.999984100022840661e-01 0.000000000000000000e+00 -4.188220609723600774e-01 -9.999984100022842881e-01 -1.783253460413402550e-03 0.000000000000000000e+00 -4.412315674079026806e+00 0.000000000000000000e+00 0.000000000000000000e+00 1.000000000000000000e+00 0.000000000000000000e+00
9.800279401125548961e-01 -1.988598415938796771e-01 0.000000000000000000e+00 -4.232360828240047113e-01 1.988598415938798714e-01 9.800279401125551182e-01 0.000000000000000000e+00 -4.511219189731635382e+00 0.000000000000000000e+00 0.000000000000000000e+00 1.000000000000000000e+00 0.000000000000000000e+00
4.655137036427520747e-01 -8.850406723539930853e-01 0.000000000000000000e+00 -4.259022222137502922e-01 8.850406723539934184e-01 4.655137036427520192e-01 0.000000000000000000e+00 -4.607715258344351028e+00 0.000000000000000000e+00 0.000000000000000000e+00 1.000000000000000000e+00 0.000000000000000000e+00
4.655137036427520747e-01 -8.850406723539930853e-01 0.000000000000000000e+00 -4.276234755018393230e-01 8.850406723539934184e-01 4.655137036427520192e-01 0.000000000000000000e+00 -4.701759365745861174e+00 0.000000000000000000e+00 0.000000000000000000e+00 1.000000000000000000e+00 0.000000000000000000e+00
4.655137036427520747e-01 -8.850406723539930853e-01 0.000000000000000000e+00 -4.289823597667918875e-01 8.850406723539934184e-01 4.655137036427520192e-01 0.000000000000000000e+00 -4.776004713671101243e+00 0.000000000000000000e+00 0.000000000000000000e+00 1.000000000000000000e+00 0.000000000000000000e+00
4.655137036427520747e-01 -8.850406723539930853e-01 0.000000000000000000e+00 -4.308847976577681038e-01 8.850406723539934184e-01 4.655137036427520192e-01 0.000000000000000000e+00 -4.879948200746252240e+00 0.000000000000000000e+00 0.000000000000000000e+00 1.000000000000000000e+00 0.000000000000000000e+00
9.800279401125548961e-01 -1.988598415938796771e-01 0.000000000000000000e+00 -4.343866967112361976e-01 1.988598415938798714e-01 9.800279401125551182e-01 0.000000000000000000e+00 -5.001182750045481740e+00 0.000000000000000000e+00 0.000000000000000000e+00 1.000000000000000000e+00 0.000000000000000000e+00
9.800279401125548961e-01 -1.988598415938796771e-01 0.000000000000000000e+00 -4.387003883936273496e-01 1.988598415938798714e-01 9.800279401125551182e-01 0.000000000000000000e+00 -5.105052086134129752e+00 0.000000000000000000e+00 0.000000000000000000e+00 1.000000000000000000e+00 0.000000000000000000e+00
9.800279401125548961e-01 -1.988598415938796771e-01 0.000000000000000000e+00 -4.410405153406529166e-01 1.988598415938798714e-01 9.800279401125551182e-01 0.000000000000000000e+00 -5.174319831883169130e+00 0.000000000000000000e+00 0.000000000000000000e+00 1.000000000000000000e+00 0.000000000000000000e+00
9.800279401125548961e-01 -1.988598415938796771e-01 0.000000000000000000e+00 -4.443835538256450945e-01 1.988598415938798714e-01 9.800279401125551182e-01 0.000000000000000000e+00 -5.273273754311182060e+00 0.000000000000000000e+00 0.000000000000000000e+00 1.000000000000000000e+00 0.000000000000000000e+00
4.655137036427520747e-01 -8.850406723539930853e-01 0.000000000000000000e+00 -4.463606564828737078e-01 8.850406723539934184e-01 4.655137036427520192e-01 0.000000000000000000e+00 -5.369787766589434241e+00 0.000000000000000000e+00 0.000000000000000000e+00 1.000000000000000000e+00 0.000000000000000000e+00
4.655137036427520747e-01 -8.850406723539930853e-01 0.000000000000000000e+00 -4.481725020928450931e-01 8.850406723539934184e-01 4.655137036427520192e-01 0.000000000000000000e+00 -5.468781563895463549e+00 0.000000000000000000e+00 0.000000000000000000e+00 1.000000000000000000e+00 0.000000000000000000e+00
4.655137036427520747e-01 -8.850406723539930853e-01 0.000000000000000000e+00 -4.507116925739111934e-01 8.850406723539934184e-01 4.655137036427520192e-01 0.000000000000000000e+00 -5.567757506214579877e+00 0.000000000000000000e+00 0.000000000000000000e+00 1.000000000000000000e+00 0.000000000000000000e+00
4.655137036427520747e-01 -8.850406723539930853e-01 0.000000000000000000e+00 -4.524329458620002242e-01 8.850406723539934184e-01 4.655137036427520192e-01 0.000000000000000000e+00 -5.661801613616093576e+00 0.000000000000000000e+00 0.000000000000000000e+00 1.000000000000000000e+00 0.000000000000000000e+00
4.655137036427520747e-01 -8.850406723539930853e-01 0.000000000000000000e+00 -4.542447915192298069e-01 8.850406723539934184e-01 4.655137036427520192e-01 0.000000000000000000e+00 -5.760795410833992491e+00 0.000000000000000000e+00 0.000000000000000000e+00 1.000000000000000000e+00 0.000000000000000000e+00
9.800279401125548961e-01 -1.988598415938796771e-01 0.000000000000000000e+00 -4.566952845935219329e-01 1.988598415938798714e-01 9.800279401125551182e-01 0.000000000000000000e+00 -5.862249144316091787e+00 0.000000000000000000e+00 0.000000000000000000e+00 1.000000000000000000e+00 0.000000000000000000e+00
4.655137036427520747e-01 -8.850406723539930853e-01 0.000000000000000000e+00 -4.592159409176517215e-01 8.850406723539934184e-01 4.655137036427520192e-01 0.000000000000000000e+00 -5.988461295879643487e+00 0.000000000000000000e+00 0.000000000000000000e+00 1.000000000000000000e+00 0.000000000000000000e+00
4.655137036427520747e-01 -8.850406723539930853e-01 0.000000000000000000e+00 -4.604842328607219315e-01 8.850406723539934184e-01 4.655137036427520192e-01 0.000000000000000000e+00 -6.057756953900369723e+00 0.000000000000000000e+00 0.000000000000000000e+00 1.000000000000000000e+00 0.000000000000000000e+00
4.655137036427520747e-01 -8.850406723539930853e-01 0.000000000000000000e+00 -4.622960784298228987e-01 8.850406723539934184e-01 4.655137036427520192e-01 0.000000000000000000e+00 -6.156750751071010441e+00 0.000000000000000000e+00 0.000000000000000000e+00 1.000000000000000000e+00 0.000000000000000000e+00
4.655137036427520747e-01 -8.850406723539930853e-01 0.000000000000000000e+00 -4.641079239989167604e-01 8.850406723539934184e-01 4.655137036427520192e-01 0.000000000000000000e+00 -6.255744548241647607e+00 0.000000000000000000e+00 0.000000000000000000e+00 1.000000000000000000e+00 0.000000000000000000e+00
9.800279401125548961e-01 -1.988598415938796771e-01 0.000000000000000000e+00 -4.666349768427124900e-01 1.988598415938798714e-01 9.800279401125551182e-01 0.000000000000000000e+00 -6.357196288041604859e+00 0.000000000000000000e+00 0.000000000000000000e+00 1.000000000000000000e+00 0.000000000000000000e+00
4.655137036427520747e-01 -8.850406723539930853e-01 0.000000000000000000e+00 -4.686120794526900113e-01 8.850406723539934184e-01 4.655137036427520192e-01 0.000000000000000000e+00 -6.453710300407987432e+00 0.000000000000000000e+00 0.000000000000000000e+00 1.000000000000000000e+00 0.000000000000000000e+00
4.655137036427520747e-01 -8.850406723539930853e-01 0.000000000000000000e+00 -4.704239250217838730e-01 8.850406723539934184e-01 4.655137036427520192e-01 0.000000000000000000e+00 -6.552704097578628151e+00 0.000000000000000000e+00 0.000000000000000000e+00 1.000000000000000000e+00 0.000000000000000000e+00
4.655137036427520747e-01 -8.850406723539930853e-01 0.000000000000000000e+00 -4.726568769063916875e-01 8.850406723539934184e-01 4.655137036427520192e-01 0.000000000000000000e+00 -6.651688014998004661e+00 0.000000000000000000e+00 0.000000000000000000e+00 1.000000000000000000e+00 0.000000000000000000e+00
9.800279401125548961e-01 -1.988598415938796771e-01 0.000000000000000000e+00 -4.750869409558973189e-01 1.988598415938798714e-01 9.800279401125551182e-01 0.000000000000000000e+00 -6.772950476568915690e+00 0.000000000000000000e+00 0.000000000000000000e+00 1.000000000000000000e+00 0.000000000000000000e+00
4.655137036427520747e-01 -8.850406723539930853e-01 0.000000000000000000e+00 -4.774672709093650269e-01 8.850406723539934184e-01 4.655137036427520192e-01 0.000000000000000000e+00 -6.849645792152209367e+00 0.000000000000000000e+00 0.000000000000000000e+00 1.000000000000000000e+00 0.000000000000000000e+00
9.800279401125548961e-01 -1.988598415938796771e-01 0.000000000000000000e+00 -4.804090078077294379e-01 1.988598415938798714e-01 9.800279401125551182e-01 0.000000000000000000e+00 -6.975847076809563063e+00 0.000000000000000000e+00 0.000000000000000000e+00 1.000000000000000000e+00 0.000000000000000000e+00
9.800279401125548961e-01 -1.988598415938796771e-01 0.000000000000000000e+00 -4.827491348020132023e-01 1.988598415938798714e-01 9.800279401125551182e-01 0.000000000000000000e+00 -7.045114822470477378e+00 0.000000000000000000e+00 0.000000000000000000e+00 1.000000000000000000e+00 0.000000000000000000e+00
4.655137036427520747e-01 -8.850406723539930853e-01 0.000000000000000000e+00 -4.859971051082325744e-01 8.850406723539934184e-01 4.655137036427520192e-01 0.000000000000000000e+00 -7.171307934756489644e+00 0.000000000000000000e+00 0.000000000000000000e+00 1.000000000000000000e+00 0.000000000000000000e+00
4.655137036427520747e-01 -8.850406723539930853e-01 0.000000000000000000e+00 -4.872653970513027843e-01 8.850406723539934184e-01 4.655137036427520192e-01 0.000000000000000000e+00 -7.240603592777214104e+00 0.000000000000000000e+00 0.000000000000000000e+00 1.000000000000000000e+00 0.000000000000000000e+00
-3.914179972135272689e-01 -9.202129924410714645e-01 0.000000000000000000e+00 -4.885290391836534241e-01 9.202129924410716866e-01 -3.914179972135274910e-01 0.000000000000000000e+00 -7.342079048813872078e+00 0.000000000000000000e+00 0.000000000000000000e+00 1.000000000000000000e+00 0.000000000000000000e+00
-9.604347407392572755e-01 -2.785051324143165696e-01 0.000000000000000000e+00 -4.882787737087923574e-01 2.785051324143164586e-01 -9.604347407392573865e-01 0.000000000000000000e+00 -7.463363906097630007e+00 0.000000000000000000e+00 0.000000000000000000e+00 1.000000000000000000e+00 0.000000000000000000e+00
-8.229854316887907917e-01 5.680624782785911320e-01 0.000000000000000000e+00 -4.867154546418959171e-01 -5.680624782785913540e-01 -8.229854316887909027e-01 0.000000000000000000e+00 -7.540079268293721881e+00 0.000000000000000000e+00 0.000000000000000000e+00 1.000000000000000000e+00 0.000000000000000000e+00
-8.017352537362995579e-02 9.967809216819732976e-01 0.000000000000000000e+00 -4.830959460319803611e-01 -9.967809216819735196e-01 -8.017352537362987253e-02 0.000000000000000000e+00 -7.661312056591873088e+00 0.000000000000000000e+00 0.000000000000000000e+00 1.000000000000000000e+00 0.000000000000000000e+00
-8.017352537362995579e-02 9.967809216819732976e-01 0.000000000000000000e+00 -4.789980292068634071e-01 -9.967809216819735196e-01 -8.017352537362987253e-02 0.000000000000000000e+00 -7.755282604791153389e+00 0.000000000000000000e+00 0.000000000000000000e+00 1.000000000000000000e+00 0.000000000000000000e+00
-8.229854316887907917e-01 5.680624782785911320e-01 0.000000000000000000e+00 -4.755524123048573415e-01 -5.680624782785913540e-01 -8.229854316887909027e-01 0.000000000000000000e+00 -7.856707417719476894e+00 0.000000000000000000e+00 0.000000000000000000e+00 1.000000000000000000e+00 0.000000000000000000e+00
-8.229854316887907917e-01 5.680624782785911320e-01 0.000000000000000000e+00 -4.734652608329739110e-01 -5.680624782785913540e-01 -8.229854316887909027e-01 0.000000000000000000e+00 -7.930935862769667111e+00 0.000000000000000000e+00 0.000000000000000000e+00 1.000000000000000000e+00 0.000000000000000000e+00
-8.229854316887907917e-01 5.680624782785911320e-01 0.000000000000000000e+00 -4.688768583620586128e-01 -5.680624782785913540e-01 -8.229854316887909027e-01 0.000000000000000000e+00 -8.054611225330710056e+00 0.000000000000000000e+00 0.000000000000000000e+00 1.000000000000000000e+00 0.000000000000000000e+00
-8.229854316887907917e-01 5.680624782785911320e-01 0.000000000000000000e+00 -4.660939897192548642e-01 -5.680624782785913540e-01 -8.229854316887909027e-01 0.000000000000000000e+00 -8.153582485352503184e+00 0.000000000000000000e+00 0.000000000000000000e+00 1.000000000000000000e+00 0.000000000000000000e+00
-8.229854316887907917e-01 5.680624782785911320e-01 0.000000000000000000e+00 -4.641459817451618619e-01 -5.680624782785913540e-01 -8.229854316887909027e-01 0.000000000000000000e+00 -8.222862367374400350e+00 0.000000000000000000e+00 0.000000000000000000e+00 1.000000000000000000e+00 0.000000000000000000e+00
-8.229854316887907917e-01 5.680624782785911320e-01 0.000000000000000000e+00 -4.616833637598531936e-01 -5.680624782785913540e-01 -8.229854316887909027e-01 0.000000000000000000e+00 -8.326792737046261550e+00 0.000000000000000000e+00 0.000000000000000000e+00 1.000000000000000000e+00 0.000000000000000000e+00
-8.229854316887907917e-01 5.680624782785911320e-01 0.000000000000000000e+00 -4.583439213966613579e-01 -5.680624782785913540e-01 -8.229854316887909027e-01 0.000000000000000000e+00 -8.445558249099494930e+00 0.000000000000000000e+00 0.000000000000000000e+00 1.000000000000000000e+00 0.000000000000000000e+00
-8.229854316887907917e-01 5.680624782785911320e-01 0.000000000000000000e+00 -4.555610528419933303e-01 -5.680624782785913540e-01 -8.229854316887909027e-01 0.000000000000000000e+00 -8.544529509168546255e+00 0.000000000000000000e+00 0.000000000000000000e+00 1.000000000000000000e+00 0.000000000000000000e+00
-8.229854316887907917e-01 5.680624782785911320e-01 0.000000000000000000e+00 -4.530911839999589574e-01 -5.680624782785913540e-01 -8.229854316887909027e-01 0.000000000000000000e+00 -8.618745217496924127e+00 0.000000000000000000e+00 0.000000000000000000e+00 1.000000000000000000e+00 0.000000000000000000e+00
-8.229854316887907917e-01 5.680624782785911320e-01 0.000000000000000000e+00 -4.504474588076945452e-01 -5.680624782785913540e-01 -8.229854316887909027e-01 0.000000000000000000e+00 -8.712767914578558148e+00 0.000000000000000000e+00 0.000000000000000000e+00 1.000000000000000000e+00 0.000000000000000000e+00
-8.017352527395009421e-02 9.967809216899908842e-01 0.000000000000000000e+00 -4.466888067881171764e-01 -9.967809216899911062e-01 -8.017352527394995543e-02 0.000000000000000000e+00 -8.838949265952262380e+00 0.000000000000000000e+00 0.000000000000000000e+00 1.000000000000000000e+00 0.000000000000000000e+00
-8.229854316887907917e-01 5.680624782785911320e-01 0.000000000000000000e+00 -4.436258718985968130e-01 -5.680624782785913540e-01 -8.229854316887909027e-01 0.000000000000000000e+00 -8.940387802218980440e+00 0.000000000000000000e+00 0.000000000000000000e+00 1.000000000000000000e+00 0.000000000000000000e+00
-8.229854316887907917e-01 5.680624782785911320e-01 0.000000000000000000e+00 -4.416778638772456134e-01 -5.680624782785913540e-01 -8.229854316887909027e-01 0.000000000000000000e+00 -9.009667684329007997e+00 0.000000000000000000e+00 0.000000000000000000e+00 1.000000000000000000e+00 0.000000000000000000e+00
-8.229854316887907917e-01 5.680624782785911320e-01 0.000000000000000000e+00 -4.385195287210166271e-01 -5.680624782785913540e-01 -8.229854316887909027e-01 0.000000000000000000e+00 -9.138340868972470332e+00 0.000000000000000000e+00 0.000000000000000000e+00 1.000000000000000000e+00 0.000000000000000000e+00
-8.229854316887907917e-01 5.680624782785911320e-01 0.000000000000000000e+00 -4.357366601663414940e-01 -5.680624782785913540e-01 -8.229854316887909027e-01 0.000000000000000000e+00 -9.237312129041526987e+00 0.000000000000000000e+00 0.000000000000000000e+00 1.000000000000000000e+00 0.000000000000000000e+00
-8.229854316887907917e-01 5.680624782785911320e-01 0.000000000000000000e+00 -4.340640301504592458e-01 -5.680624782785913540e-01 -8.229854316887909027e-01 0.000000000000000000e+00 -9.336307100012705362e+00 0.000000000000000000e+00 0.000000000000000000e+00 1.000000000000000000e+00 0.000000000000000000e+00
-8.229854316887907917e-01 5.680624782785911320e-01 0.000000000000000000e+00 -4.321160220882305225e-01 -5.680624782785913540e-01 -8.229854316887909027e-01 0.000000000000000000e+00 -9.405586981987344330e+00 0.000000000000000000e+00 0.000000000000000000e+00 1.000000000000000000e+00 0.000000000000000000e+00
-9.604347407392572755e-01 -2.785051324143165696e-01 0.000000000000000000e+00 -4.295367152105669106e-01 2.785051324143164586e-01 -9.604347407392573865e-01 0.000000000000000000e+00 -9.502087036650488372e+00 0.000000000000000000e+00 0.000000000000000000e+00 1.000000000000000000e+00 0.000000000000000000e+00
9.800279401125548961e-01 -1.988598415938796771e-01 0.000000000000000000e+00 -4.311626680260332023e-01 1.988598415938798714e-01 9.800279401125551182e-01 0.000000000000000000e+00 -9.623355723452432287e+00 0.000000000000000000e+00 0.000000000000000000e+00 1.000000000000000000e+00 0.000000000000000000e+00
8.209542020313160826e-01 5.709940438981175870e-01 0.000000000000000000e+00 -4.342326581195976587e-01 -5.709940438981175870e-01 8.209542020313163047e-01 0.000000000000000000e+00 -9.667776614658125212e+00 0.000000000000000000e+00 0.000000000000000000e+00 1.000000000000000000e+00 0.000000000000000000e+00
3.070791674931283022e-01 9.516839732241619831e-01 0.000000000000000000e+00 -4.476023952385048688e-01 -9.516839732241622052e-01 3.070791674931284687e-01 0.000000000000000000e+00 -9.710070460497943756e+00 0.000000000000000000e+00 0.000000000000000000e+00 1.000000000000000000e+00 0.000000000000000000e+00
-8.142911216484505221e-01 -5.804566902056592648e-01 0.000000000000000000e+00 -4.518411192844666857e-01 5.804566902056592648e-01 -8.142911216484507442e-01 0.000000000000000000e+00 -9.716151181067299802e+00 0.000000000000000000e+00 0.000000000000000000e+00 1.000000000000000000e+00 0.000000000000000000e+00
-8.950127222654362669e-01 -4.460406113606845135e-01 0.000000000000000000e+00 -4.441402997142631648e-01 4.460406113606845135e-01 -8.950127222654364889e-01 0.000000000000000000e+00 -9.709943877776709087e+00 0.000000000000000000e+00 0.000000000000000000e+00 1.000000000000000000e+00 0.000000000000000000e+00
9.951457614960329545e-01 -9.841195748729435200e-02 0.000000000000000000e+00 -4.356541118258761003e-01 9.841195748729453241e-02 9.951457614960330655e-01 0.000000000000000000e+00 -9.704866207702437464e+00 0.000000000000000000e+00 0.000000000000000000e+00 1.000000000000000000e+00 0.000000000000000000e+00
-2.492714584198448685e-02 9.996892704236515215e-01 0.000000000000000000e+00 -4.333597705708172043e-01 -9.996892704236516325e-01 -2.492714584198433767e-02 0.000000000000000000e+00 -9.703937871538277804e+00 0.000000000000000000e+00 0.000000000000000000e+00 1.000000000000000000e+00 0.000000000000000000e+00
3.432816114521944351e-01 -9.392325245852514159e-01 0.000000000000000000e+00 -4.309421788214109483e-01 9.392325245852516380e-01 3.432816114521943240e-01 0.000000000000000000e+00 -9.703450864934804798e+00 0.000000000000000000e+00 0.000000000000000000e+00 1.000000000000000000e+00 0.000000000000000000e+00
8.897907654923445930e-01 4.563687036208198267e-01 0.000000000000000000e+00 -4.334033201447695660e-01 -4.563687036208198267e-01 8.897907654923449261e-01 0.000000000000000000e+00 -9.703712767284516261e+00 0.000000000000000000e+00 0.000000000000000000e+00 1.000000000000000000e+00 0.000000000000000000e+00
3.592389919158462397e-01 9.332455982683695028e-01 0.000000000000000000e+00 -4.358428717343798553e-01 -9.332455982683695028e-01 3.592389919158464617e-01 0.000000000000000000e+00 -9.703403648765931422e+00 0.000000000000000000e+00 0.000000000000000000e+00 1.000000000000000000e+00 0.000000000000000000e+00
5.006981722184056238e-01 8.656219384564766139e-01 0.000000000000000000e+00 -4.358428717343798553e-01 -8.656219384564767250e-01 5.006981722184058459e-01 0.000000000000000000e+00 -9.703403648765931422e+00 0.000000000000000000e+00 0.000000000000000000e+00 1.000000000000000000e+00 0.000000000000000000e+00
9.999953445491260862e-01 3.051373473523908905e-03 0.000000000000000000e+00 -4.336496536404226276e-01 -3.051373473523759719e-03 9.999953445491263082e-01 0.000000000000000000e+00 -9.704550646547673409e+00 0.000000000000000000e+00 0.000000000000000000e+00 1.000000000000000000e+00 0.000000000000000000e+00
-3.484145030566413448e-01 -9.373405646080797959e-01 0.000000000000000000e+00 -4.338065039034688652e-01 9.373405646080800180e-01 -3.484145030566415113e-01 0.000000000000000000e+00 -9.704718141923617480e+00 0.000000000000000000e+00 0.000000000000000000e+00 1.000000000000000000e+00 0.000000000000000000e+00
-9.853166666321394596e-01 -1.707368339197189999e-01 0.000000000000000000e+00 -4.350948428665688539e-01 1.707368339197189444e-01 -9.853166666321395706e-01 0.000000000000000000e+00 -9.702604852541032443e+00 0.000000000000000000e+00 0.000000000000000000e+00 1.000000000000000000e+00 0.000000000000000000e+00
9.165647533469045705e-01 3.998862999930460349e-01 0.000000000000000000e+00 -4.339059361313672980e-01 -3.998862999930459794e-01 9.165647533469047925e-01 0.000000000000000000e+00 -9.704775638161752482e+00 0.000000000000000000e+00 0.000000000000000000e+00 1.000000000000000000e+00 0.000000000000000000e+00
-9.888433921805246385e-01 1.489588726491758719e-01 0.000000000000000000e+00 -4.339059361313672980e-01 -1.489588726491760662e-01 -9.888433921805247495e-01 0.000000000000000000e+00 -9.704775638161752482e+00 0.000000000000000000e+00 0.000000000000000000e+00 1.000000000000000000e+00 0.000000000000000000e+00
-8.365071196219822092e-01 -5.479560555571358904e-01 0.000000000000000000e+00 -4.339207845247727846e-01 5.479560555571357794e-01 -8.365071196219824312e-01 0.000000000000000000e+00 -9.702305975770041613e+00 0.000000000000000000e+00 0.000000000000000000e+00 1.000000000000000000e+00 0.000000000000000000e+00
-8.768901069585212094e-01 -4.806908989343085525e-01 0.000000000000000000e+00 -4.342874468783932684e-01 4.806908989343085525e-01 -8.768901069585214314e-01 0.000000000000000000e+00 -9.704753702980106311e+00 0.000000000000000000e+00 0.000000000000000000e+00 1.000000000000000000e+00 0.000000000000000000e+00
-2.191940795630791250e-01 9.756812776129789588e-01 0.000000000000000000e+00 -4.326608522627850562e-01 -9.756812776129791809e-01 -2.191940795630790417e-01 0.000000000000000000e+00 -9.697509959744722963e+00 0.000000000000000000e+00 0.000000000000000000e+00 1.000000000000000000e+00 0.000000000000000000e+00
-2.191940795630791250e-01 9.756812776129789588e-01 0.000000000000000000e+00 -4.326608522627850562e-01 -9.756812776129791809e-01 -2.191940795630790417e-01 0.000000000000000000e+00 -9.697509959744722963e+00 0.000000000000000000e+00 0.000000000000000000e+00 1.000000000000000000e+00 0.000000000000000000e+00
-9.268192575942943989e-01 3.755077412682212845e-01 0.000000000000000000e+00 -4.277513198869016264e-01 -3.755077412682214510e-01 -9.268192575942945099e-01 0.000000000000000000e+00 -9.673258486698770753e+00 0.000000000000000000e+00 0.000000000000000000e+00 1.000000000000000000e+00 0.000000000000000000e+00
-8.365071196219822092e-01 -5.479560555571358904e-01 0.000000000000000000e+00 -4.222694173506340576e-01 5.479560555571357794e-01 -8.365071196219824312e-01 0.000000000000000000e+00 -9.619098354024199438e+00 0.000000000000000000e+00 0.000000000000000000e+00 1.000000000000000000e+00 0.000000000000000000e+00
4.868202206534951171e-01 8.735021881843700875e-01 0.000000000000000000e+00 -4.201827588893962684e-01 -8.735021881843701985e-01 4.868202206534953946e-01 0.000000000000000000e+00 -9.552306075404414898e+00 0.000000000000000000e+00 0.000000000000000000e+00 1.000000000000000000e+00 0.000000000000000000e+00
-9.534050536595295444e-01 3.016932277272225682e-01 0.000000000000000000e+00 -4.172597627915664020e-01 -3.016932277272227902e-01 -9.534050536595296554e-01 0.000000000000000000e+00 -9.433539158136040825e+00 0.000000000000000000e+00 0.000000000000000000e+00 1.000000000000000000e+00 0.000000000000000000e+00
5.538009142126578688e-01 8.326491142235272758e-01 0.000000000000000000e+00 -4.086530160336963036e-01 -8.326491142235273868e-01 5.538009142126580908e-01 0.000000000000000000e+00 -9.332435331779150189e+00 0.000000000000000000e+00 0.000000000000000000e+00 1.000000000000000000e+00 0.000000000000000000e+00
-8.768901069585212094e-01 -4.806908989343085525e-01 0.000000000000000000e+00 -3.946325716980467746e-01 4.806908989343085525e-01 -8.768901069585214314e-01 0.000000000000000000e+00 -9.241940620321500433e+00 0.000000000000000000e+00 0.000000000000000000e+00 1.000000000000000000e+00 0.000000000000000000e+00
-2.191940795630791250e-01 9.756812776129789588e-01 0.000000000000000000e+00 -3.714930927414243911e-01 -9.756812776129791809e-01 -2.191940795630790417e-01 0.000000000000000000e+00 -9.138077768259792677e+00 0.000000000000000000e+00 0.000000000000000000e+00 1.000000000000000000e+00 0.000000000000000000e+00
-9.118754963638410205e-01 -4.104669038195392083e-01 0.000000000000000000e+00 -3.448141379174884946e-01 4.104669038195392083e-01 -9.118754963638412425e-01 0.000000000000000000e+00 -9.042734333161112303e+00 0.000000000000000000e+00 0.000000000000000000e+00 1.000000000000000000e+00 0.000000000000000000e+00
5.850515931072379772e-01 -8.109960748380248274e-01 0.000000000000000000e+00 -3.102717408860868886e-01 8.109960748380250495e-01 5.850515931072379772e-01 0.000000000000000000e+00 -8.929064278337889959e+00 0.000000000000000000e+00 0.000000000000000000e+00 1.000000000000000000e+00 0.000000000000000000e+00
6.771444153088024276e-01 7.358501483427861700e-01 0.000000000000000000e+00 -2.804227598822777168e-01 -7.358501483427861700e-01 6.771444153088026496e-01 0.000000000000000000e+00 -8.839870126496041536e+00 0.000000000000000000e+00 0.000000000000000000e+00 1.000000000000000000e+00 0.000000000000000000e+00
-9.118754963638410205e-01 -4.104669038195392083e-01 0.000000000000000000e+00 -2.571106257655983995e-01 4.104669038195392083e-01 -9.118754963638412425e-01 0.000000000000000000e+00 -8.769377555067240593e+00 0.000000000000000000e+00 0.000000000000000000e+00 1.000000000000000000e+00 0.000000000000000000e+00
-9.268192575942943989e-01 3.755077412682212845e-01 0.000000000000000000e+00 -2.326465371132755422e-01 -3.755077412682214510e-01 -9.268192575942945099e-01 0.000000000000000000e+00 -8.663341365851371378e+00 0.000000000000000000e+00 0.000000000000000000e+00 1.000000000000000000e+00 0.000000000000000000e+00
4.868202206534951171e-01 8.735021881843700875e-01 0.000000000000000000e+00 -2.254561643136554494e-01 -8.735021881843701985e-01 4.868202206534953946e-01 0.000000000000000000e+00 -8.582045493620640286e+00 0.000000000000000000e+00 0.000000000000000000e+00 1.000000000000000000e+00 0.000000000000000000e+00
-4.407352604609497404e-01 8.976371372589366793e-01 0.000000000000000000e+00 -2.278073063458876391e-01 -8.976371372589369013e-01 -4.407352604609497404e-01 0.000000000000000000e+00 -8.502908431465776573e+00 0.000000000000000000e+00 0.000000000000000000e+00 1.000000000000000000e+00 0.000000000000000000e+00
8.068789050864175749e-01 -5.907168801774198563e-01 0.000000000000000000e+00 -2.375987893602271583e-01 5.907168801774201894e-01 8.068789050864176859e-01 0.000000000000000000e+00 -8.406878213817808643e+00 0.000000000000000000e+00 0.000000000000000000e+00 1.000000000000000000e+00 0.000000000000000000e+00
