8.529234741538192777e-02 9.963559682524979477e-01 0.000000000000000000e+00 5.522273511865306572e-01 -9.963559682524980587e-01 8.529234741538191389e-02 0.000000000000000000e+00 -2.028983312668535710e+00 0.000000000000000000e+00 0.000000000000000000e+00 1.000000000000000000e+00 0.000000000000000000e+00
8.526245669795730342e-02 9.963585265745598107e-01 0.000000000000000000e+00 5.522274384461264285e-01 -9.963585265745600328e-01 8.526245669795728954e-02 0.000000000000000000e+00 -2.028983201377192902e+00 0.000000000000000000e+00 0.000000000000000000e+00 1.000000000000000000e+00 0.000000000000000000e+00
9.073115262486851351e-02 9.958754229035686745e-01 0.000000000000000000e+00 5.533578442719461199e-01 -9.958754229035687855e-01 9.073115262486848576e-02 0.000000000000000000e+00 -2.015467044522563533e+00 0.000000000000000000e+00 0.000000000000000000e+00 1.000000000000000000e+00 0.000000000000000000e+00
9.606771600067590122e-02 9.953748007370954998e-01 0.000000000000000000e+00 5.544881988857907062e-01 -9.953748007370956108e-01 9.606771600067588734e-02 0.000000000000000000e+00 -2.001951296785684065e+00 0.000000000000000000e+00 0.000000000000000000e+00 1.000000000000000000e+00 0.000000000000000000e+00
1.016004864830644255e-01 9.948252817185555541e-01 0.000000000000000000e+00 5.556185326163692872e-01 -9.948252817185557761e-01 1.016004864830644117e-01 0.000000000000000000e+00 -1.988434544278239180e+00 0.000000000000000000e+00 0.000000000000000000e+00 1.000000000000000000e+00 0.000000000000000000e+00
9.124899555458886036e-02 9.958281080639758143e-01 0.000000000000000000e+00 5.760262390151918988e-01 -9.958281080639759253e-01 9.124899555458884648e-02 0.000000000000000000e+00 -2.212068275365008496e+00 0.000000000000000000e+00 0.000000000000000000e+00 1.000000000000000000e+00 0.000000000000000000e+00
6.501022159829199232e-02 9.978845980812309779e-01 0.000000000000000000e+00 5.927521998007015958e-01 -9.978845980812310890e-01 6.501022159829197844e-02 0.000000000000000000e+00 -2.425009731522238532e+00 0.000000000000000000e+00 0.000000000000000000e+00 1.000000000000000000e+00 0.000000000000000000e+00
2.279412701057861521e-02 9.997401801337307825e-01 0.000000000000000000e+00 5.983113595293114706e-01 -9.997401801337310046e-01 2.279412701057859786e-02 0.000000000000000000e+00 -2.632581672579795029e+00 0.000000000000000000e+00 0.000000000000000000e+00 1.000000000000000000e+00 0.000000000000000000e+00
-1.968262757951079120e-02 9.998062783217382954e-01 0.000000000000000000e+00 5.942542858066657274e-01 -9.998062783217384064e-01 -1.968262757951080855e-02 0.000000000000000000e+00 -2.854686382473707873e+00 0.000000000000000000e+00 0.000000000000000000e+00 1.000000000000000000e+00 0.000000000000000000e+00
-3.255814379998128033e-02 9.994698431029817032e-01 0.000000000000000000e+00 5.860181833951204622e-01 -9.994698431029818142e-01 -3.255814379998131503e-02 0.000000000000000000e+00 -3.066454346259325003e+00 0.000000000000000000e+00 0.000000000000000000e+00 1.000000000000000000e+00 0.000000000000000000e+00
3.096096391657005877e-03 9.999952070820802286e-01 0.000000000000000000e+00 5.852921448336243504e-01 -9.999952070820803396e-01 3.096096391656980723e-03 0.000000000000000000e+00 -3.276062260043626218e+00 0.000000000000000000e+00 0.000000000000000000e+00 1.000000000000000000e+00 0.000000000000000000e+00
9.769004858629566634e-02 9.952168881239937814e-01 0.000000000000000000e+00 6.025602984857755251e-01 -9.952168881239938925e-01 9.769004858629565247e-02 0.000000000000000000e+00 -3.475280739800113317e+00 0.000000000000000000e+00 0.000000000000000000e+00 1.000000000000000000e+00 0.000000000000000000e+00
7.083672592209266927e-02 9.974879238670697479e-01 0.000000000000000000e+00 6.219735129789170092e-01 -9.974879238670698589e-01 7.083672592209265539e-02 0.000000000000000000e+00 -3.678923527231078072e+00 0.000000000000000000e+00 0.000000000000000000e+00 1.000000000000000000e+00 0.000000000000000000e+00
4.138427936784626338e-02 9.991433037463659517e-01 0.000000000000000000e+00 6.330308739375557492e-01 -9.991433037463660627e-01 4.138427936784624256e-02 0.000000000000000000e+00 -3.893852112536802856e+00 0.000000000000000000e+00 0.000000000000000000e+00 1.000000000000000000e+00 0.000000000000000000e+00
2.764257978826817688e-02 9.996178708799918766e-01 0.000000000000000000e+00 6.396239407467154692e-01 -9.996178708799919876e-01 2.764257978826815260e-02 0.000000000000000000e+00 -4.100980607725297489e+00 0.000000000000000000e+00 0.000000000000000000e+00 1.000000000000000000e+00 0.000000000000000000e+00
4.444145935319959023e-02 9.990119902636588334e-01 0.000000000000000000e+00 6.493632560072652993e-01 -9.990119902636589444e-01 4.444145935319956942e-02 0.000000000000000000e+00 -4.307738367587546691e+00 0.000000000000000000e+00 0.000000000000000000e+00 1.000000000000000000e+00 0.000000000000000000e+00
9.164731948727269928e-02 9.957915288004798304e-01 0.000000000000000000e+00 6.670493826963695971e-01 -9.957915288004799415e-01 9.164731948727268540e-02 0.000000000000000000e+00 -4.509263335449439580e+00 0.000000000000000000e+00 0.000000000000000000e+00 1.000000000000000000e+00 0.000000000000000000e+00
9.207550135866687802e-02 9.957520283933892769e-01 0.000000000000000000e+00 6.872342478333466342e-01 -9.957520283933893879e-01 9.207550135866686414e-02 0.000000000000000000e+00 -4.718242062843884810e+00 0.000000000000000000e+00 0.000000000000000000e+00 1.000000000000000000e+00 0.000000000000000000e+00
7.616227614697766712e-02 9.970954355988751461e-01 0.000000000000000000e+00 7.046731500571841167e-01 -9.970954355988752571e-01 7.616227614697763937e-02 0.000000000000000000e+00 -4.924631984977276389e+00 0.000000000000000000e+00 0.000000000000000000e+00 1.000000000000000000e+00 0.000000000000000000e+00
7.543437625020084358e-02 9.971507683794573751e-01 0.000000000000000000e+00 7.233629526879694627e-01 -9.971507683794573751e-01 7.543437625020082971e-02 0.000000000000000000e+00 -5.138485677818017905e+00 0.000000000000000000e+00 0.000000000000000000e+00 1.000000000000000000e+00 0.000000000000000000e+00
7.431752031066750364e-02 9.972346294502977271e-01 0.000000000000000000e+00 7.422920148848530797e-01 -9.972346294502978381e-01 7.431752031066748976e-02 0.000000000000000000e+00 -5.342589984223704569e+00 0.000000000000000000e+00 0.000000000000000000e+00 1.000000000000000000e+00 0.000000000000000000e+00
7.316067839911295778e-02 9.973201668151410182e-01 0.000000000000000000e+00 7.605848502012838575e-01 -9.973201668151411292e-01 7.316067839911294390e-02 0.000000000000000000e+00 -5.551566036143741556e+00 0.000000000000000000e+00 0.000000000000000000e+00 1.000000000000000000e+00 0.000000000000000000e+00
8.607944193295211099e-02 9.962882763921847573e-01 0.000000000000000000e+00 7.805329322689708027e-01 -9.962882763921848683e-01 8.607944193295209712e-02 0.000000000000000000e+00 -5.762799551727374237e+00 0.000000000000000000e+00 0.000000000000000000e+00 1.000000000000000000e+00 0.000000000000000000e+00
9.883448315783401050e-02 9.951038865057872940e-01 0.000000000000000000e+00 8.019769121734903194e-01 -9.951038865057874050e-01 9.883448315783399662e-02 0.000000000000000000e+00 -5.969198292687329044e+00 0.000000000000000000e+00 0.000000000000000000e+00 1.000000000000000000e+00 0.000000000000000000e+00
9.589850089718714166e-02 9.953911178655711067e-01 0.000000000000000000e+00 8.241018416040548633e-01 -9.953911178655712177e-01 9.589850089718712778e-02 0.000000000000000000e+00 -6.177186729449309688e+00 0.000000000000000000e+00 0.000000000000000000e+00 1.000000000000000000e+00 0.000000000000000000e+00
1.381429105577369754e-01 9.904123061950694806e-01 0.000000000000000000e+00 8.549788541106759787e-01 -9.904123061950695917e-01 1.381429105577369754e-01 0.000000000000000000e+00 -6.377266224257414073e+00 0.000000000000000000e+00 0.000000000000000000e+00 1.000000000000000000e+00 0.000000000000000000e+00
1.336450304634131114e-01 9.910292658808983468e-01 0.000000000000000000e+00 8.873794311694481740e-01 -9.910292658808984578e-01 1.336450304634131114e-01 0.000000000000000000e+00 -6.589692102829818765e+00 0.000000000000000000e+00 0.000000000000000000e+00 1.000000000000000000e+00 0.000000000000000000e+00
9.918276345738800959e-02 9.950692334872758282e-01 0.000000000000000000e+00 9.132534617960041956e-01 -9.950692334872759393e-01 9.918276345738798183e-02 0.000000000000000000e+00 -6.797871435433072484e+00 0.000000000000000000e+00 0.000000000000000000e+00 1.000000000000000000e+00 0.000000000000000000e+00
1.230335692227962768e-01 9.924025094911329559e-01 0.000000000000000000e+00 9.413330912928227212e-01 -9.924025094911330669e-01 1.230335692227962630e-01 0.000000000000000000e+00 -7.005098849119876014e+00 0.000000000000000000e+00 0.000000000000000000e+00 1.000000000000000000e+00 0.000000000000000000e+00
1.010234707628166889e-01 9.948840426678041693e-01 0.000000000000000000e+00 9.675132913275927837e-01 -9.948840426678042803e-01 1.010234707628166750e-01 0.000000000000000000e+00 -7.204880549360762387e+00 0.000000000000000000e+00 0.000000000000000000e+00 1.000000000000000000e+00 0.000000000000000000e+00
1.092873738809436029e-01 9.940101960796005054e-01 0.000000000000000000e+00 9.944512785144776768e-01 -9.940101960796006164e-01 1.092873738809435891e-01 0.000000000000000000e+00 -7.410715049254047671e+00 0.000000000000000000e+00 0.000000000000000000e+00 1.000000000000000000e+00 0.000000000000000000e+00
1.018591376193005715e-01 9.947988319672733670e-01 0.000000000000000000e+00 1.018569880754959023e+00 -9.947988319672734780e-01 1.018591376193005577e-01 0.000000000000000000e+00 -7.614594155446824608e+00 0.000000000000000000e+00 0.000000000000000000e+00 1.000000000000000000e+00 0.000000000000000000e+00
9.390752819170603005e-02 9.955809239579286318e-01 0.000000000000000000e+00 1.042211906373515795e+00 -9.955809239579287429e-01 9.390752819170601617e-02 0.000000000000000000e+00 -7.821784517552911709e+00 0.000000000000000000e+00 0.000000000000000000e+00 1.000000000000000000e+00 0.000000000000000000e+00
8.521263866507115814e-02 9.963627884519448141e-01 0.000000000000000000e+00 1.062751862368032763e+00 -9.963627884519449251e-01 8.521263866507113038e-02 0.000000000000000000e+00 -8.024575747352781008e+00 0.000000000000000000e+00 0.000000000000000000e+00 1.000000000000000000e+00 0.000000000000000000e+00
8.477423080371471187e-02 9.964001855638312533e-01 0.000000000000000000e+00 1.081248611820428085e+00 -9.964001855638313643e-01 8.477423080371468411e-02 0.000000000000000000e+00 -8.247145789857821541e+00 0.000000000000000000e+00 0.000000000000000000e+00 1.000000000000000000e+00 0.000000000000000000e+00
8.482405070700446692e-02 9.963959456067926768e-01 0.000000000000000000e+00 1.099176018411664568e+00 -9.963959456067927878e-01 8.482405070700443916e-02 0.000000000000000000e+00 -8.474357876923875210e+00 0.000000000000000000e+00 0.000000000000000000e+00 1.000000000000000000e+00 0.000000000000000000e+00
6.872189392329523805e-02 9.976358560595114389e-01 0.000000000000000000e+00 1.114727553955415118e+00 -9.976358560595116609e-01 6.872189392329522417e-02 0.000000000000000000e+00 -8.698734904772608800e+00 0.000000000000000000e+00 0.000000000000000000e+00 1.000000000000000000e+00 0.000000000000000000e+00
4.249330271247877405e-02 9.990967516835316253e-01 0.000000000000000000e+00 1.175159538297901651e+00 -9.990967516835317364e-01 4.249330271247874630e-02 0.000000000000000000e+00 -9.311966525980640341e+00 0.000000000000000000e+00 0.000000000000000000e+00 1.000000000000000000e+00 0.000000000000000000e+00
8.593996073113430167e-02 9.963003177503910734e-01 0.000000000000000000e+00 1.192125193851692355e+00 -9.963003177503911845e-01 8.593996073113428780e-02 0.000000000000000000e+00 -9.541269323677550318e+00 0.000000000000000000e+00 0.000000000000000000e+00 1.000000000000000000e+00 0.000000000000000000e+00
1.007150518603516648e-01 9.949153121390611476e-01 0.000000000000000000e+00 1.212995513520018775e+00 -9.949153121390613697e-01 1.007150518603516509e-01 0.000000000000000000e+00 -9.760530184950011900e+00 0.000000000000000000e+00 0.000000000000000000e+00 1.000000000000000000e+00 0.000000000000000000e+00
1.004663198875623970e-01 9.949404598106608155e-01 0.000000000000000000e+00 1.233703125184225424e+00 -9.949404598106608155e-01 1.004663198875623692e-01 0.000000000000000000e+00 -9.992361675089217243e+00 0.000000000000000000e+00 0.000000000000000000e+00 1.000000000000000000e+00 0.000000000000000000e+00
8.576062528268020568e-02 9.963157708031740167e-01 0.000000000000000000e+00 1.252281730405948368e+00 -9.963157708031741278e-01 8.576062528268017793e-02 0.000000000000000000e+00 -1.021614064093054708e+01 0.000000000000000000e+00 0.000000000000000000e+00 1.000000000000000000e+00 0.000000000000000000e+00
8.556136041463550945e-02 9.963329030018007737e-01 0.000000000000000000e+00 1.270311155837936745e+00 -9.963329030018008847e-01 8.556136041463548170e-02 0.000000000000000000e+00 -1.043863629755015943e+01 0.000000000000000000e+00 0.000000000000000000e+00 1.000000000000000000e+00 0.000000000000000000e+00
8.615914471952412779e-02 9.962813868487150337e-01 0.000000000000000000e+00 1.287658025047067056e+00 -9.962813868487151447e-01 8.615914471952411391e-02 0.000000000000000000e+00 -1.065563413587497088e+01 0.000000000000000000e+00 0.000000000000000000e+00 1.000000000000000000e+00 0.000000000000000000e+00
9.886433622994916792e-02 9.951009210234962321e-01 0.000000000000000000e+00 1.305756598964274096e+00 -9.951009210234963431e-01 9.886433622994915404e-02 0.000000000000000000e+00 -1.087058683263210312e+01 0.000000000000000000e+00 0.000000000000000000e+00 1.000000000000000000e+00 0.000000000000000000e+00
8.895835157192759357e-02 9.960353466045289705e-01 0.000000000000000000e+00 1.322576508747601132e+00 -9.960353466045291926e-01 8.895835157192756582e-02 0.000000000000000000e+00 -1.109484056089292991e+01 0.000000000000000000e+00 0.000000000000000000e+00 1.000000000000000000e+00 0.000000000000000000e+00
1.383112786528141180e-01 9.903888075889299980e-01 0.000000000000000000e+00 1.212388359794161152e+00 -9.903888075889301090e-01 1.383112786528140903e-01 0.000000000000000000e+00 -1.091159294407018621e+01 0.000000000000000000e+00 0.000000000000000000e+00 1.000000000000000000e+00 0.000000000000000000e+00
1.367859164825054041e-01 9.906006324710477928e-01 0.000000000000000000e+00 1.241388626591252375e+00 -9.906006324710479038e-01 1.367859164825054041e-01 0.000000000000000000e+00 -1.112255680686829074e+01 0.000000000000000000e+00 0.000000000000000000e+00 1.000000000000000000e+00 0.000000000000000000e+00
-3.044908949624464678e-01 9.525152465367509036e-01 0.000000000000000000e+00 1.220313172264751334e+00 -9.525152465367509036e-01 -3.044908949624465233e-01 0.000000000000000000e+00 -1.131606120578710595e+01 0.000000000000000000e+00 0.000000000000000000e+00 1.000000000000000000e+00 0.000000000000000000e+00
-7.543174930526334032e-01 6.565098016593425845e-01 0.000000000000000000e+00 1.192411414779766421e+00 -6.565098016593425845e-01 -7.543174930526335142e-01 0.000000000000000000e+00 -1.130194154438007814e+01 0.000000000000000000e+00 0.000000000000000000e+00 1.000000000000000000e+00 0.000000000000000000e+00
-9.942137900811601758e-01 1.074194563961929777e-01 0.000000000000000000e+00 1.183151011923098794e+00 -1.074194563961929638e-01 -9.942137900811602869e-01 0.000000000000000000e+00 -1.126164228210479479e+01 0.000000000000000000e+00 0.000000000000000000e+00 1.000000000000000000e+00 0.000000000000000000e+00
-8.835708865134325185e-01 -4.682974359377446993e-01 0.000000000000000000e+00 1.188305751536488319e+00 4.682974359377447549e-01 -8.835708865134325185e-01 0.000000000000000000e+00 -1.122713286374519015e+01 0.000000000000000000e+00 0.000000000000000000e+00 1.000000000000000000e+00 0.000000000000000000e+00
-4.740047988019197578e-01 -8.805222602028586198e-01 0.000000000000000000e+00 1.211464474287569537e+00 8.805222602028586198e-01 -4.740047988019197578e-01 0.000000000000000000e+00 -1.120229014777977028e+01 0.000000000000000000e+00 0.000000000000000000e+00 1.000000000000000000e+00 0.000000000000000000e+00
4.558075434228350820e-02 -9.989606573001698075e-01 0.000000000000000000e+00 1.241359607738536486e+00 9.989606573001699186e-01 4.558075434228354983e-02 0.000000000000000000e+00 -1.119567002150084711e+01 0.000000000000000000e+00 0.000000000000000000e+00 1.000000000000000000e+00 0.000000000000000000e+00
-8.688376355540534945e-02 -9.962184557768679616e-01 0.000000000000000000e+00 1.215113094744254330e+00 9.962184557768680726e-01 -8.688376355540533558e-02 0.000000000000000000e+00 -1.094318443343760627e+01 0.000000000000000000e+00 0.000000000000000000e+00 1.000000000000000000e+00 0.000000000000000000e+00
5.421995104897853190e-02 -9.985290165579793209e-01 0.000000000000000000e+00 1.221354460802217323e+00 9.985290165579794319e-01 5.421995104897855272e-02 0.000000000000000000e+00 -1.070036517847883850e+01 0.000000000000000000e+00 0.000000000000000000e+00 1.000000000000000000e+00 0.000000000000000000e+00
1.531712035701253694e-01 -9.881996672721956587e-01 0.000000000000000000e+00 1.257104190142617206e+00 9.881996672721956587e-01 1.531712035701253694e-01 0.000000000000000000e+00 -1.044242064863358621e+01 0.000000000000000000e+00 0.000000000000000000e+00 1.000000000000000000e+00 0.000000000000000000e+00
1.639135381467942687e-01 -9.864747092613161961e-01 0.000000000000000000e+00 1.299421111526615658e+00 9.864747092613163071e-01 1.639135381467942965e-01 0.000000000000000000e+00 -1.019527525637716714e+01 0.000000000000000000e+00 0.000000000000000000e+00 1.000000000000000000e+00 0.000000000000000000e+00
-1.770944484606322700e-01 -9.841938611495315570e-01 0.000000000000000000e+00 1.278865144235705742e+00 9.841938611495317790e-01 -1.770944484606322700e-01 0.000000000000000000e+00 -9.925057423966469727e+00 0.000000000000000000e+00 0.000000000000000000e+00 1.000000000000000000e+00 0.000000000000000000e+00
-2.437042614974367083e-01 -9.698495929410847483e-01 0.000000000000000000e+00 1.222465237887536027e+00 9.698495929410849703e-01 -2.437042614974366805e-01 0.000000000000000000e+00 -9.690948171725304761e+00 0.000000000000000000e+00 0.000000000000000000e+00 1.000000000000000000e+00 0.000000000000000000e+00
-1.564184793519313166e-01 -9.876908723468230678e-01 0.000000000000000000e+00 1.178833036272265211e+00 9.876908723468231788e-01 -1.564184793519313166e-01 0.000000000000000000e+00 -9.443316796283491854e+00 0.000000000000000000e+00 0.000000000000000000e+00 1.000000000000000000e+00 0.000000000000000000e+00
-3.673518053492006580e-02 -9.993250354669724889e-01 0.000000000000000000e+00 1.166153403593576332e+00 9.993250354669725999e-01 -3.673518053492003110e-02 0.000000000000000000e+00 -9.198617442708265202e+00 0.000000000000000000e+00 0.000000000000000000e+00 1.000000000000000000e+00 0.000000000000000000e+00
1.447604661377380891e-02 -9.998952165474314091e-01 0.000000000000000000e+00 1.169030898141817598e+00 9.998952165474315201e-01 1.447604661377384187e-02 0.000000000000000000e+00 -8.943734984672950361e+00 0.000000000000000000e+00 0.000000000000000000e+00 1.000000000000000000e+00 0.000000000000000000e+00
2.786294578764386687e-02 -9.996117527580564710e-01 0.000000000000000000e+00 1.175981717073730781e+00 9.996117527580564710e-01 2.786294578764389462e-02 0.000000000000000000e+00 -8.694634976764124445e+00 0.000000000000000000e+00 0.000000000000000000e+00 1.000000000000000000e+00 0.000000000000000000e+00
-1.996212173850665794e-02 -9.998007369949754031e-01 0.000000000000000000e+00 1.174577082297172392e+00 9.998007369949755141e-01 -1.996212173850663713e-02 0.000000000000000000e+00 -8.450404228894115022e+00 0.000000000000000000e+00 0.000000000000000000e+00 1.000000000000000000e+00 0.000000000000000000e+00
-9.885174462317727895e-02 -9.951021719325875425e-01 0.000000000000000000e+00 1.156592899045175926e+00 9.951021719325876536e-01 -9.885174462317726507e-02 0.000000000000000000e+00 -8.222040620916052589e+00 0.000000000000000000e+00 0.000000000000000000e+00 1.000000000000000000e+00 0.000000000000000000e+00
-2.160171418627285789e-01 -9.763895710327189503e-01 0.000000000000000000e+00 1.113971500215960031e+00 9.763895710327189503e-01 -2.160171418627285511e-01 0.000000000000000000e+00 -7.997998701566479518e+00 0.000000000000000000e+00 0.000000000000000000e+00 1.000000000000000000e+00 0.000000000000000000e+00
-2.493736791826345611e-01 -9.684073358514563301e-01 0.000000000000000000e+00 1.057419940253630175e+00 9.684073358514564411e-01 -2.493736791826345889e-01 0.000000000000000000e+00 -7.765307949301102575e+00 0.000000000000000000e+00 0.000000000000000000e+00 1.000000000000000000e+00 0.000000000000000000e+00
-2.383567178468526393e-01 -9.711776742992369593e-01 0.000000000000000000e+00 1.005175178403932890e+00 9.711776742992370703e-01 -2.383567178468526393e-01 0.000000000000000000e+00 -7.534070225258790110e+00 0.000000000000000000e+00 0.000000000000000000e+00 1.000000000000000000e+00 0.000000000000000000e+00
-2.435393835459042922e-01 -9.698910086510132977e-01 0.000000000000000000e+00 9.510309870921874742e-01 9.698910086510132977e-01 -2.435393835459042644e-01 0.000000000000000000e+00 -7.295386787770562265e+00 0.000000000000000000e+00 0.000000000000000000e+00 1.000000000000000000e+00 0.000000000000000000e+00
-2.103113754935377333e-01 -9.776344538415242535e-01 0.000000000000000000e+00 9.025576545938702733e-01 9.776344538415242535e-01 -2.103113754935377055e-01 0.000000000000000000e+00 -7.053921793826289033e+00 0.000000000000000000e+00 0.000000000000000000e+00 1.000000000000000000e+00 0.000000000000000000e+00
-1.795838894913316663e-01 -9.837426628113493665e-01 0.000000000000000000e+00 8.600950468827696094e-01 9.837426628113493665e-01 -1.795838894913316386e-01 0.000000000000000000e+00 -6.810943595159468344e+00 0.000000000000000000e+00 0.000000000000000000e+00 1.000000000000000000e+00 0.000000000000000000e+00
-1.303911104624448369e-01 -9.914626358629806679e-01 0.000000000000000000e+00 8.270648647021648925e-01 9.914626358629807790e-01 -1.303911104624448369e-01 0.000000000000000000e+00 -6.563580236334608742e+00 0.000000000000000000e+00 0.000000000000000000e+00 1.000000000000000000e+00 0.000000000000000000e+00
-8.554875321993403448e-02 -9.963339855803944323e-01 0.000000000000000000e+00 8.044416264287521656e-01 9.963339855803945433e-01 -8.554875321993400672e-02 0.000000000000000000e+00 -6.305518882019352844e+00 0.000000000000000000e+00 0.000000000000000000e+00 1.000000000000000000e+00 0.000000000000000000e+00
-7.251973195004116080e-02 -9.973669778360887417e-01 0.000000000000000000e+00 7.882912259781617026e-01 9.973669778360888527e-01 -7.251973195004113304e-02 0.000000000000000000e+00 -6.048305906463520287e+00 0.000000000000000000e+00 0.000000000000000000e+00 1.000000000000000000e+00 0.000000000000000000e+00
-8.326692607410457470e-02 -9.965272796176573022e-01 0.000000000000000000e+00 7.723705636043503020e-01 9.965272796176574133e-01 -8.326692607410454694e-02 0.000000000000000000e+00 -5.797693146465990210e+00 0.000000000000000000e+00 0.000000000000000000e+00 1.000000000000000000e+00 0.000000000000000000e+00
-1.257000510706018370e-01 -9.920682925891982640e-01 0.000000000000000000e+00 7.485438241357458278e-01 9.920682925891983750e-01 -1.257000510706018370e-01 0.000000000000000000e+00 -5.584823833594700915e+00 0.000000000000000000e+00 0.000000000000000000e+00 1.000000000000000000e+00 0.000000000000000000e+00
-2.283605927304438454e-01 -9.735766224020580006e-01 0.000000000000000000e+00 7.054081864317992556e-01 9.735766224020581117e-01 -2.283605927304438177e-01 0.000000000000000000e+00 -5.382249241940480822e+00 0.000000000000000000e+00 0.000000000000000000e+00 1.000000000000000000e+00 0.000000000000000000e+00
-8.988198299183752793e-02 -9.959524231274573536e-01 0.000000000000000000e+00 7.656477813971773738e-01 9.959524231274574646e-01 -8.988198299183751405e-02 0.000000000000000000e+00 -5.776870077926629321e+00 0.000000000000000000e+00 0.000000000000000000e+00 1.000000000000000000e+00 0.000000000000000000e+00
-8.593731695847742214e-02 -9.963005457962857969e-01 0.000000000000000000e+00 7.328117939271742154e-01 9.963005457962860190e-01 -8.593731695847740826e-02 0.000000000000000000e+00 -5.533774304884667039e+00 0.000000000000000000e+00 0.000000000000000000e+00 1.000000000000000000e+00 0.000000000000000000e+00
-3.696502431940543176e-02 -9.993165599433768698e-01 0.000000000000000000e+00 7.124816403656809571e-01 9.993165599433769808e-01 -3.696502431940541095e-02 0.000000000000000000e+00 -5.292378160994243075e+00 0.000000000000000000e+00 0.000000000000000000e+00 1.000000000000000000e+00 0.000000000000000000e+00
-1.603447061229429762e-03 -9.999987144779340920e-01 0.000000000000000000e+00 7.010040410144122713e-01 9.999987144779342030e-01 -1.603447061229409379e-03 0.000000000000000000e+00 -5.049678863638169979e+00 0.000000000000000000e+00 0.000000000000000000e+00 1.000000000000000000e+00 0.000000000000000000e+00
6.346509646594624375e-03 -9.999798607048566712e-01 0.000000000000000000e+00 6.927115716050514793e-01 9.999798607048567822e-01 6.346509646594651263e-03 0.000000000000000000e+00 -4.809293611064109797e+00 0.000000000000000000e+00 0.000000000000000000e+00 1.000000000000000000e+00 0.000000000000000000e+00
-1.227313961035177842e-02 -9.999246821856653256e-01 0.000000000000000000e+00 6.805198862085573008e-01 9.999246821856654366e-01 -1.227313961035174372e-02 0.000000000000000000e+00 -4.568725558912140272e+00 0.000000000000000000e+00 0.000000000000000000e+00 1.000000000000000000e+00 0.000000000000000000e+00
-3.071861451119390143e-02 -9.995280720032387878e-01 0.000000000000000000e+00 6.647988843231096290e-01 9.995280720032388988e-01 -3.071861451119387021e-02 0.000000000000000000e+00 -4.332986573038530409e+00 0.000000000000000000e+00 0.000000000000000000e+00 1.000000000000000000e+00 0.000000000000000000e+00
-2.995896437806401524e-02 -9.995511294843264505e-01 0.000000000000000000e+00 6.485818201768329683e-01 9.995511294843265615e-01 -2.995896437806399443e-02 0.000000000000000000e+00 -4.100339595934860526e+00 0.000000000000000000e+00 0.000000000000000000e+00 1.000000000000000000e+00 0.000000000000000000e+00
-5.786111339264269487e-02 -9.983246423668818981e-01 0.000000000000000000e+00 6.252202160719338986e-01 9.983246423668820091e-01 -5.786111339264268100e-02 0.000000000000000000e+00 -3.877814433380946113e+00 0.000000000000000000e+00 0.000000000000000000e+00 1.000000000000000000e+00 0.000000000000000000e+00
-6.804083826499791876e-02 -9.976825368463633215e-01 0.000000000000000000e+00 5.953908523426107990e-01 9.976825368463635435e-01 -6.804083826499789101e-02 0.000000000000000000e+00 -3.638212703653250557e+00 0.000000000000000000e+00 0.000000000000000000e+00 1.000000000000000000e+00 0.000000000000000000e+00
-4.466857999247379751e-02 -9.990018608398359978e-01 0.000000000000000000e+00 5.719989955748854271e-01 9.990018608398361089e-01 -4.466857999247376976e-02 0.000000000000000000e+00 -3.403170486302924402e+00 0.000000000000000000e+00 0.000000000000000000e+00 1.000000000000000000e+00 0.000000000000000000e+00
-1.907229129405469889e-02 -9.998181073099213778e-01 0.000000000000000000e+00 5.528271950584535688e-01 9.998181073099215999e-01 -1.907229129405468154e-02 0.000000000000000000e+00 -3.167476469845572851e+00 0.000000000000000000e+00 0.000000000000000000e+00 1.000000000000000000e+00 0.000000000000000000e+00
-5.773415674272886280e-03 -9.999833336968426689e-01 0.000000000000000000e+00 5.367548740958946185e-01 9.999833336968427799e-01 -5.773415674272860260e-03 0.000000000000000000e+00 -2.928898126004736646e+00 0.000000000000000000e+00 0.000000000000000000e+00 1.000000000000000000e+00 0.000000000000000000e+00
-5.133425202001370979e-03 -9.999868238860422087e-01 0.000000000000000000e+00 5.220234777106025348e-01 9.999868238860423197e-01 -5.133425202001346693e-03 0.000000000000000000e+00 -2.692949713021941971e+00 0.000000000000000000e+00 0.000000000000000000e+00 1.000000000000000000e+00 0.000000000000000000e+00
-1.773251830810330595e-02 -9.998427665360447580e-01 0.000000000000000000e+00 5.051954576384383166e-01 9.998427665360448691e-01 -1.773251830810328514e-02 0.000000000000000000e+00 -2.453126151041283620e+00 0.000000000000000000e+00 0.000000000000000000e+00 1.000000000000000000e+00 0.000000000000000000e+00
-9.076834493364453749e-02 -9.958720337262242372e-01 0.000000000000000000e+00 4.714146398834272444e-01 9.958720337262243483e-01 -9.076834493364452361e-02 0.000000000000000000e+00 -2.219339857659458737e+00 0.000000000000000000e+00 0.000000000000000000e+00 1.000000000000000000e+00 0.000000000000000000e+00
-7.486632737723679654e-01 -6.629504525260083714e-01 0.000000000000000000e+00 4.165905019755722916e-01 6.629504525260084824e-01 -7.486632737723679654e-01 0.000000000000000000e+00 -2.268775130511042182e+00 0.000000000000000000e+00 0.000000000000000000e+00 1.000000000000000000e+00 0.000000000000000000e+00
-9.737614045005393848e-01 -2.275713670590741033e-01 0.000000000000000000e+00 3.464236987411052349e-01 2.275713670590741866e-01 -9.737614045005394958e-01 0.000000000000000000e+00 -2.280639243999018184e+00 0.000000000000000000e+00 0.000000000000000000e+00 1.000000000000000000e+00 0.000000000000000000e+00
-9.827364825135608273e-01 -1.850108265396183671e-01 0.000000000000000000e+00 7.280520133286916273e-02 1.850108265396184226e-01 -9.827364825135609383e-01 0.000000000000000000e+00 -2.245169104491270939e+00 0.000000000000000000e+00 0.000000000000000000e+00 1.000000000000000000e+00 0.000000000000000000e+00
-9.891852059091734706e-01 -1.466718391867538052e-01 0.000000000000000000e+00 -1.479008730376011327e-01 1.466718391867538607e-01 -9.891852059091735816e-01 0.000000000000000000e+00 -2.223847384814463091e+00 0.000000000000000000e+00 0.000000000000000000e+00 1.000000000000000000e+00 0.000000000000000000e+00
-9.924900073572309189e-01 -1.223257343981335593e-01 0.000000000000000000e+00 -3.679860157297241141e-01 1.223257343981335871e-01 -9.924900073572310299e-01 0.000000000000000000e+00 -2.207347893301152553e+00 0.000000000000000000e+00 0.000000000000000000e+00 1.000000000000000000e+00 0.000000000000000000e+00
-9.991146463182846160e-01 -4.207045890275167010e-02 0.000000000000000000e+00 -5.887340299138310584e-01 4.207045890275169786e-02 -9.991146463182847270e-01 0.000000000000000000e+00 -2.207018106076885200e+00 0.000000000000000000e+00 0.000000000000000000e+00 1.000000000000000000e+00 0.000000000000000000e+00
-9.968710824151678640e-01 7.904457631242392535e-02 0.000000000000000000e+00 -7.928604432332788665e-01 -7.904457631242391147e-02 -9.968710824151679750e-01 0.000000000000000000e+00 -2.232255933560603367e+00 0.000000000000000000e+00 0.000000000000000000e+00 1.000000000000000000e+00 0.000000000000000000e+00
-9.903865492770504986e-01 1.383274485093080874e-01 0.000000000000000000e+00 -9.995033629087028970e-01 -1.383274485093080874e-01 -9.903865492770506096e-01 0.000000000000000000e+00 -2.274818564805701104e+00 0.000000000000000000e+00 0.000000000000000000e+00 1.000000000000000000e+00 0.000000000000000000e+00
-9.952158115568132679e-01 9.770101548762154253e-02 0.000000000000000000e+00 -1.215773093965835994e+00 -9.770101548762152865e-02 -9.952158115568133789e-01 0.000000000000000000e+00 -2.315241841245956778e+00 0.000000000000000000e+00 0.000000000000000000e+00 1.000000000000000000e+00 0.000000000000000000e+00
-9.973985251973975785e-01 7.208454712388263907e-02 0.000000000000000000e+00 -1.420801624954610487e+00 -7.208454712388262520e-02 -9.973985251973976895e-01 0.000000000000000000e+00 -2.338019743129033490e+00 0.000000000000000000e+00 0.000000000000000000e+00 1.000000000000000000e+00 0.000000000000000000e+00
-9.953938966230219121e-01 9.586965403940789221e-02 0.000000000000000000e+00 -1.625690571264706286e+00 -9.586965403940787833e-02 -9.953938966230220231e-01 0.000000000000000000e+00 -2.365363050462613081e+00 0.000000000000000000e+00 0.000000000000000000e+00 1.000000000000000000e+00 0.000000000000000000e+00
-4.479346174510667189e-01 8.940663166057456479e-01 0.000000000000000000e+00 -1.720079979141541315e+00 -8.940663166057457589e-01 -4.479346174510667744e-01 0.000000000000000000e+00 -1.397014579339588281e+00 0.000000000000000000e+00 0.000000000000000000e+00 1.000000000000000000e+00 0.000000000000000000e+00
4.176395082618750837e-02 9.991275055824391238e-01 0.000000000000000000e+00 -1.704030689782133123e+00 -9.991275055824392348e-01 4.176395082618748061e-02 0.000000000000000000e+00 -1.580546864979085253e+00 0.000000000000000000e+00 0.000000000000000000e+00 1.000000000000000000e+00 0.000000000000000000e+00
8.683659609037731875e-02 9.962225682945733407e-01 0.000000000000000000e+00 -1.687494782324620246e+00 -9.962225682945733407e-01 8.683659609037730487e-02 0.000000000000000000e+00 -1.788655744195125852e+00 0.000000000000000000e+00 0.000000000000000000e+00 1.000000000000000000e+00 0.000000000000000000e+00
1.018392416222908270e-01 9.948008689510657865e-01 0.000000000000000000e+00 -1.665320033474921857e+00 -9.948008689510658975e-01 1.018392416222907992e-01 0.000000000000000000e+00 -2.028289474620232458e+00 0.000000000000000000e+00 0.000000000000000000e+00 1.000000000000000000e+00 0.000000000000000000e+00
4.107496313958702849e-01 9.117481781216540959e-01 0.000000000000000000e+00 -1.596891130792540192e+00 -9.117481781216543180e-01 4.107496313958703404e-01 0.000000000000000000e+00 -2.258011551438471987e+00 0.000000000000000000e+00 0.000000000000000000e+00 1.000000000000000000e+00 0.000000000000000000e+00
4.795274238824996926e-01 8.775268940292442199e-01 0.000000000000000000e+00 -1.492973073055384958e+00 -8.775268940292444420e-01 4.795274238824996926e-01 0.000000000000000000e+00 -2.461618383276274802e+00 0.000000000000000000e+00 0.000000000000000000e+00 1.000000000000000000e+00 0.000000000000000000e+00
3.898660252639776225e-01 9.208715884122317119e-01 0.000000000000000000e+00 -1.400916253621268037e+00 -9.208715884122318229e-01 3.898660252639776780e-01 0.000000000000000000e+00 -2.677581370660141680e+00 0.000000000000000000e+00 0.000000000000000000e+00 1.000000000000000000e+00 0.000000000000000000e+00
1.547121625627491948e-01 9.879595876123458131e-01 0.000000000000000000e+00 -1.344655474716709653e+00 -9.879595876123459242e-01 1.547121625627491670e-01 0.000000000000000000e+00 -2.948332824316539202e+00 0.000000000000000000e+00 0.000000000000000000e+00 1.000000000000000000e+00 0.000000000000000000e+00
7.445713243002280435e-02 9.972242152245888169e-01 0.000000000000000000e+00 -1.326971657836144791e+00 -9.972242152245888169e-01 7.445713243002277659e-02 0.000000000000000000e+00 -3.186149010781074598e+00 0.000000000000000000e+00 0.000000000000000000e+00 1.000000000000000000e+00 0.000000000000000000e+00
5.058319296025798328e-01 8.626320530762403571e-01 0.000000000000000000e+00 -1.240882336827439980e+00 -8.626320530762404681e-01 5.058319296025799439e-01 0.000000000000000000e+00 -3.420801758298038564e+00 0.000000000000000000e+00 0.000000000000000000e+00 1.000000000000000000e+00 0.000000000000000000e+00
-1.951240195377657860e-01 9.807785769476332627e-01 0.000000000000000000e+00 -1.203428720949704989e+00 -9.807785769476333737e-01 -1.951240195377658693e-01 0.000000000000000000e+00 -3.603162639952199875e+00 0.000000000000000000e+00 0.000000000000000000e+00 1.000000000000000000e+00 0.000000000000000000e+00
-4.782564799538986666e-02 9.988556989845029932e-01 0.000000000000000000e+00 -1.195212868605771472e+00 -9.988556989845031042e-01 -4.782564799538990830e-02 0.000000000000000000e+00 -3.866533637539752544e+00 0.000000000000000000e+00 0.000000000000000000e+00 1.000000000000000000e+00 0.000000000000000000e+00
-1.365757052990705656e-01 9.906296365050161201e-01 0.000000000000000000e+00 -1.226585549616997728e+00 -9.906296365050162311e-01 -1.365757052990705933e-01 0.000000000000000000e+00 -4.114993507511077730e+00 0.000000000000000000e+00 0.000000000000000000e+00 1.000000000000000000e+00 0.000000000000000000e+00
-1.726543922797833253e-01 9.849824672685791871e-01 0.000000000000000000e+00 -1.268613142530983451e+00 -9.849824672685792981e-01 -1.726543922797833530e-01 0.000000000000000000e+00 -4.360975706732599377e+00 0.000000000000000000e+00 0.000000000000000000e+00 1.000000000000000000e+00 0.000000000000000000e+00
-8.175255840663571416e-02 9.966526572452252264e-01 0.000000000000000000e+00 -1.297268463833004981e+00 -9.966526572452254484e-01 -8.175255840663575579e-02 0.000000000000000000e+00 -4.616490174935630186e+00 0.000000000000000000e+00 0.000000000000000000e+00 1.000000000000000000e+00 0.000000000000000000e+00
1.210580563323825597e-02 9.999267220501556475e-01 0.000000000000000000e+00 -1.301979841870047672e+00 -9.999267220501556475e-01 1.210580563323822301e-02 0.000000000000000000e+00 -4.843712584519263231e+00 0.000000000000000000e+00 0.000000000000000000e+00 1.000000000000000000e+00 0.000000000000000000e+00
1.163618965629372864e-01 9.932068812831872373e-01 0.000000000000000000e+00 -1.284492949474227652e+00 -9.932068812831874594e-01 1.163618965629372726e-01 0.000000000000000000e+00 -5.058014061869132938e+00 0.000000000000000000e+00 0.000000000000000000e+00 1.000000000000000000e+00 0.000000000000000000e+00
1.084026616399621779e-01 9.941070681518016094e-01 0.000000000000000000e+00 -1.260014865084736702e+00 -9.941070681518017205e-01 1.084026616399621640e-01 0.000000000000000000e+00 -5.289963350259119679e+00 0.000000000000000000e+00 0.000000000000000000e+00 1.000000000000000000e+00 0.000000000000000000e+00
3.964570824907312496e-02 9.992137998533788812e-01 0.000000000000000000e+00 -1.249579953818757749e+00 -9.992137998533789922e-01 3.964570824907309721e-02 0.000000000000000000e+00 -5.531721113995614836e+00 0.000000000000000000e+00 0.000000000000000000e+00 1.000000000000000000e+00 0.000000000000000000e+00
2.250420140391067719e-02 9.997467483913968778e-01 0.000000000000000000e+00 -1.244257844826335502e+00 -9.997467483913969888e-01 2.250420140391065638e-02 0.000000000000000000e+00 -5.774762526013963893e+00 0.000000000000000000e+00 0.000000000000000000e+00 1.000000000000000000e+00 0.000000000000000000e+00
2.208430579706055497e-02 9.997561119780468131e-01 0.000000000000000000e+00 -1.241835428131956576e+00 -9.997561119780469241e-01 2.208430579706052374e-02 0.000000000000000000e+00 -6.012655056155955080e+00 0.000000000000000000e+00 0.000000000000000000e+00 1.000000000000000000e+00 0.000000000000000000e+00
5.353050290811450090e-02 9.985662147591432003e-01 0.000000000000000000e+00 -1.233779022782461210e+00 -9.985662147591433113e-01 5.353050290811449397e-02 0.000000000000000000e+00 -6.246662464442199081e+00 0.000000000000000000e+00 0.000000000000000000e+00 1.000000000000000000e+00 0.000000000000000000e+00
6.996888472964574168e-02 9.975491743115667553e-01 0.000000000000000000e+00 -1.223076678967627506e+00 -9.975491743115668664e-01 6.996888472964572780e-02 0.000000000000000000e+00 -6.478063052896223972e+00 0.000000000000000000e+00 0.000000000000000000e+00 1.000000000000000000e+00 0.000000000000000000e+00
7.186410072667402671e-02 9.974144329348485494e-01 0.000000000000000000e+00 -1.212530528004577945e+00 -9.974144329348486604e-01 7.186410072667401283e-02 0.000000000000000000e+00 -6.716745166176345094e+00 0.000000000000000000e+00 0.000000000000000000e+00 1.000000000000000000e+00 0.000000000000000000e+00
5.927134207987749814e-02 9.982419085612711518e-01 0.000000000000000000e+00 -1.203202091770770421e+00 -9.982419085612712628e-01 5.927134207987747733e-02 0.000000000000000000e+00 -6.956934518932523126e+00 0.000000000000000000e+00 0.000000000000000000e+00 1.000000000000000000e+00 0.000000000000000000e+00
7.821612969051373876e-02 9.969364257846312638e-01 0.000000000000000000e+00 -1.189539089551036266e+00 -9.969364257846313748e-01 7.821612969051372488e-02 0.000000000000000000e+00 -7.194070916118495695e+00 0.000000000000000000e+00 0.000000000000000000e+00 1.000000000000000000e+00 0.000000000000000000e+00
