-1.020349614687611484e-02 9.999479429782235362e-01 0.000000000000000000e+00 5.396229999999999777e-02 -9.999479429782235362e-01 -1.020349614687611484e-02 0.000000000000000000e+00 6.816519999999999524e-02 0.000000000000000000e+00 0.000000000000000000e+00 1.000000000000000000e+00 0.000000000000000000e+00
-1.626295623850485678e-02 9.998677493820792295e-01 0.000000000000000000e+00 5.380619999999999847e-02 -9.998677493820792295e-01 -1.626295623850485678e-02 0.000000000000000000e+00 6.849239999999999495e-02 0.000000000000000000e+00 0.000000000000000000e+00 1.000000000000000000e+00 0.000000000000000000e+00
-3.004914921323679697e-02 9.995484223545954006e-01 0.000000000000000000e+00 5.404980000000000201e-02 -9.995484223545954006e-01 -3.004914921323679697e-02 0.000000000000000000e+00 6.950539999999999496e-02 0.000000000000000000e+00 0.000000000000000000e+00 1.000000000000000000e+00 0.000000000000000000e+00
-2.959934939588150168e-02 9.995618432670089204e-01 0.000000000000000000e+00 5.399629999999999708e-02 -9.995618432670089204e-01 -2.959934939588150168e-02 0.000000000000000000e+00 7.241569999999999951e-02 0.000000000000000000e+00 0.000000000000000000e+00 1.000000000000000000e+00 0.000000000000000000e+00
-2.948939741426774910e-02 9.995650931480867252e-01 0.000000000000000000e+00 5.392890000000000184e-02 -9.995650931480867252e-01 -2.948939741426774910e-02 0.000000000000000000e+00 7.279670000000000585e-02 0.000000000000000000e+00 0.000000000000000000e+00 1.000000000000000000e+00 0.000000000000000000e+00
-5.973637676972825411e-03 9.999821576672777157e-01 0.000000000000000000e+00 4.260309999999999792e-02 -9.999821576672777157e-01 -5.973637676972825411e-03 0.000000000000000000e+00 -1.642609999999999904e-01 0.000000000000000000e+00 0.000000000000000000e+00 1.000000000000000000e+00 0.000000000000000000e+00
-3.973321111492003621e-02 9.992103241732929186e-01 0.000000000000000000e+00 3.602400000000000047e-02 -9.992103241732929186e-01 -3.973321111492003621e-02 0.000000000000000000e+00 -3.906109999999999860e-01 0.000000000000000000e+00 0.000000000000000000e+00 1.000000000000000000e+00 0.000000000000000000e+00
-1.138363660884719047e-01 9.934995127103845025e-01 0.000000000000000000e+00 1.712899999999999839e-02 -9.934995127103845025e-01 -1.138363660884719047e-01 0.000000000000000000e+00 -6.112330000000000263e-01 0.000000000000000000e+00 0.000000000000000000e+00 1.000000000000000000e+00 0.000000000000000000e+00
-1.592724713674269210e-01 9.872346630181256799e-01 0.000000000000000000e+00 -1.996020000000000086e-02 -9.872346630181256799e-01 -1.592724713674269210e-01 0.000000000000000000e+00 -8.440349999999999797e-01 0.000000000000000000e+00 0.000000000000000000e+00 1.000000000000000000e+00 0.000000000000000000e+00
-1.777245180874065245e-01 9.840802790781852938e-01 0.000000000000000000e+00 -6.040720000000000117e-02 -9.840802790781852938e-01 -1.777245180874065245e-01 0.000000000000000000e+00 -1.065809999999999924e+00 0.000000000000000000e+00 0.000000000000000000e+00 1.000000000000000000e+00 0.000000000000000000e+00
-1.414081093154238300e-01 9.899513859881389211e-01 0.000000000000000000e+00 -9.453770000000000229e-02 -9.899513859881389211e-01 -1.414081093154238300e-01 0.000000000000000000e+00 -1.286159999999999970e+00 0.000000000000000000e+00 0.000000000000000000e+00 1.000000000000000000e+00 0.000000000000000000e+00
-6.548677577712523623e-02 9.978534372333025537e-01 0.000000000000000000e+00 -1.093419999999999948e-01 -9.978534372333025537e-01 -6.548677577712523623e-02 0.000000000000000000e+00 -1.498699999999999921e+00 0.000000000000000000e+00 0.000000000000000000e+00 1.000000000000000000e+00 0.000000000000000000e+00
-6.439907684350044959e-02 9.979242250299894534e-01 0.000000000000000000e+00 -1.262010000000000076e-01 -9.979242250299894534e-01 -6.439907684350044959e-02 0.000000000000000000e+00 -1.715600000000000014e+00 0.000000000000000000e+00 0.000000000000000000e+00 1.000000000000000000e+00 0.000000000000000000e+00
-1.192889354989534467e-01 9.928595821502286256e-01 0.000000000000000000e+00 -1.472670000000000090e-01 -9.928595821502286256e-01 -1.192889354989534467e-01 0.000000000000000000e+00 -1.943210000000000104e+00 0.000000000000000000e+00 0.000000000000000000e+00 1.000000000000000000e+00 0.000000000000000000e+00
-1.393388035827049509e-01 9.902447666189104769e-01 0.000000000000000000e+00 -1.771139999999999937e-01 -9.902447666189104769e-01 -1.393388035827049509e-01 0.000000000000000000e+00 -2.161770000000000191e+00 0.000000000000000000e+00 0.000000000000000000e+00 1.000000000000000000e+00 0.000000000000000000e+00
-1.218203368516665719e-01 9.925521676614013078e-01 0.000000000000000000e+00 -2.052640000000000020e-01 -9.925521676614013078e-01 -1.218203368516665719e-01 0.000000000000000000e+00 -2.379929999999999879e+00 0.000000000000000000e+00 0.000000000000000000e+00 1.000000000000000000e+00 0.000000000000000000e+00
-7.363696209200566722e-02 9.972851136028555441e-01 0.000000000000000000e+00 -2.243850000000000011e-01 -9.972851136028555441e-01 -7.363696209200566722e-02 0.000000000000000000e+00 -2.594640000000000057e+00 0.000000000000000000e+00 0.000000000000000000e+00 1.000000000000000000e+00 0.000000000000000000e+00
-6.999638899619851917e-02 9.975472447596117620e-01 0.000000000000000000e+00 -2.420200000000000129e-01 -9.975472447596117620e-01 -6.999638899619851917e-02 0.000000000000000000e+00 -2.817289999999999850e+00 0.000000000000000000e+00 0.000000000000000000e+00 1.000000000000000000e+00 0.000000000000000000e+00
-8.709319211388312498e-02 9.962001685843132615e-01 0.000000000000000000e+00 -2.612689999999999735e-01 -9.962001685843132615e-01 -8.709319211388312498e-02 0.000000000000000000e+00 -3.036540000000000017e+00 0.000000000000000000e+00 0.000000000000000000e+00 1.000000000000000000e+00 0.000000000000000000e+00
-8.566853730990450777e-02 9.963236932419009539e-01 0.000000000000000000e+00 -2.809869999999999868e-01 -9.963236932419009539e-01 -8.566853730990450777e-02 0.000000000000000000e+00 -3.263310000000000155e+00 0.000000000000000000e+00 0.000000000000000000e+00 1.000000000000000000e+00 0.000000000000000000e+00
-8.687402597090737588e-02 9.962193049783798493e-01 0.000000000000000000e+00 -2.982060000000000266e-01 -9.962193049783798493e-01 -8.687402597090737588e-02 0.000000000000000000e+00 -3.480620000000000047e+00 0.000000000000000000e+00 0.000000000000000000e+00 1.000000000000000000e+00 0.000000000000000000e+00
-9.578659032634553872e-02 9.954018932640488204e-01 0.000000000000000000e+00 -3.167209999999999748e-01 -9.954018932640488204e-01 -9.578659032634553872e-02 0.000000000000000000e+00 -3.702739999999999920e+00 0.000000000000000000e+00 0.000000000000000000e+00 1.000000000000000000e+00 0.000000000000000000e+00
-8.588772644747086349e-02 9.963048220528115673e-01 0.000000000000000000e+00 -3.358289999999999886e-01 -9.963048220528115673e-01 -8.588772644747086349e-02 0.000000000000000000e+00 -3.927329999999999988e+00 0.000000000000000000e+00 0.000000000000000000e+00 1.000000000000000000e+00 0.000000000000000000e+00
-8.157293489948910792e-02 9.966673749510834845e-01 0.000000000000000000e+00 -3.532719999999999749e-01 -9.966673749510834845e-01 -8.157293489948910792e-02 0.000000000000000000e+00 -4.147450000000000081e+00 0.000000000000000000e+00 0.000000000000000000e+00 1.000000000000000000e+00 0.000000000000000000e+00
-6.652450774952776980e-02 9.977847913596814555e-01 0.000000000000000000e+00 -3.720959999999999823e-01 -9.977847913596814555e-01 -6.652450774952776980e-02 0.000000000000000000e+00 -4.369200000000000195e+00 0.000000000000000000e+00 0.000000000000000000e+00 1.000000000000000000e+00 0.000000000000000000e+00
-3.470670173619903875e-02 9.993975409488431438e-01 0.000000000000000000e+00 -3.772750000000000270e-01 -9.993975409488431438e-01 -3.470670173619903875e-02 0.000000000000000000e+00 -4.584620000000000140e+00 0.000000000000000000e+00 0.000000000000000000e+00 1.000000000000000000e+00 0.000000000000000000e+00
-3.639563321352554809e-02 9.993374594615106465e-01 0.000000000000000000e+00 -3.853349999999999831e-01 -9.993374594615106465e-01 -3.639563321352554809e-02 0.000000000000000000e+00 -4.812509999999999621e+00 0.000000000000000000e+00 0.000000000000000000e+00 1.000000000000000000e+00 0.000000000000000000e+00
-5.291894286495833072e-02 9.985988110778298843e-01 0.000000000000000000e+00 -3.985029999999999961e-01 -9.985988110778298843e-01 -5.291894286495833072e-02 0.000000000000000000e+00 -5.035300000000000331e+00 0.000000000000000000e+00 0.000000000000000000e+00 1.000000000000000000e+00 0.000000000000000000e+00
-3.519640234512826094e-02 9.993804146880005401e-01 0.000000000000000000e+00 -4.054389999999999938e-01 -9.993804146880005401e-01 -3.519640234512826094e-02 0.000000000000000000e+00 -5.257550000000000168e+00 0.000000000000000000e+00 0.000000000000000000e+00 1.000000000000000000e+00 0.000000000000000000e+00
-4.244092187671653915e-02 9.990989781549446391e-01 0.000000000000000000e+00 -4.141779999999999906e-01 -9.990989781549446391e-01 -4.244092187671653915e-02 0.000000000000000000e+00 -5.472120000000000317e+00 0.000000000000000000e+00 0.000000000000000000e+00 1.000000000000000000e+00 0.000000000000000000e+00
-4.415930849323641827e-02 9.990245019384655922e-01 0.000000000000000000e+00 -4.199860000000000260e-01 -9.990245019384655922e-01 -4.415930849323641827e-02 0.000000000000000000e+00 -5.692960000000000242e+00 0.000000000000000000e+00 0.000000000000000000e+00 1.000000000000000000e+00 0.000000000000000000e+00
-4.258079531728030387e-02 9.990930266347313182e-01 0.000000000000000000e+00 -4.307570000000000010e-01 -9.990930266347313182e-01 -4.258079531728030387e-02 0.000000000000000000e+00 -5.916120000000000267e+00 0.000000000000000000e+00 0.000000000000000000e+00 1.000000000000000000e+00 0.000000000000000000e+00
-4.513833114312554989e-02 9.989807460915418602e-01 0.000000000000000000e+00 -4.407710000000000239e-01 -9.989807460915418602e-01 -4.513833114312554989e-02 0.000000000000000000e+00 -6.142839999999999634e+00 0.000000000000000000e+00 0.000000000000000000e+00 1.000000000000000000e+00 0.000000000000000000e+00
-4.730601138492621788e-02 9.988804439405394309e-01 0.000000000000000000e+00 -4.520899999999999919e-01 -9.988804439405394309e-01 -4.730601138492621788e-02 0.000000000000000000e+00 -6.365000000000000213e+00 0.000000000000000000e+00 0.000000000000000000e+00 1.000000000000000000e+00 0.000000000000000000e+00
-4.803518143955295971e-02 9.988456444036131199e-01 0.000000000000000000e+00 -4.631859999999999866e-01 -9.988456444036131199e-01 -4.803518143955295971e-02 0.000000000000000000e+00 -6.583440000000000403e+00 0.000000000000000000e+00 0.000000000000000000e+00 1.000000000000000000e+00 0.000000000000000000e+00
-4.864446830790743886e-02 9.988161571095258706e-01 0.000000000000000000e+00 -4.755329999999999835e-01 -9.988161571095258706e-01 -4.864446830790743886e-02 0.000000000000000000e+00 -6.806230000000000224e+00 0.000000000000000000e+00 0.000000000000000000e+00 1.000000000000000000e+00 0.000000000000000000e+00
-6.090595474294824979e-02 9.981435090591181947e-01 0.000000000000000000e+00 -4.897799999999999931e-01 -9.981435090591181947e-01 -6.090595474294824979e-02 0.000000000000000000e+00 -7.025940000000000296e+00 0.000000000000000000e+00 0.000000000000000000e+00 1.000000000000000000e+00 0.000000000000000000e+00
-4.580763806163271057e-02 9.989502791907185486e-01 0.000000000000000000e+00 -4.998670000000000058e-01 -9.989502791907185486e-01 -4.580763806163271057e-02 0.000000000000000000e+00 -7.246229999999999727e+00 0.000000000000000000e+00 0.000000000000000000e+00 1.000000000000000000e+00 0.000000000000000000e+00
-1.476313688103510907e-02 9.998910189562819628e-01 0.000000000000000000e+00 -5.034610000000000474e-01 -9.998910189562819628e-01 -1.476313688103510907e-02 0.000000000000000000e+00 -7.471149999999999736e+00 0.000000000000000000e+00 0.000000000000000000e+00 1.000000000000000000e+00 0.000000000000000000e+00
-5.367320507768993650e-05 9.999999985595935392e-01 0.000000000000000000e+00 -5.047420000000000240e-01 -9.999999985595935392e-01 -5.367320507768993650e-05 0.000000000000000000e+00 -7.686420000000000030e+00 0.000000000000000000e+00 0.000000000000000000e+00 1.000000000000000000e+00 0.000000000000000000e+00
-5.013652200413498683e-03 9.999874315668239033e-01 0.000000000000000000e+00 -5.074140000000000317e-01 -9.999874315668239033e-01 -5.013652200413498683e-03 0.000000000000000000e+00 -7.914240000000000386e+00 0.000000000000000000e+00 0.000000000000000000e+00 1.000000000000000000e+00 0.000000000000000000e+00
-1.007350282843558903e-02 9.999492609831588386e-01 0.000000000000000000e+00 -5.125210000000000043e-01 -9.999492609831588386e-01 -1.007350282843558903e-02 0.000000000000000000e+00 -8.133969999999999700e+00 0.000000000000000000e+00 0.000000000000000000e+00 1.000000000000000000e+00 0.000000000000000000e+00
-1.055347729480897272e-02 9.999443105078341665e-01 0.000000000000000000e+00 -5.157990000000000075e-01 -9.999443105078341665e-01 -1.055347729480897272e-02 0.000000000000000000e+00 -8.352339999999999876e+00 0.000000000000000000e+00 0.000000000000000000e+00 1.000000000000000000e+00 0.000000000000000000e+00
-1.240335515440361795e-02 9.999230754317622871e-01 0.000000000000000000e+00 -5.183619999999999894e-01 -9.999230754317622871e-01 -1.240335515440361795e-02 0.000000000000000000e+00 -8.574569999999999581e+00 0.000000000000000000e+00 0.000000000000000000e+00 1.000000000000000000e+00 0.000000000000000000e+00
-1.426318954699579318e-02 9.998982755380401155e-01 0.000000000000000000e+00 -5.203680000000000527e-01 -9.998982755380401155e-01 -1.426318954699579318e-02 0.000000000000000000e+00 -8.794890000000000541e+00 0.000000000000000000e+00 0.000000000000000000e+00 1.000000000000000000e+00 0.000000000000000000e+00
-1.981237681647768020e-02 9.998037155986578828e-01 0.000000000000000000e+00 -5.281109999999999971e-01 -9.998037155986578828e-01 -1.981237681647768020e-02 0.000000000000000000e+00 -9.024210000000000065e+00 0.000000000000000000e+00 0.000000000000000000e+00 1.000000000000000000e+00 0.000000000000000000e+00
-2.808997784139000489e-02 9.996053987173489919e-01 0.000000000000000000e+00 -5.346830000000000194e-01 -9.996053987173489919e-01 -2.808997784139000489e-02 0.000000000000000000e+00 -9.242399999999999949e+00 0.000000000000000000e+00 0.000000000000000000e+00 1.000000000000000000e+00 0.000000000000000000e+00
-3.516642091685354132e-02 9.993814701303495029e-01 0.000000000000000000e+00 -5.392949999999999688e-01 -9.993814701303495029e-01 -3.516642091685354132e-02 0.000000000000000000e+00 -9.455970000000000653e+00 0.000000000000000000e+00 0.000000000000000000e+00 1.000000000000000000e+00 0.000000000000000000e+00
-3.787947690227721487e-01 9.254806983189788339e-01 0.000000000000000000e+00 -5.911210000000000075e-01 -9.254806983189788339e-01 -3.787947690227721487e-01 0.000000000000000000e+00 -9.644569999999999865e+00 0.000000000000000000e+00 0.000000000000000000e+00 1.000000000000000000e+00 0.000000000000000000e+00
-8.166334217994799527e-01 5.771566983065108403e-01 0.000000000000000000e+00 -6.155190000000000383e-01 -5.771566983065108403e-01 -8.166334217994799527e-01 0.000000000000000000e+00 -9.628289999999999793e+00 0.000000000000000000e+00 0.000000000000000000e+00 1.000000000000000000e+00 0.000000000000000000e+00
-9.989938399280750003e-01 4.484760624336228685e-02 0.000000000000000000e+00 -6.176199999999999468e-01 -4.484760624336228685e-02 -9.989938399280750003e-01 0.000000000000000000e+00 -9.586890000000000356e+00 0.000000000000000000e+00 0.000000000000000000e+00 1.000000000000000000e+00 0.000000000000000000e+00
-8.499808701532473032e-01 -5.268135537109200905e-01 0.000000000000000000e+00 -6.079860000000000264e-01 5.268135537109200905e-01 -8.499808701532473032e-01 0.000000000000000000e+00 -9.552199999999999136e+00 0.000000000000000000e+00 0.000000000000000000e+00 1.000000000000000000e+00 0.000000000000000000e+00
-4.172788681903455421e-01 -9.087784912517374858e-01 0.000000000000000000e+00 -5.809069999999999512e-01 9.087784912517374858e-01 -4.172788681903455421e-01 0.000000000000000000e+00 -9.528460000000000818e+00 0.000000000000000000e+00 0.000000000000000000e+00 1.000000000000000000e+00 0.000000000000000000e+00
1.316728423959925842e-01 -9.912932273426264818e-01 0.000000000000000000e+00 -5.482449999999999823e-01 9.912932273426264818e-01 1.316728423959925842e-01 0.000000000000000000e+00 -9.523229999999999862e+00 0.000000000000000000e+00 0.000000000000000000e+00 1.000000000000000000e+00 0.000000000000000000e+00
-2.204719388178734418e-02 -9.997569310797194131e-01 0.000000000000000000e+00 -5.504229999999999956e-01 9.997569310797194131e-01 -2.204719388178734418e-02 0.000000000000000000e+00 -9.269399999999999196e+00 0.000000000000000000e+00 0.000000000000000000e+00 1.000000000000000000e+00 0.000000000000000000e+00
1.459036410409725315e-01 -9.892988059888615515e-01 0.000000000000000000e+00 -5.286269999999999580e-01 9.892988059888615515e-01 1.459036410409725315e-01 0.000000000000000000e+00 -9.048809999999999576e+00 0.000000000000000000e+00 0.000000000000000000e+00 1.000000000000000000e+00 0.000000000000000000e+00
2.605060628058469274e-01 -9.654722115324687604e-01 0.000000000000000000e+00 -4.702720000000000233e-01 9.654722115324687604e-01 2.605060628058469274e-01 0.000000000000000000e+00 -8.816330000000000666e+00 0.000000000000000000e+00 0.000000000000000000e+00 1.000000000000000000e+00 0.000000000000000000e+00
2.960707435687880973e-01 -9.551660142627693695e-01 0.000000000000000000e+00 -4.023939999999999739e-01 9.551660142627693695e-01 2.960707435687880973e-01 0.000000000000000000e+00 -8.596220000000000638e+00 0.000000000000000000e+00 0.000000000000000000e+00 1.000000000000000000e+00 0.000000000000000000e+00
-5.032771047027093103e-02 -9.987327578280491558e-01 0.000000000000000000e+00 -3.880109999999999948e-01 9.987327578280491558e-01 -5.032771047027093103e-02 0.000000000000000000e+00 -8.346519999999999939e+00 0.000000000000000000e+00 0.000000000000000000e+00 1.000000000000000000e+00 0.000000000000000000e+00
-1.430366913050156175e-01 -9.897173863990232912e-01 0.000000000000000000e+00 -4.158930000000000127e-01 9.897173863990232912e-01 -1.430366913050156175e-01 0.000000000000000000e+00 -8.128539999999999210e+00 0.000000000000000000e+00 0.000000000000000000e+00 1.000000000000000000e+00 0.000000000000000000e+00
-3.186358613305260296e-02 -9.994922270226724859e-01 0.000000000000000000e+00 -4.350979999999999848e-01 9.994922270226724859e-01 -3.186358613305260296e-02 0.000000000000000000e+00 -7.899099999999999788e+00 0.000000000000000000e+00 0.000000000000000000e+00 1.000000000000000000e+00 0.000000000000000000e+00
1.247901517159555329e-01 -9.921831575040511719e-01 0.000000000000000000e+00 -4.186880000000000046e-01 9.921831575040511719e-01 1.247901517159555329e-01 0.000000000000000000e+00 -7.675919999999999632e+00 0.000000000000000000e+00 0.000000000000000000e+00 1.000000000000000000e+00 0.000000000000000000e+00
1.756503269498096709e-01 -9.844526208215532703e-01 0.000000000000000000e+00 -3.773500000000000187e-01 9.844526208215532703e-01 1.756503269498096709e-01 0.000000000000000000e+00 -7.446130000000000138e+00 0.000000000000000000e+00 0.000000000000000000e+00 1.000000000000000000e+00 0.000000000000000000e+00
1.922224472428703534e-01 -9.813513798716348990e-01 0.000000000000000000e+00 -3.327030000000000265e-01 9.813513798716348990e-01 1.922224472428703534e-01 0.000000000000000000e+00 -7.222419999999999618e+00 0.000000000000000000e+00 0.000000000000000000e+00 1.000000000000000000e+00 0.000000000000000000e+00
1.530721600379311154e-01 -9.882150139627114971e-01 0.000000000000000000e+00 -2.963779999999999748e-01 9.882150139627114971e-01 1.530721600379311154e-01 0.000000000000000000e+00 -7.002369999999999983e+00 0.000000000000000000e+00 0.000000000000000000e+00 1.000000000000000000e+00 0.000000000000000000e+00
7.118606723438379580e-02 -9.974630538680125946e-01 0.000000000000000000e+00 -2.774079999999999879e-01 9.974630538680125946e-01 7.118606723438379580e-02 0.000000000000000000e+00 -6.795519999999999783e+00 0.000000000000000000e+00 0.000000000000000000e+00 1.000000000000000000e+00 0.000000000000000000e+00
-5.408258103527431582e-02 -9.985364662487610232e-01 0.000000000000000000e+00 -2.838640000000000052e-01 9.985364662487610232e-01 -5.408258103527431582e-02 0.000000000000000000e+00 -6.588720000000000354e+00 0.000000000000000000e+00 0.000000000000000000e+00 1.000000000000000000e+00 0.000000000000000000e+00
-9.270567347118473245e-02 -9.956935563245621346e-01 0.000000000000000000e+00 -3.041929999999999912e-01 9.956935563245621346e-01 -9.270567347118473245e-02 0.000000000000000000e+00 -6.371410000000000018e+00 0.000000000000000000e+00 0.000000000000000000e+00 1.000000000000000000e+00 0.000000000000000000e+00
-6.322677825839892463e-02 -9.979991856264529559e-01 0.000000000000000000e+00 -3.215080000000000160e-01 9.979991856264529559e-01 -6.322677825839892463e-02 0.000000000000000000e+00 -6.156270000000000131e+00 0.000000000000000000e+00 0.000000000000000000e+00 1.000000000000000000e+00 0.000000000000000000e+00
-6.091125206894614647e-02 -9.981431858062215223e-01 0.000000000000000000e+00 -3.354909999999999837e-01 9.981431858062215223e-01 -6.091125206894614647e-02 0.000000000000000000e+00 -5.933329999999999771e+00 0.000000000000000000e+00 0.000000000000000000e+00 1.000000000000000000e+00 0.000000000000000000e+00
-1.332858571326960354e-02 -9.999111704560981195e-01 0.000000000000000000e+00 -3.419420000000000237e-01 9.999111704560981195e-01 -1.332858571326960354e-02 0.000000000000000000e+00 -5.708840000000000359e+00 0.000000000000000000e+00 0.000000000000000000e+00 1.000000000000000000e+00 0.000000000000000000e+00
3.314025759955886025e-02 -9.994507108038068743e-01 0.000000000000000000e+00 -3.390059999999999740e-01 9.994507108038068743e-01 3.314025759955886025e-02 0.000000000000000000e+00 -5.483889999999999709e+00 0.000000000000000000e+00 0.000000000000000000e+00 1.000000000000000000e+00 0.000000000000000000e+00
9.032306062220088472e-02 -9.959125186078535696e-01 0.000000000000000000e+00 -3.223809999999999731e-01 9.959125186078535696e-01 9.032306062220088472e-02 0.000000000000000000e+00 -5.256940000000000168e+00 0.000000000000000000e+00 0.000000000000000000e+00 1.000000000000000000e+00 0.000000000000000000e+00
1.570534127511548916e-01 -9.875901100877910732e-01 0.000000000000000000e+00 -2.916279999999999983e-01 9.875901100877910732e-01 1.570534127511548916e-01 0.000000000000000000e+00 -5.022009999999999863e+00 0.000000000000000000e+00 0.000000000000000000e+00 1.000000000000000000e+00 0.000000000000000000e+00
1.848176638986725184e-01 -9.827728278249441285e-01 0.000000000000000000e+00 -2.498529999999999918e-01 9.827728278249441285e-01 1.848176638986725184e-01 0.000000000000000000e+00 -4.790420000000000122e+00 0.000000000000000000e+00 0.000000000000000000e+00 1.000000000000000000e+00 0.000000000000000000e+00
1.837954803925986313e-01 -9.829645066772522144e-01 0.000000000000000000e+00 -2.059469999999999912e-01 9.829645066772522144e-01 1.837954803925986313e-01 0.000000000000000000e+00 -4.565859999999999808e+00 0.000000000000000000e+00 0.000000000000000000e+00 1.000000000000000000e+00 0.000000000000000000e+00
1.391631850378151347e-01 -9.902694622829337767e-01 0.000000000000000000e+00 -1.724060000000000037e-01 9.902694622829337767e-01 1.391631850378151347e-01 0.000000000000000000e+00 -4.351200000000000401e+00 0.000000000000000000e+00 0.000000000000000000e+00 1.000000000000000000e+00 0.000000000000000000e+00
3.009178351427475515e-02 -9.995471397412580838e-01 0.000000000000000000e+00 -1.608219999999999927e-01 9.995471397412580838e-01 3.009178351427475515e-02 0.000000000000000000e+00 -4.141610000000000014e+00 0.000000000000000000e+00 0.000000000000000000e+00 1.000000000000000000e+00 0.000000000000000000e+00
-8.233566763430985591e-02 -9.966046547328647476e-01 0.000000000000000000e+00 -1.726530000000000009e-01 9.966046547328647476e-01 -8.233566763430985591e-02 0.000000000000000000e+00 -3.936690000000000023e+00 0.000000000000000000e+00 0.000000000000000000e+00 1.000000000000000000e+00 0.000000000000000000e+00
-6.505300987867534968e-02 -9.978818095875507943e-01 0.000000000000000000e+00 -1.884869999999999879e-01 9.978818095875507943e-01 -6.505300987867534968e-02 0.000000000000000000e+00 -3.713620000000000143e+00 0.000000000000000000e+00 0.000000000000000000e+00 1.000000000000000000e+00 0.000000000000000000e+00
1.811533584416782916e-02 -9.998359038398516585e-01 0.000000000000000000e+00 -1.905419999999999892e-01 9.998359038398516585e-01 1.811533584416782916e-02 0.000000000000000000e+00 -3.489619999999999944e+00 0.000000000000000000e+00 0.000000000000000000e+00 1.000000000000000000e+00 0.000000000000000000e+00
7.065740184250057787e-02 -9.975006423881979112e-01 0.000000000000000000e+00 -1.770859999999999934e-01 9.975006423881979112e-01 7.065740184250057787e-02 0.000000000000000000e+00 -3.263580000000000148e+00 0.000000000000000000e+00 0.000000000000000000e+00 1.000000000000000000e+00 0.000000000000000000e+00
8.837089984304317969e-02 -9.960876387451712555e-01 0.000000000000000000e+00 -1.573970000000000091e-01 9.960876387451712555e-01 8.837089984304317969e-02 0.000000000000000000e+00 -3.039590000000000014e+00 0.000000000000000000e+00 0.000000000000000000e+00 1.000000000000000000e+00 0.000000000000000000e+00
8.472463533462502860e-02 -9.964044039281514387e-01 0.000000000000000000e+00 -1.397150000000000059e-01 9.964044039281514387e-01 8.472463533462502860e-02 0.000000000000000000e+00 -2.814830000000000165e+00 0.000000000000000000e+00 0.000000000000000000e+00 1.000000000000000000e+00 0.000000000000000000e+00
7.673083293403684668e-02 -9.970518438262119254e-01 0.000000000000000000e+00 -1.227440000000000059e-01 9.970518438262119254e-01 7.673083293403684668e-02 0.000000000000000000e+00 -2.594390000000000196e+00 0.000000000000000000e+00 0.000000000000000000e+00 1.000000000000000000e+00 0.000000000000000000e+00
7.561408697684242342e-02 -9.971371569902800491e-01 0.000000000000000000e+00 -1.044670000000000043e-01 9.971371569902800491e-01 7.561408697684242342e-02 0.000000000000000000e+00 -2.376990000000000158e+00 0.000000000000000000e+00 0.000000000000000000e+00 1.000000000000000000e+00 0.000000000000000000e+00
3.793722081452823025e-02 -9.992801245280873434e-01 0.000000000000000000e+00 -9.496369999999999811e-02 9.992801245280873434e-01 3.793722081452823025e-02 0.000000000000000000e+00 -2.168870000000000076e+00 0.000000000000000000e+00 0.000000000000000000e+00 1.000000000000000000e+00 0.000000000000000000e+00
1.848527388015304765e-02 -9.998291327269753781e-01 0.000000000000000000e+00 -9.214479999999999893e-02 9.998291327269753781e-01 1.848527388015304765e-02 0.000000000000000000e+00 -1.943030000000000035e+00 0.000000000000000000e+00 0.000000000000000000e+00 1.000000000000000000e+00 0.000000000000000000e+00
4.168424575300814366e-02 -9.991308341033234841e-01 0.000000000000000000e+00 -8.521549999999999958e-02 9.991308341033234841e-01 4.168424575300814366e-02 0.000000000000000000e+00 -1.722539999999999960e+00 0.000000000000000000e+00 0.000000000000000000e+00 1.000000000000000000e+00 0.000000000000000000e+00
6.634755315339278814e-02 -9.977965735512213108e-01 0.000000000000000000e+00 -7.409720000000000195e-02 9.977965735512213108e-01 6.634755315339278814e-02 0.000000000000000000e+00 -1.501870000000000038e+00 0.000000000000000000e+00 0.000000000000000000e+00 1.000000000000000000e+00 0.000000000000000000e+00
7.877462655165348715e-02 -9.968924506744183400e-01 0.000000000000000000e+00 -5.921200000000000074e-02 9.968924506744183400e-01 7.877462655165348715e-02 0.000000000000000000e+00 -1.278799999999999937e+00 0.000000000000000000e+00 0.000000000000000000e+00 1.000000000000000000e+00 0.000000000000000000e+00
6.249557366837878852e-02 -9.980452410947412423e-01 0.000000000000000000e+00 -4.333540000000000308e-02 9.980452410947412423e-01 6.249557366837878852e-02 0.000000000000000000e+00 -1.059050000000000047e+00 0.000000000000000000e+00 0.000000000000000000e+00 1.000000000000000000e+00 0.000000000000000000e+00
2.684310210678406486e-02 -9.996396590118284964e-01 0.000000000000000000e+00 -3.267339999999999828e-02 9.996396590118284964e-01 2.684310210678406486e-02 0.000000000000000000e+00 -8.358010000000000161e-01 0.000000000000000000e+00 0.000000000000000000e+00 1.000000000000000000e+00 0.000000000000000000e+00
-5.869522591913193393e-02 -9.982759490513142264e-01 0.000000000000000000e+00 -4.322789999999999966e-02 9.982759490513142264e-01 -5.869522591913193393e-02 0.000000000000000000e+00 -6.188620000000000232e-01 0.000000000000000000e+00 0.000000000000000000e+00 1.000000000000000000e+00 0.000000000000000000e+00
-6.319827379016788038e-01 -7.749824636688871227e-01 0.000000000000000000e+00 -1.099669999999999953e-01 7.749824636688871227e-01 -6.319827379016788038e-01 0.000000000000000000e+00 -5.470709999999999740e-01 0.000000000000000000e+00 0.000000000000000000e+00 1.000000000000000000e+00 0.000000000000000000e+00
-9.339890011278861870e-01 -3.573017573034498739e-01 0.000000000000000000e+00 -1.805080000000000018e-01 3.573017573034498739e-01 -9.339890011278861870e-01 0.000000000000000000e+00 -5.358070000000000332e-01 0.000000000000000000e+00 0.000000000000000000e+00 1.000000000000000000e+00 0.000000000000000000e+00
-9.444309063477072108e-01 -3.287099985325183660e-01 0.000000000000000000e+00 -4.459679999999999755e-01 3.287099985325183660e-01 -9.444309063477072108e-01 0.000000000000000000e+00 -4.520120000000000249e-01 0.000000000000000000e+00 0.000000000000000000e+00 1.000000000000000000e+00 0.000000000000000000e+00
-9.507755117307219450e-01 -3.098805032479193811e-01 0.000000000000000000e+00 -6.611000000000000210e-01 3.098805032479193811e-01 -9.507755117307219450e-01 0.000000000000000000e+00 -3.866999999999999882e-01 0.000000000000000000e+00 0.000000000000000000e+00 1.000000000000000000e+00 0.000000000000000000e+00
-9.612989902161204192e-01 -2.755072619904368469e-01 0.000000000000000000e+00 -8.752130000000000187e-01 2.755072619904368469e-01 -9.612989902161204192e-01 0.000000000000000000e+00 -3.221260000000000234e-01 0.000000000000000000e+00 0.000000000000000000e+00 1.000000000000000000e+00 0.000000000000000000e+00
-9.804801776735440066e-01 -1.966179574435041877e-01 0.000000000000000000e+00 -1.093169999999999975e+00 1.966179574435041877e-01 -9.804801776735440066e-01 0.000000000000000000e+00 -2.755020000000000246e-01 0.000000000000000000e+00 0.000000000000000000e+00 1.000000000000000000e+00 0.000000000000000000e+00
-9.977242675446221787e-01 -6.742615184442307674e-02 0.000000000000000000e+00 -1.298570000000000002e+00 6.742615184442307674e-02 -9.977242675446221787e-01 0.000000000000000000e+00 -2.565810000000000035e-01 0.000000000000000000e+00 0.000000000000000000e+00 1.000000000000000000e+00 0.000000000000000000e+00
-9.995274818420535334e-01 3.073781128322736894e-02 0.000000000000000000e+00 -1.509130000000000082e+00 -3.073781128322736894e-02 -9.995274818420535334e-01 0.000000000000000000e+00 -2.561379999999999768e-01 0.000000000000000000e+00 0.000000000000000000e+00 1.000000000000000000e+00 0.000000000000000000e+00
-9.999165036740643719e-01 1.292229392309239555e-02 0.000000000000000000e+00 -1.728949999999999987e+00 -1.292229392309239555e-02 -9.999165036740643719e-01 0.000000000000000000e+00 -2.594850000000000212e-01 0.000000000000000000e+00 0.000000000000000000e+00 1.000000000000000000e+00 0.000000000000000000e+00
-9.998026507647701511e-01 -1.986603945780434505e-02 0.000000000000000000e+00 -1.950320000000000054e+00 1.986603945780434505e-02 -9.998026507647701511e-01 0.000000000000000000e+00 -2.580609999999999848e-01 0.000000000000000000e+00 0.000000000000000000e+00 1.000000000000000000e+00 0.000000000000000000e+00
-9.998841376462591635e-01 1.522206567442687362e-02 0.000000000000000000e+00 -2.172280000000000211e+00 -1.522206567442687362e-02 -9.998841376462591635e-01 0.000000000000000000e+00 -2.596999999999999864e-01 0.000000000000000000e+00 0.000000000000000000e+00 1.000000000000000000e+00 0.000000000000000000e+00
-7.649950684954612834e-01 6.440361365464088994e-01 0.000000000000000000e+00 -2.243440000000000101e+00 -6.440361365464088994e-01 -7.649950684954612834e-01 0.000000000000000000e+00 -3.210109999999999908e-01 0.000000000000000000e+00 0.000000000000000000e+00 1.000000000000000000e+00 0.000000000000000000e+00
-3.336979527545909652e-01 9.426800498193407263e-01 0.000000000000000000e+00 -2.301680000000000170e+00 -9.426800498193407263e-01 -3.336979527545909652e-01 0.000000000000000000e+00 -4.971720000000000028e-01 0.000000000000000000e+00 0.000000000000000000e+00 1.000000000000000000e+00 0.000000000000000000e+00
-2.924460090696975323e-01 9.562820356878019012e-01 0.000000000000000000e+00 -2.364689999999999959e+00 -9.562820356878019012e-01 -2.924460090696975323e-01 0.000000000000000000e+00 -6.982549999999999590e-01 0.000000000000000000e+00 0.000000000000000000e+00 1.000000000000000000e+00 0.000000000000000000e+00
-2.551991554363565728e-01 9.668885101523185810e-01 0.000000000000000000e+00 -2.417949999999999822e+00 -9.668885101523185810e-01 -2.551991554363565728e-01 0.000000000000000000e+00 -9.028359999999999719e-01 0.000000000000000000e+00 0.000000000000000000e+00 1.000000000000000000e+00 0.000000000000000000e+00
6.468114113177152180e-02 9.979059825363769676e-01 0.000000000000000000e+00 -2.424040000000000195e+00 -9.979059825363769676e-01 6.468114113177152180e-02 0.000000000000000000e+00 -1.123250000000000082e+00 0.000000000000000000e+00 0.000000000000000000e+00 1.000000000000000000e+00 0.000000000000000000e+00
1.981854739968444690e-01 9.801645361349522467e-01 0.000000000000000000e+00 -2.388079999999999981e+00 -9.801645361349522467e-01 1.981854739968444690e-01 0.000000000000000000e+00 -1.332989999999999897e+00 0.000000000000000000e+00 0.000000000000000000e+00 1.000000000000000000e+00 0.000000000000000000e+00
1.202645147813250492e-01 9.927418831118249853e-01 0.000000000000000000e+00 -2.355780000000000207e+00 -9.927418831118249853e-01 1.202645147813250492e-01 0.000000000000000000e+00 -1.549960000000000004e+00 0.000000000000000000e+00 0.000000000000000000e+00 1.000000000000000000e+00 0.000000000000000000e+00
-1.547492819397600916e-01 9.879537740902296639e-01 0.000000000000000000e+00 -2.368959999999999955e+00 -9.879537740902296639e-01 -1.547492819397600916e-01 0.000000000000000000e+00 -1.809530000000000083e+00 0.000000000000000000e+00 0.000000000000000000e+00 1.000000000000000000e+00 0.000000000000000000e+00
-2.450717252976608029e-01 9.695049507143467249e-01 0.000000000000000000e+00 -2.416380000000000194e+00 -9.695049507143467249e-01 -2.450717252976608029e-01 0.000000000000000000e+00 -2.025560000000000027e+00 0.000000000000000000e+00 0.000000000000000000e+00 1.000000000000000000e+00 0.000000000000000000e+00
2.245452331340846153e-01 9.744636669864913392e-01 0.000000000000000000e+00 -2.400319999999999787e+00 -9.744636669864913392e-01 2.245452331340846153e-01 0.000000000000000000e+00 -2.260310000000000041e+00 0.000000000000000000e+00 0.000000000000000000e+00 1.000000000000000000e+00 0.000000000000000000e+00
-3.319345586348091404e-01 9.433024163988527055e-01 0.000000000000000000e+00 -2.410559999999999814e+00 -9.433024163988527055e-01 -3.319345586348091404e-01 0.000000000000000000e+00 -2.430849999999999955e+00 0.000000000000000000e+00 0.000000000000000000e+00 1.000000000000000000e+00 0.000000000000000000e+00
-1.575149422758316542e-01 9.875166038907099431e-01 0.000000000000000000e+00 -2.433349999999999902e+00 -9.875166038907099431e-01 -1.575149422758316542e-01 0.000000000000000000e+00 -2.676169999999999938e+00 0.000000000000000000e+00 0.000000000000000000e+00 1.000000000000000000e+00 0.000000000000000000e+00
-2.661952238660763581e-01 9.639191370602046005e-01 0.000000000000000000e+00 -2.487289999999999779e+00 -9.639191370602046005e-01 -2.661952238660763581e-01 0.000000000000000000e+00 -2.903719999999999857e+00 0.000000000000000000e+00 0.000000000000000000e+00 1.000000000000000000e+00 0.000000000000000000e+00
-2.966221558631748634e-01 9.549949196990957789e-01 0.000000000000000000e+00 -2.556200000000000028e+00 -9.549949196990957789e-01 -2.966221558631748634e-01 0.000000000000000000e+00 -3.125989999999999824e+00 0.000000000000000000e+00 0.000000000000000000e+00 1.000000000000000000e+00 0.000000000000000000e+00
-2.187504022991129393e-01 9.757808470624826924e-01 0.000000000000000000e+00 -2.611930000000000085e+00 -9.757808470624826924e-01 -2.187504022991129393e-01 0.000000000000000000e+00 -3.359929999999999861e+00 0.000000000000000000e+00 0.000000000000000000e+00 1.000000000000000000e+00 0.000000000000000000e+00
-1.108752364666620166e-01 9.938343332459700363e-01 0.000000000000000000e+00 -2.642739999999999867e+00 -9.938343332459700363e-01 -1.108752364666620166e-01 0.000000000000000000e+00 -3.568770000000000220e+00 0.000000000000000000e+00 0.000000000000000000e+00 1.000000000000000000e+00 0.000000000000000000e+00
6.646277862908234364e-03 9.999779132513723079e-01 0.000000000000000000e+00 -2.647019999999999929e+00 -9.999779132513723079e-01 6.646277862908234364e-03 0.000000000000000000e+00 -3.767770000000000064e+00 0.000000000000000000e+00 0.000000000000000000e+00 1.000000000000000000e+00 0.000000000000000000e+00
1.727546739262007802e-02 9.998507679780850310e-01 0.000000000000000000e+00 -2.643320000000000114e+00 -9.998507679780850310e-01 1.727546739262007802e-02 0.000000000000000000e+00 -3.985390000000000210e+00 0.000000000000000000e+00 0.000000000000000000e+00 1.000000000000000000e+00 0.000000000000000000e+00
-6.355081809020153571e-02 9.979786037386102482e-01 0.000000000000000000e+00 -2.650720000000000187e+00 -9.979786037386102482e-01 -6.355081809020153571e-02 0.000000000000000000e+00 -4.210989999999999789e+00 0.000000000000000000e+00 0.000000000000000000e+00 1.000000000000000000e+00 0.000000000000000000e+00
-9.385533161356576781e-02 9.955858459860242871e-01 0.000000000000000000e+00 -2.666339999999999932e+00 -9.955858459860242871e-01 -9.385533161356576781e-02 0.000000000000000000e+00 -4.437640000000000029e+00 0.000000000000000000e+00 0.000000000000000000e+00 1.000000000000000000e+00 0.000000000000000000e+00
-9.717010597781688963e-02 9.952677883385254720e-01 0.000000000000000000e+00 -2.686760000000000037e+00 -9.952677883385254720e-01 -9.717010597781688963e-02 0.000000000000000000e+00 -4.658159999999999634e+00 0.000000000000000000e+00 0.000000000000000000e+00 1.000000000000000000e+00 0.000000000000000000e+00
-7.008616796462045773e-02 9.975409410445442715e-01 0.000000000000000000e+00 -2.701789999999999914e+00 -9.975409410445442715e-01 -7.008616796462045773e-02 0.000000000000000000e+00 -4.875560000000000116e+00 0.000000000000000000e+00 0.000000000000000000e+00 1.000000000000000000e+00 0.000000000000000000e+00
-4.756571869848146006e-02 9.988681106155591349e-01 0.000000000000000000e+00 -2.714789999999999814e+00 -9.988681106155591349e-01 -4.756571869848146006e-02 0.000000000000000000e+00 -5.090900000000000425e+00 0.000000000000000000e+00 0.000000000000000000e+00 1.000000000000000000e+00 0.000000000000000000e+00
-5.581465283394933946e-02 9.984411472535703602e-01 0.000000000000000000e+00 -2.727640000000000065e+00 -9.984411472535703602e-01 -5.581465283394933946e-02 0.000000000000000000e+00 -5.313559999999999839e+00 0.000000000000000000e+00 0.000000000000000000e+00 1.000000000000000000e+00 0.000000000000000000e+00
-6.158467819534422377e-02 9.981018622423143416e-01 0.000000000000000000e+00 -2.743860000000000188e+00 -9.981018622423143416e-01 -6.158467819534422377e-02 0.000000000000000000e+00 -5.536959999999999660e+00 0.000000000000000000e+00 0.000000000000000000e+00 1.000000000000000000e+00 0.000000000000000000e+00
-5.468637894279936018e-02 9.985035803431675516e-01 0.000000000000000000e+00 -2.754199999999999982e+00 -9.985035803431675516e-01 -5.468637894279936018e-02 0.000000000000000000e+00 -5.758359999999999701e+00 0.000000000000000000e+00 0.000000000000000000e+00 1.000000000000000000e+00 0.000000000000000000e+00
