1.102259961613813177e-01 9.939065498175524427e-01 0.000000000000000000e+00 4.107058578251386316e-01 -9.939065498175525537e-01 1.102259961613812900e-01 0.000000000000000000e+00 -2.006968304028499350e+00 0.000000000000000000e+00 0.000000000000000000e+00 1.000000000000000000e+00 0.000000000000000000e+00
1.101961789152895999e-01 9.939098561501789053e-01 0.000000000000000000e+00 4.107059422693104533e-01 -9.939098561501790163e-01 1.101961789152895860e-01 0.000000000000000000e+00 -2.006968190586083001e+00 0.000000000000000000e+00 0.000000000000000000e+00 1.000000000000000000e+00 0.000000000000000000e+00
1.156510559576040126e-01 9.932899039333334956e-01 0.000000000000000000e+00 4.114972915886070948e-01 -9.932899039333336066e-01 1.156510559576039987e-01 0.000000000000000000e+00 -1.993427971590259862e+00 0.000000000000000000e+00 0.000000000000000000e+00 1.000000000000000000e+00 0.000000000000000000e+00
1.209734030495181051e-01 9.926557488649419003e-01 0.000000000000000000e+00 4.122886989043930139e-01 -9.926557488649420113e-01 1.209734030495180634e-01 0.000000000000000000e+00 -1.979888148367613177e+00 0.000000000000000000e+00 0.000000000000000000e+00 1.000000000000000000e+00 0.000000000000000000e+00
1.264906707201570724e-01 9.919677969676055085e-01 0.000000000000000000e+00 4.130798622856615698e-01 -9.919677969676055085e-01 1.264906707201570446e-01 0.000000000000000000e+00 -1.966347350211147704e+00 0.000000000000000000e+00 0.000000000000000000e+00 1.000000000000000000e+00 0.000000000000000000e+00
1.161675510483495821e-01 9.932296310941537421e-01 0.000000000000000000e+00 4.390834279923240269e-01 -9.932296310941538531e-01 1.161675510483495405e-01 0.000000000000000000e+00 -2.189399365162524536e+00 0.000000000000000000e+00 0.000000000000000000e+00 1.000000000000000000e+00 0.000000000000000000e+00
8.998853053812104485e-02 9.959428017570031155e-01 0.000000000000000000e+00 4.611384329526719839e-01 -9.959428017570032265e-01 8.998853053812100322e-02 0.000000000000000000e+00 -2.401855317550729119e+00 0.000000000000000000e+00 0.000000000000000000e+00 1.000000000000000000e+00 0.000000000000000000e+00
4.783217068328925875e-02 9.988553866540063053e-01 0.000000000000000000e+00 4.718955364201916081e-01 -9.988553866540064163e-01 4.783217068328922406e-02 0.000000000000000000e+00 -2.609221886684712555e+00 0.000000000000000000e+00 0.000000000000000000e+00 1.000000000000000000e+00 0.000000000000000000e+00
5.370403008105850348e-03 9.999855792817865519e-01 0.000000000000000000e+00 4.734036861233926752e-01 -9.999855792817866629e-01 5.370403008105793102e-03 0.000000000000000000e+00 -2.831359560065687564e+00 0.000000000000000000e+00 0.000000000000000000e+00 1.000000000000000000e+00 0.000000000000000000e+00
-7.509500594888402977e-03 9.999718033028807129e-01 0.000000000000000000e+00 4.704748755866763332e-01 -9.999718033028808239e-01 -7.509500594888437672e-03 0.000000000000000000e+00 -3.043266444390123837e+00 0.000000000000000000e+00 0.000000000000000000e+00 1.000000000000000000e+00 0.000000000000000000e+00
2.814671101845240414e-02 9.996038028433282818e-01 0.000000000000000000e+00 4.749999489612319881e-01 -9.996038028433283928e-01 2.814671101845235210e-02 0.000000000000000000e+00 -3.252827795581713310e+00 0.000000000000000000e+00 0.000000000000000000e+00 1.000000000000000000e+00 0.000000000000000000e+00
1.225912704965962247e-01 9.924572436120510099e-01 0.000000000000000000e+00 4.972531491517452329e-01 -9.924572436120511210e-01 1.225912704965961830e-01 0.000000000000000000e+00 -3.451551198746240168e+00 0.000000000000000000e+00 0.000000000000000000e+00 1.000000000000000000e+00 0.000000000000000000e+00
9.580326888695211984e-02 9.954002881607850739e-01 0.000000000000000000e+00 5.217614744839238483e-01 -9.954002881607851849e-01 9.580326888695209209e-02 0.000000000000000000e+00 -3.654643798110919217e+00 0.000000000000000000e+00 0.000000000000000000e+00 1.000000000000000000e+00 0.000000000000000000e+00
6.640153587480648878e-02 9.977929825537291686e-01 0.000000000000000000e+00 5.381991982611913361e-01 -9.977929825537292796e-01 6.640153587480646102e-02 0.000000000000000000e+00 -3.869227996267405878e+00 0.000000000000000000e+00 0.000000000000000000e+00 1.000000000000000000e+00 0.000000000000000000e+00
5.267603775131170923e-02 9.986116537707848684e-01 0.000000000000000000e+00 5.499791181266088236e-01 -9.986116537707850904e-01 5.267603775131168148e-02 0.000000000000000000e+00 -4.076126318002900817e+00 0.000000000000000000e+00 0.000000000000000000e+00 1.000000000000000000e+00 0.000000000000000000e+00
6.945446675805859449e-02 9.975851227075078764e-01 0.000000000000000000e+00 5.648925721168780445e-01 -9.975851227075078764e-01 6.945446675805855286e-02 0.000000000000000000e+00 -4.282565452534316641e+00 0.000000000000000000e+00 0.000000000000000000e+00 1.000000000000000000e+00 0.000000000000000000e+00
1.165648335967888055e-01 9.931830846166042059e-01 0.000000000000000000e+00 5.876231423712456881e-01 -9.931830846166043170e-01 1.165648335967887639e-01 0.000000000000000000e+00 -4.483593999822783616e+00 0.000000000000000000e+00 0.000000000000000000e+00 1.000000000000000000e+00 0.000000000000000000e+00
1.169918915335943360e-01 9.931328699199273302e-01 0.000000000000000000e+00 6.130369463443552380e-01 -9.931328699199274412e-01 1.169918915335943083e-01 0.000000000000000000e+00 -4.692001475340376260e+00 0.000000000000000000e+00 0.000000000000000000e+00 1.000000000000000000e+00 0.000000000000000000e+00
1.011173152230169653e-01 9.948745089518017393e-01 0.000000000000000000e+00 6.356407952169453868e-01 -9.948745089518019613e-01 1.011173152230169375e-01 0.000000000000000000e+00 -4.897889749132609438e+00 0.000000000000000000e+00 0.000000000000000000e+00 1.000000000000000000e+00 0.000000000000000000e+00
1.003910299532786432e-01 9.949480595010573580e-01 0.000000000000000000e+00 6.596811426691956415e-01 -9.949480595010574691e-01 1.003910299532786154e-01 0.000000000000000000e+00 -5.111208258979679897e+00 0.000000000000000000e+00 0.000000000000000000e+00 1.000000000000000000e+00 0.000000000000000000e+00
9.927662539436175881e-02 9.950598733997403356e-01 0.000000000000000000e+00 6.837174252640672023e-01 -9.950598733997404466e-01 9.927662539436173106e-02 0.000000000000000000e+00 -5.314774303319151016e+00 0.000000000000000000e+00 0.000000000000000000e+00 1.000000000000000000e+00 0.000000000000000000e+00
9.812228940677608646e-02 9.951743647831633455e-01 0.000000000000000000e+00 7.072397261922099831e-01 -9.951743647831634565e-01 9.812228940677605871e-02 0.000000000000000000e+00 -5.523226502777554003e+00 0.000000000000000000e+00 0.000000000000000000e+00 1.000000000000000000e+00 0.000000000000000000e+00
1.110111478580445010e-01 9.938191611411197890e-01 0.000000000000000000e+00 7.324733077004754733e-01 -9.938191611411199000e-01 1.110111478580444594e-01 0.000000000000000000e+00 -5.733893990654221895e+00 0.000000000000000000e+00 0.000000000000000000e+00 1.000000000000000000e+00 0.000000000000000000e+00
1.237325150117141725e-01 9.923156074197743148e-01 0.000000000000000000e+00 7.590802087808834475e-01 -9.923156074197744259e-01 1.237325150117141448e-01 0.000000000000000000e+00 -5.939690891466399947e+00 0.000000000000000000e+00 0.000000000000000000e+00 1.000000000000000000e+00 0.000000000000000000e+00
1.208046498249582129e-01 9.926762999994858117e-01 0.000000000000000000e+00 7.864096491342859041e-01 -9.926762999994858117e-01 1.208046498249581852e-01 0.000000000000000000e+00 -6.147059640235276845e+00 0.000000000000000000e+00 0.000000000000000000e+00 1.000000000000000000e+00 0.000000000000000000e+00
1.629110736347642863e-01 9.866407563481086607e-01 0.000000000000000000e+00 8.222893038569923929e-01 -9.866407563481088827e-01 1.629110736347642585e-01 0.000000000000000000e+00 -6.346302819594018985e+00 0.000000000000000000e+00 0.000000000000000000e+00 1.000000000000000000e+00 0.000000000000000000e+00
1.584300610626275807e-01 9.873702019767923721e-01 0.000000000000000000e+00 8.600003535194635784e-01 -9.873702019767924831e-01 1.584300610626275529e-01 0.000000000000000000e+00 -6.557850484987314488e+00 0.000000000000000000e+00 0.000000000000000000e+00 1.000000000000000000e+00 0.000000000000000000e+00
1.240798178886035469e-01 9.922722402610740788e-01 0.000000000000000000e+00 8.910825007053374547e-01 -9.922722402610741899e-01 1.240798178886035330e-01 0.000000000000000000e+00 -6.765316148303719856e+00 0.000000000000000000e+00 0.000000000000000000e+00 1.000000000000000000e+00 0.000000000000000000e+00
1.478662223342691040e-01 9.890073712023547126e-01 0.000000000000000000e+00 9.243447179230269706e-01 -9.890073712023548236e-01 1.478662223342690485e-01 0.000000000000000000e+00 -6.971775082432914772e+00 0.000000000000000000e+00 0.000000000000000000e+00 1.000000000000000000e+00 0.000000000000000000e+00
1.259153081544431008e-01 9.920409947035311315e-01 0.000000000000000000e+00 9.555215739746891757e-01 -9.920409947035311315e-01 1.259153081544430730e-01 0.000000000000000000e+00 -7.170838223852250337e+00 0.000000000000000000e+00 0.000000000000000000e+00 1.000000000000000000e+00 0.000000000000000000e+00
1.341547263542426371e-01 9.909603974916545432e-01 0.000000000000000000e+00 9.876066228788542567e-01 -9.909603974916546543e-01 1.341547263542426094e-01 0.000000000000000000e+00 -7.375933426423681993e+00 0.000000000000000000e+00 0.000000000000000000e+00 1.000000000000000000e+00 0.000000000000000000e+00
1.267584974114992491e-01 9.919336083297000117e-01 0.000000000000000000e+00 1.016826164598564342e+00 -9.919336083297001228e-01 1.267584974114992213e-01 0.000000000000000000e+00 -7.579144189403132614e+00 0.000000000000000000e+00 0.000000000000000000e+00 1.000000000000000000e+00 0.000000000000000000e+00
1.188190569393082624e-01 9.929159237861245879e-01 0.000000000000000000e+00 1.045652231877614025e+00 -9.929159237861246989e-01 1.188190569393082208e-01 0.000000000000000000e+00 -7.785677108138195024e+00 0.000000000000000000e+00 0.000000000000000000e+00 1.000000000000000000e+00 0.000000000000000000e+00
1.101464832847574710e-01 9.939153647167350281e-01 0.000000000000000000e+00 1.071266007892389904e+00 -9.939153647167351391e-01 1.101464832847574293e-01 0.000000000000000000e+00 -7.987890132333632209e+00 0.000000000000000000e+00 0.000000000000000000e+00 1.000000000000000000e+00 0.000000000000000000e+00
1.097091498762136491e-01 9.939637329568107305e-01 0.000000000000000000e+00 1.095332711620179644e+00 -9.939637329568108415e-01 1.097091498762136075e-01 0.000000000000000000e+00 -8.209926947597855573e+00 0.000000000000000000e+00 0.000000000000000000e+00 1.000000000000000000e+00 0.000000000000000000e+00
1.097588479257044364e-01 9.939582462568645749e-01 0.000000000000000000e+00 1.118947531741538270e+00 -9.939582462568646859e-01 1.097588479257044225e-01 0.000000000000000000e+00 -8.436618468567731455e+00 0.000000000000000000e+00 0.000000000000000000e+00 1.000000000000000000e+00 0.000000000000000000e+00
9.370276257459848879e-02 9.956002170981522736e-01 0.000000000000000000e+00 1.140115213962448859e+00 -9.956002170981524957e-01 9.370276257459844715e-02 0.000000000000000000e+00 -8.660535484699590114e+00 0.000000000000000000e+00 0.000000000000000000e+00 1.000000000000000000e+00 0.000000000000000000e+00
6.751902213458986501e-02 9.977179870334043077e-01 0.000000000000000000e+00 1.215891720089220307e+00 -9.977179870334045297e-01 6.751902213458983726e-02 0.000000000000000000e+00 -9.272060577986218632e+00 0.000000000000000000e+00 0.000000000000000000e+00 1.000000000000000000e+00 0.000000000000000000e+00
1.108819504294158986e-01 9.938335841925288738e-01 0.000000000000000000e+00 1.238596477448122180e+00 -9.938335841925289849e-01 1.108819504294158709e-01 0.000000000000000000e+00 -9.500866391927370813e+00 0.000000000000000000e+00 0.000000000000000000e+00 1.000000000000000000e+00 0.000000000000000000e+00
1.256176901943074353e-01 9.920787246535663906e-01 0.000000000000000000e+00 1.264954095259186451e+00 -9.920787246535663906e-01 1.256176901943074076e-01 0.000000000000000000e+00 -9.719535457547832991e+00 0.000000000000000000e+00 0.000000000000000000e+00 1.000000000000000000e+00 0.000000000000000000e+00
1.253696665901746776e-01 9.921100980733278396e-01 0.000000000000000000e+00 1.291462521922169593e+00 -9.921100980733279506e-01 1.253696665901746776e-01 0.000000000000000000e+00 -9.950765388611813478e+00 0.000000000000000000e+00 0.000000000000000000e+00 1.000000000000000000e+00 0.000000000000000000e+00
1.106931200481361122e-01 9.938546338242875144e-01 0.000000000000000000e+00 1.315642791234103992e+00 -9.938546338242876255e-01 1.106931200481360705e-01 0.000000000000000000e+00 -1.017401859150261778e+01 0.000000000000000000e+00 0.000000000000000000e+00 1.000000000000000000e+00 0.000000000000000000e+00
1.105042856708349092e-01 9.938756475778940391e-01 0.000000000000000000e+00 1.339240983068262780e+00 -9.938756475778941502e-01 1.105042856708348675e-01 0.000000000000000000e+00 -1.039598256717920677e+01 0.000000000000000000e+00 0.000000000000000000e+00 1.000000000000000000e+00 0.000000000000000000e+00
1.111005911328312307e-01 9.938091661128585219e-01 0.000000000000000000e+00 1.362018574211885769e+00 -9.938091661128586329e-01 1.111005911328312029e-01 0.000000000000000000e+00 -1.061247773352408075e+01 0.000000000000000000e+00 0.000000000000000000e+00 1.000000000000000000e+00 0.000000000000000000e+00
1.237722075370144142e-01 9.923106573253227536e-01 0.000000000000000000e+00 1.385497849772300727e+00 -9.923106573253228646e-01 1.237722075370143726e-01 0.000000000000000000e+00 -1.082691946299891406e+01 0.000000000000000000e+00 0.000000000000000000e+00 1.000000000000000000e+00 0.000000000000000000e+00
1.138828176478993981e-01 9.934941891347804921e-01 0.000000000000000000e+00 1.407931408729967915e+00 -9.934941891347806031e-01 1.138828176478993842e-01 0.000000000000000000e+00 -1.105068129830934609e+01 0.000000000000000000e+00 0.000000000000000000e+00 1.000000000000000000e+00 0.000000000000000000e+00
1.630788002084705701e-01 9.866130472087653036e-01 0.000000000000000000e+00 1.293186186657169667e+00 -9.866130472087655257e-01 1.630788002084705424e-01 0.000000000000000000e+00 -1.087025173865942484e+01 0.000000000000000000e+00 0.000000000000000000e+00 1.000000000000000000e+00 0.000000000000000000e+00
1.615592233375277298e-01 9.868630185362985419e-01 0.000000000000000000e+00 1.327463346098339159e+00 -9.868630185362985419e-01 1.615592233375277020e-01 0.000000000000000000e+00 -1.108042274071404876e+01 0.000000000000000000e+00 0.000000000000000000e+00 1.000000000000000000e+00 0.000000000000000000e+00
-2.805332002669188585e-01 9.598443225586117400e-01 0.000000000000000000e+00 1.311239682201856604e+00 -9.598443225586118510e-01 -2.805332002669189695e-01 0.000000000000000000e+00 -1.127438463633990118e+01 0.000000000000000000e+00 0.000000000000000000e+00 1.000000000000000000e+00 0.000000000000000000e+00
-7.376340648116472831e-01 6.752007008508258412e-01 0.000000000000000000e+00 1.282994409795375157e+00 -6.752007008508258412e-01 -7.376340648116472831e-01 0.000000000000000000e+00 -1.126097828725882621e+01 0.000000000000000000e+00 0.000000000000000000e+00 1.000000000000000000e+00 0.000000000000000000e+00
-9.912107221169943472e-01 1.322924954799263864e-01 0.000000000000000000e+00 1.272728337400420351e+00 -1.322924954799263586e-01 -9.912107221169944582e-01 0.000000000000000000e+00 -1.122092351653695630e+01 0.000000000000000000e+00 0.000000000000000000e+00 1.000000000000000000e+00 0.000000000000000000e+00
-8.950252336256858676e-01 -4.460155055301175953e-01 0.000000000000000000e+00 1.277015949984345866e+00 4.460155055301175953e-01 -8.950252336256858676e-01 0.000000000000000000e+00 -1.118629593869313155e+01 0.000000000000000000e+00 0.000000000000000000e+00 1.000000000000000000e+00 0.000000000000000000e+00
-4.959146207269952700e-01 -8.683712851938393262e-01 0.000000000000000000e+00 1.299545052100514742e+00 8.683712851938394373e-01 -4.959146207269952700e-01 0.000000000000000000e+00 -1.116088085392366303e+01 0.000000000000000000e+00 0.000000000000000000e+00 1.000000000000000000e+00 0.000000000000000000e+00
2.054078005206491642e-02 -9.997890159202852400e-01 0.000000000000000000e+00 1.329263507793768895e+00 9.997890159202853511e-01 2.054078005206496152e-02 0.000000000000000000e+00 -1.115350398689164457e+01 0.000000000000000000e+00 0.000000000000000000e+00 1.000000000000000000e+00 0.000000000000000000e+00
-1.118134679240348900e-01 -9.937292128094055155e-01 0.000000000000000000e+00 1.296701487183548496e+00 9.937292128094056265e-01 -1.118134679240348622e-01 0.000000000000000000e+00 -1.090176505399134932e+01 0.000000000000000000e+00 0.000000000000000000e+00 1.000000000000000000e+00 0.000000000000000000e+00
2.918807874236711841e-02 -9.995739372649374843e-01 0.000000000000000000e+00 1.296857857750715937e+00 9.995739372649375953e-01 2.918807874236717045e-02 0.000000000000000000e+00 -1.065886564934562664e+01 0.000000000000000000e+00 0.000000000000000000e+00 1.000000000000000000e+00 0.000000000000000000e+00
1.283670439067743918e-01 -9.917267275003915916e-01 0.000000000000000000e+00 1.326133427221413363e+00 9.917267275003917026e-01 1.283670439067744473e-01 0.000000000000000000e+00 -1.040010662691710053e+01 0.000000000000000000e+00 0.000000000000000000e+00 1.000000000000000000e+00 0.000000000000000000e+00
1.391492202159160252e-01 -9.902714246676525001e-01 0.000000000000000000e+00 1.362244664490949608e+00 9.902714246676526111e-01 1.391492202159160807e-01 0.000000000000000000e+00 -1.015197883347416052e+01 0.000000000000000000e+00 0.000000000000000000e+00 1.000000000000000000e+00 0.000000000000000000e+00
-2.016946042011360518e-01 -9.794484604286980423e-01 0.000000000000000000e+00 1.334925730753572015e+00 9.794484604286981533e-01 -2.016946042011360241e-01 0.000000000000000000e+00 -9.882360769161969927e+00 0.000000000000000000e+00 0.000000000000000000e+00 1.000000000000000000e+00 0.000000000000000000e+00
-2.679241638025656180e-01 -9.634400045932781653e-01 0.000000000000000000e+00 1.272677699452589462e+00 9.634400045932781653e-01 -2.679241638025656180e-01 0.000000000000000000e+00 -9.649738049413549845e+00 0.000000000000000000e+00 0.000000000000000000e+00 1.000000000000000000e+00 0.000000000000000000e+00
-1.811127302034232778e-01 -9.834623424200144015e-01 0.000000000000000000e+00 1.222855602999414870e+00 9.834623424200145125e-01 -1.811127302034232778e-01 0.000000000000000000e+00 -9.403277452510089063e+00 0.000000000000000000e+00 0.000000000000000000e+00 1.000000000000000000e+00 0.000000000000000000e+00
-6.176842972801410009e-02 -9.980905074635941787e-01 0.000000000000000000e+00 1.204049813379059586e+00 9.980905074635944008e-01 -6.176842972801405846e-02 0.000000000000000000e+00 -9.158972542609047807e+00 0.000000000000000000e+00 0.000000000000000000e+00 1.000000000000000000e+00 0.000000000000000000e+00
-1.058757741792220111e-02 -9.999439500314101226e-01 0.000000000000000000e+00 1.200540174910360580e+00 9.999439500314102336e-01 -1.058757741792216121e-02 0.000000000000000000e+00 -8.904098136554186027e+00 0.000000000000000000e+00 0.000000000000000000e+00 1.000000000000000000e+00 0.000000000000000000e+00
2.802221099122315529e-03 -9.999960737707481728e-01 0.000000000000000000e+00 1.201248432115694875e+00 9.999960737707481728e-01 2.802221099122345453e-03 0.000000000000000000e+00 -8.654902177125203266e+00 0.000000000000000000e+00 0.000000000000000000e+00 1.000000000000000000e+00 0.000000000000000000e+00
-4.501256113611049048e-02 -9.989864209987879828e-01 0.000000000000000000e+00 1.193724391275843733e+00 9.989864209987880939e-01 -4.501256113611046966e-02 0.000000000000000000e+00 -8.410773373594279789e+00 0.000000000000000000e+00 0.000000000000000000e+00 1.000000000000000000e+00 0.000000000000000000e+00
-1.237497281066787663e-01 -9.923134609555201990e-01 0.000000000000000000e+00 1.170025414661143515e+00 9.923134609555203101e-01 -1.237497281066787386e-01 0.000000000000000000e+00 -8.182942009791101867e+00 0.000000000000000000e+00 0.000000000000000000e+00 1.000000000000000000e+00 0.000000000000000000e+00
-2.404095711942604852e-01 -9.706715397487409858e-01 0.000000000000000000e+00 1.121803770455296334e+00 9.706715397487410968e-01 -2.404095711942604574e-01 0.000000000000000000e+00 -7.960038288245039340e+00 0.000000000000000000e+00 0.000000000000000000e+00 1.000000000000000000e+00 0.000000000000000000e+00
-2.735556711781753636e-01 -9.618561715590630001e-01 0.000000000000000000e+00 1.059440658413460135e+00 9.618561715590631112e-01 -2.735556711781753636e-01 0.000000000000000000e+00 -7.728837277476364065e+00 0.000000000000000000e+00 0.000000000000000000e+00 1.000000000000000000e+00 0.000000000000000000e+00
-2.626115691466766600e-01 -9.649016342354903575e-01 0.000000000000000000e+00 1.001418404228234582e+00 9.649016342354904685e-01 -2.626115691466766600e-01 0.000000000000000000e+00 -7.498981091257100218e+00 0.000000000000000000e+00 0.000000000000000000e+00 1.000000000000000000e+00 0.000000000000000000e+00
-2.677700099730589423e-01 -9.634828601272715787e-01 0.000000000000000000e+00 9.413113178306320439e-01 9.634828601272716897e-01 -2.677700099730588867e-01 0.000000000000000000e+00 -7.261718928016115626e+00 0.000000000000000000e+00 0.000000000000000000e+00 1.000000000000000000e+00 0.000000000000000000e+00
-2.347465025578887310e-01 -9.720566236268537441e-01 0.000000000000000000e+00 8.868045487086730905e-01 9.720566236268538551e-01 -2.347465025578887310e-01 0.000000000000000000e+00 -7.021554095243111249e+00 0.000000000000000000e+00 0.000000000000000000e+00 1.000000000000000000e+00 0.000000000000000000e+00
-2.041719606492933270e-01 -9.789350389502988747e-01 0.000000000000000000e+00 8.382672596759124239e-01 9.789350389502989858e-01 -2.041719606492932992e-01 0.000000000000000000e+00 -6.779716059414687024e+00 0.000000000000000000e+00 0.000000000000000000e+00 1.000000000000000000e+00 0.000000000000000000e+00
-1.551880189400199894e-01 -9.878849521971025949e-01 0.000000000000000000e+00 7.990505695588132618e-01 9.878849521971027059e-01 -1.551880189400199617e-01 0.000000000000000000e+00 -6.533257796334993373e+00 0.000000000000000000e+00 0.000000000000000000e+00 1.000000000000000000e+00 0.000000000000000000e+00
-1.104817707912564978e-01 -9.938781506416307643e-01 0.000000000000000000e+00 7.699695541579077984e-01 9.938781506416307643e-01 -1.104817707912564700e-01 0.000000000000000000e+00 -6.275844183555381761e+00 0.000000000000000000e+00 0.000000000000000000e+00 1.000000000000000000e+00 0.000000000000000000e+00
-9.748271681037032343e-02 -9.952372179150399401e-01 0.000000000000000000e+00 7.473796090260407254e-01 9.952372179150401621e-01 -9.748271681037029568e-02 0.000000000000000000e+00 -6.019116672635846932e+00 0.000000000000000000e+00 0.000000000000000000e+00 1.000000000000000000e+00 0.000000000000000000e+00
-1.082154434069977356e-01 -9.941274655738200350e-01 0.000000000000000000e+00 7.251856659644047021e-01 9.941274655738201460e-01 -1.082154434069976939e-01 0.000000000000000000e+00 -5.768981405519478578e+00 0.000000000000000000e+00 0.000000000000000000e+00 1.000000000000000000e+00 0.000000000000000000e+00
-1.505136045399562972e-01 -9.886079378845739063e-01 0.000000000000000000e+00 6.960312254871152682e-01 9.886079378845739063e-01 -1.505136045399562417e-01 0.000000000000000000e+00 -5.556766051387276306e+00 0.000000000000000000e+00 0.000000000000000000e+00 1.000000000000000000e+00 0.000000000000000000e+00
-2.526883544799827797e-01 -9.675477226009052689e-01 0.000000000000000000e+00 6.478342864202026874e-01 9.675477226009053799e-01 -2.526883544799827241e-01 0.000000000000000000e+00 -5.355335657730856624e+00 0.000000000000000000e+00 0.000000000000000000e+00 1.000000000000000000e+00 0.000000000000000000e+00
-1.148040818177269717e-01 -9.933881531395410969e-01 0.000000000000000000e+00 7.179409009127284413e-01 9.933881531395412079e-01 -1.148040818177269440e-01 0.000000000000000000e+00 -5.748323539987289621e+00 0.000000000000000000e+00 0.000000000000000000e+00 1.000000000000000000e+00 0.000000000000000000e+00
-1.108693748580420885e-01 -9.938349871676819269e-01 0.000000000000000000e+00 6.790267047777777121e-01 9.938349871676821490e-01 -1.108693748580420468e-01 0.000000000000000000e+00 -5.506136552758061242e+00 0.000000000000000000e+00 0.000000000000000000e+00 1.000000000000000000e+00 0.000000000000000000e+00
-6.198800814308871865e-02 -9.980768942553736034e-01 0.000000000000000000e+00 6.526555463780763233e-01 9.980768942553736034e-01 -6.198800814308869783e-02 0.000000000000000000e+00 -5.265325474454637167e+00 0.000000000000000000e+00 0.000000000000000000e+00 1.000000000000000000e+00 0.000000000000000000e+00
-2.665461801218578855e-02 -9.996447025511734363e-01 0.000000000000000000e+00 6.351015176562595510e-01 9.996447025511735474e-01 -2.665461801218575733e-02 0.000000000000000000e+00 -5.022989880082630698e+00 0.000000000000000000e+00 0.000000000000000000e+00 1.000000000000000000e+00 0.000000000000000000e+00
-1.870668402538692987e-02 -9.998250146764552371e-01 0.000000000000000000e+00 6.207886005823362030e-01 9.998250146764553481e-01 -1.870668402538687436e-02 0.000000000000000000e+00 -4.782887956296429266e+00 0.000000000000000000e+00 0.000000000000000000e+00 1.000000000000000000e+00 0.000000000000000000e+00
-3.732910034725271664e-02 -9.993030262474263958e-01 0.000000000000000000e+00 6.025726513432341225e-01 9.993030262474265069e-01 -3.732910034725269582e-02 0.000000000000000000e+00 -4.542690932996142905e+00 0.000000000000000000e+00 0.000000000000000000e+00 1.000000000000000000e+00 0.000000000000000000e+00
-5.574885746642329470e-02 -9.984448231580893562e-01 0.000000000000000000e+00 5.809523694423104345e-01 9.984448231580894673e-01 -5.574885746642324613e-02 0.000000000000000000e+00 -4.307429664463635177e+00 0.000000000000000000e+00 0.000000000000000000e+00 1.000000000000000000e+00 0.000000000000000000e+00
-5.499002337360265474e-02 -9.984869039348339692e-01 0.000000000000000000e+00 5.589112017170227986e-01 9.984869039348340802e-01 -5.499002337360262005e-02 0.000000000000000000e+00 -4.075262112162918449e+00 0.000000000000000000e+00 0.000000000000000000e+00 1.000000000000000000e+00 0.000000000000000000e+00
-8.285268989203267709e-02 -9.965618052974207774e-01 0.000000000000000000e+00 5.299808445456266615e-01 9.965618052974208885e-01 -8.285268989203264933e-02 0.000000000000000000e+00 -3.853382141345507161e+00 0.000000000000000000e+00 0.000000000000000000e+00 1.000000000000000000e+00 0.000000000000000000e+00
-9.301313408752924505e-02 -9.956648818187848748e-01 0.000000000000000000e+00 4.941588708570734956e-01 9.956648818187849859e-01 -9.301313408752921730e-02 0.000000000000000000e+00 -3.614612924784710302e+00 0.000000000000000000e+00 0.000000000000000000e+00 1.000000000000000000e+00 0.000000000000000000e+00
-6.968126235770283339e-02 -9.975693067031667916e-01 0.000000000000000000e+00 4.648861468480940395e-01 9.975693067031669026e-01 -6.968126235770280563e-02 0.000000000000000000e+00 -3.380230479774223085e+00 0.000000000000000000e+00 0.000000000000000000e+00 1.000000000000000000e+00 0.000000000000000000e+00
-4.412344551157360018e-02 -9.990260865243645316e-01 0.000000000000000000e+00 4.398155291445247639e-01 9.990260865243646426e-01 -4.412344551157356548e-02 0.000000000000000000e+00 -3.145090764106683423e+00 0.000000000000000000e+00 0.000000000000000000e+00 1.000000000000000000e+00 0.000000000000000000e+00
-3.082289259393531169e-02 -9.995248617679014513e-01 0.000000000000000000e+00 4.177708709389263975e-01 9.995248617679015624e-01 -3.082289259393528741e-02 0.000000000000000000e+00 -2.906988000164707042e+00 0.000000000000000000e+00 0.000000000000000000e+00 1.000000000000000000e+00 0.000000000000000000e+00
-3.018319041354560264e-02 -9.995443837151302136e-01 0.000000000000000000e+00 3.971327917652988648e-01 9.995443837151303246e-01 -3.018319041354557489e-02 0.000000000000000000e+00 -2.671482742610946648e+00 0.000000000000000000e+00 0.000000000000000000e+00 1.000000000000000000e+00 0.000000000000000000e+00
-4.277472049694523021e-02 -9.990847427953286619e-01 0.000000000000000000e+00 3.743016678210826509e-01 9.990847427953287729e-01 -4.277472049694518164e-02 0.000000000000000000e+00 -2.432156076249665677e+00 0.000000000000000000e+00 0.000000000000000000e+00 1.000000000000000000e+00 0.000000000000000000e+00
-1.156881516891494349e-01 -9.932855840888601406e-01 0.000000000000000000e+00 3.346743685918639466e-01 9.932855840888602517e-01 -1.156881516891494072e-01 0.000000000000000000e+00 -2.199289876014406175e+00 0.000000000000000000e+00 0.000000000000000000e+00 1.000000000000000000e+00 0.000000000000000000e+00
-7.650363509464271905e-01 -6.439870974876552578e-01 0.000000000000000000e+00 2.811176116078002996e-01 6.439870974876553689e-01 -7.650363509464271905e-01 0.000000000000000000e+00 -2.250074883886808763e+00 0.000000000000000000e+00 0.000000000000000000e+00 1.000000000000000000e+00 0.000000000000000000e+00
-9.791568471308123023e-01 -2.031055605266550157e-01 0.000000000000000000e+00 2.112711804623691181e-01 2.031055605266550990e-01 -9.791568471308124133e-01 0.000000000000000000e+00 -2.263693916497333536e+00 0.000000000000000000e+00 0.000000000000000000e+00 1.000000000000000000e+00 0.000000000000000000e+00
-9.870628942114795246e-01 -1.603335363261763624e-01 0.000000000000000000e+00 -6.314904171618102025e-02 1.603335363261764179e-01 -9.870628942114796356e-01 0.000000000000000000e+00 -2.235089374321043376e+00 0.000000000000000000e+00 0.000000000000000000e+00 1.000000000000000000e+00 0.000000000000000000e+00
-9.925491366644941804e-01 -1.218450298804467369e-01 0.000000000000000000e+00 -2.843179140772892355e-01 1.218450298804468063e-01 -9.925491366644942914e-01 0.000000000000000000e+00 -2.219303812715392787e+00 0.000000000000000000e+00 0.000000000000000000e+00 1.000000000000000000e+00 0.000000000000000000e+00
-9.952429894541205968e-01 -9.742377503681955153e-02 0.000000000000000000e+00 -5.047472089579425614e-01 9.742377503681963480e-02 -9.952429894541208188e-01 0.000000000000000000e+00 -2.208323799377151619e+00 0.000000000000000000e+00 0.000000000000000000e+00 1.000000000000000000e+00 0.000000000000000000e+00
-9.998551879465990000e-01 -1.701773005634848318e-02 0.000000000000000000e+00 -7.254281375118643016e-01 1.701773005634854216e-02 -9.998551879465992220e-01 0.000000000000000000e+00 -2.213524250633429613e+00 0.000000000000000000e+00 0.000000000000000000e+00 1.000000000000000000e+00 0.000000000000000000e+00
-9.945780196423632535e-01 1.039930903679404661e-01 0.000000000000000000e+00 -9.288679858295525449e-01 -1.039930903679404384e-01 -9.945780196423633646e-01 0.000000000000000000e+00 -2.243870311712850452e+00 0.000000000000000000e+00 0.000000000000000000e+00 1.000000000000000000e+00 0.000000000000000000e+00
-9.866103845231446456e-01 1.630949084155981776e-01 0.000000000000000000e+00 -1.134369760657959691e+00 -1.630949084155981499e-01 -9.866103845231447567e-01 0.000000000000000000e+00 -2.291595783291606736e+00 0.000000000000000000e+00 0.000000000000000000e+00 1.000000000000000000e+00 0.000000000000000000e+00
-9.924558926431518158e-01 1.226022069861892744e-01 0.000000000000000000e+00 -1.349558756379700686e+00 -1.226022069861892466e-01 -9.924558926431519268e-01 0.000000000000000000e+00 -2.337425585225157754e+00 0.000000000000000000e+00 0.000000000000000000e+00 1.000000000000000000e+00 0.000000000000000000e+00
-9.952796574979113631e-01 9.704845887926269454e-02 0.000000000000000000e+00 -1.553952141249401953e+00 -9.704845887926268067e-02 -9.952796574979115851e-01 0.000000000000000000e+00 -2.365333840296305112e+00 0.000000000000000000e+00 0.000000000000000000e+00 1.000000000000000000e+00 0.000000000000000000e+00
-9.926798005478535414e-01 1.207758816331861995e-01 0.000000000000000000e+00 -1.758091614051251472e+00 -1.207758816331861579e-01 -9.926798005478536524e-01 0.000000000000000000e+00 -2.397802571161906204e+00 0.000000000000000000e+00 0.000000000000000000e+00 1.000000000000000000e+00 0.000000000000000000e+00
-4.259028866728102325e-01 9.047688827119151345e-01 0.000000000000000000e+00 -1.873194583705213745e+00 -9.047688827119151345e-01 -4.259028866728103435e-01 0.000000000000000000e+00 -1.431215307100518253e+00 0.000000000000000000e+00 0.000000000000000000e+00 1.000000000000000000e+00 0.000000000000000000e+00
6.622193206321173864e-02 9.978049186658758396e-01 0.000000000000000000e+00 -1.852651767651144699e+00 -9.978049186658759506e-01 6.622193206321169701e-02 0.000000000000000000e+00 -1.614300450543586063e+00 0.000000000000000000e+00 0.000000000000000000e+00 1.000000000000000000e+00 0.000000000000000000e+00
1.112099094687246520e-01 9.937969390353130761e-01 0.000000000000000000e+00 -1.831017129917597241e+00 -9.937969390353131871e-01 1.112099094687246104e-01 0.000000000000000000e+00 -1.821940765365005488e+00 0.000000000000000000e+00 0.000000000000000000e+00 1.000000000000000000e+00 0.000000000000000000e+00
1.261335541243667757e-01 9.920132693285685921e-01 0.000000000000000000e+00 -1.802988286926709094e+00 -9.920132693285687031e-01 1.261335541243667202e-01 0.000000000000000000e+00 -2.061008067365074581e+00 0.000000000000000000e+00 0.000000000000000000e+00 1.000000000000000000e+00 0.000000000000000000e+00
4.329207868329048026e-01 9.014319676647696289e-01 0.000000000000000000e+00 -1.728950931676040970e+00 -9.014319676647697399e-01 4.329207868329048581e-01 0.000000000000000000e+00 -2.288987371365429624e+00 0.000000000000000000e+00 0.000000000000000000e+00 1.000000000000000000e+00 0.000000000000000000e+00
5.008585508998133484e-01 8.655291514388979701e-01 0.000000000000000000e+00 -1.620076329738149745e+00 -8.655291514388980811e-01 5.008585508998133484e-01 0.000000000000000000e+00 -2.489993452724366563e+00 0.000000000000000000e+00 0.000000000000000000e+00 1.000000000000000000e+00 0.000000000000000000e+00
4.122847305459095280e-01 9.110550482592622012e-01 0.000000000000000000e+00 -1.522760784010411594e+00 -9.110550482592623123e-01 4.122847305459095280e-01 0.000000000000000000e+00 -2.703642292554875759e+00 0.000000000000000000e+00 0.000000000000000000e+00 1.000000000000000000e+00 0.000000000000000000e+00
1.788529005706721575e-01 9.838758254766996059e-01 0.000000000000000000e+00 -1.459890865661586767e+00 -9.838758254766997169e-01 1.788529005706721298e-01 0.000000000000000000e+00 -2.972938373704995918e+00 0.000000000000000000e+00 0.000000000000000000e+00 1.000000000000000000e+00 0.000000000000000000e+00
9.884874048386176060e-02 9.951024703540605199e-01 0.000000000000000000e+00 -1.436393708044449324e+00 -9.951024703540606309e-01 9.884874048386173284e-02 0.000000000000000000e+00 -3.210255233282893084e+00 0.000000000000000000e+00 0.000000000000000000e+00 1.000000000000000000e+00 0.000000000000000000e+00
5.267991740102736520e-01 8.499897824457027795e-01 0.000000000000000000e+00 -1.344586979737897314e+00 -8.499897824457028905e-01 5.267991740102736520e-01 0.000000000000000000e+00 -3.442728623419585965e+00 0.000000000000000000e+00 0.000000000000000000e+00 1.000000000000000000e+00 0.000000000000000000e+00
-1.710542311202892518e-01 9.852616150118943539e-01 0.000000000000000000e+00 -1.302672710630587094e+00 -9.852616150118945759e-01 -1.710542311202893351e-01 0.000000000000000000e+00 -3.624128283135914952e+00 0.000000000000000000e+00 0.000000000000000000e+00 1.000000000000000000e+00 0.000000000000000000e+00
-2.334744952723026915e-02 9.997274111479453884e-01 0.000000000000000000e+00 -1.288011408727546936e+00 -9.997274111479454994e-01 -2.334744952723032466e-02 0.000000000000000000e+00 -3.887222656748328120e+00 0.000000000000000000e+00 0.000000000000000000e+00 1.000000000000000000e+00 0.000000000000000000e+00
-1.122723561044590146e-01 9.936774718462491052e-01 0.000000000000000000e+00 -1.313282875942458183e+00 -9.936774718462492162e-01 -1.122723561044590979e-01 0.000000000000000000e+00 -4.136379654331790334e+00 0.000000000000000000e+00 0.000000000000000000e+00 1.000000000000000000e+00 0.000000000000000000e+00
-1.484785303052126304e-01 9.889156314056339880e-01 0.000000000000000000e+00 -1.349279325209791880e+00 -9.889156314056340991e-01 -1.484785303052126859e-01 0.000000000000000000e+00 -4.383318238073060868e+00 0.000000000000000000e+00 0.000000000000000000e+00 1.000000000000000000e+00 0.000000000000000000e+00
-5.731813947787212787e-02 9.983559640162396054e-01 0.000000000000000000e+00 -1.371657555816912621e+00 -9.983559640162396054e-01 -5.731813947787215563e-02 0.000000000000000000e+00 -4.639459545352645264e+00 0.000000000000000000e+00 0.000000000000000000e+00 1.000000000000000000e+00 0.000000000000000000e+00
3.659225776737005248e-02 9.993302790726829032e-01 0.000000000000000000e+00 -1.370805222325050643e+00 -9.993302790726829032e-01 3.659225776737001085e-02 0.000000000000000000e+00 -4.866737625306736703e+00 0.000000000000000000e+00 0.000000000000000000e+00 1.000000000000000000e+00 0.000000000000000000e+00
1.406623939503013898e-01 9.900576200040933639e-01 0.000000000000000000e+00 -1.348075382248705267e+00 -9.900576200040935859e-01 1.406623939503013343e-01 0.000000000000000000e+00 -5.080541273708965910e+00 0.000000000000000000e+00 0.000000000000000000e+00 1.000000000000000000e+00 0.000000000000000000e+00
1.327276047834235473e-01 9.911525528032780752e-01 0.000000000000000000e+00 -1.317922880953709353e+00 -9.911525528032781862e-01 1.327276047834235195e-01 0.000000000000000000e+00 -5.311823397457549945e+00 0.000000000000000000e+00 0.000000000000000000e+00 1.000000000000000000e+00 0.000000000000000000e+00
6.410643840630531054e-02 9.979430667903145258e-01 0.000000000000000000e+00 -1.301563426382719602e+00 -9.979430667903146368e-01 6.410643840630528278e-02 0.000000000000000000e+00 -5.553262723678734858e+00 0.000000000000000000e+00 0.000000000000000000e+00 1.000000000000000000e+00 0.000000000000000000e+00
4.699311538198205213e-02 9.988952132764955527e-01 0.000000000000000000e+00 -1.290284461799201088e+00 -9.988952132764956637e-01 4.699311538198200355e-02 0.000000000000000000e+00 -5.796103485409387801e+00 0.000000000000000000e+00 0.000000000000000000e+00 1.000000000000000000e+00 0.000000000000000000e+00
4.656358610899608008e-02 9.989153279676260544e-01 0.000000000000000000e+00 -1.282033267741869986e+00 -9.989153279676260544e-01 4.656358610899602457e-02 0.000000000000000000e+00 -6.033869623445543340e+00 0.000000000000000000e+00 0.000000000000000000e+00 1.000000000000000000e+00 0.000000000000000000e+00
7.797120745375867024e-02 9.969556112526789526e-01 0.000000000000000000e+00 -1.268247182150711305e+00 -9.969556112526790637e-01 7.797120745375861472e-02 0.000000000000000000e+00 -6.267610717915628626e+00 0.000000000000000000e+00 0.000000000000000000e+00 1.000000000000000000e+00 0.000000000000000000e+00
9.438970436394394925e-02 9.955353251944840665e-01 0.000000000000000000e+00 -1.251879843876936516e+00 -9.955353251944840665e-01 9.438970436394390762e-02 0.000000000000000000e+00 -6.498689419742152751e+00 0.000000000000000000e+00 0.000000000000000000e+00 1.000000000000000000e+00 0.000000000000000000e+00
9.628104997038576529e-02 9.953541879233742673e-01 0.000000000000000000e+00 -1.235487684725115942e+00 -9.953541879233743783e-01 9.628104997038573754e-02 0.000000000000000000e+00 -6.737041379705441813e+00 0.000000000000000000e+00 0.000000000000000000e+00 1.000000000000000000e+00 0.000000000000000000e+00
8.371234657590594097e-02 9.964899613296438474e-01 0.000000000000000000e+00 -1.220284993539600293e+00 -9.964899613296439584e-01 8.371234657590591322e-02 0.000000000000000000e+00 -6.976932061851950806e+00 0.000000000000000000e+00 0.000000000000000000e+00 1.000000000000000000e+00 0.000000000000000000e+00
1.026095126698695625e-01 9.947217138022330651e-01 0.000000000000000000e+00 -1.200804339917912023e+00 -9.947217138022331762e-01 1.026095126698695487e-01 0.000000000000000000e+00 -7.213669152808295237e+00 0.000000000000000000e+00 0.000000000000000000e+00 1.000000000000000000e+00 0.000000000000000000e+00
