-3.504649488752759751e-02 9.993856829053028301e-01 0.000000000000000000e+00 4.143720000000000042e-02 -9.993856829053028301e-01 -3.504649488752759751e-02 0.000000000000000000e+00 9.082650000000000445e-02 0.000000000000000000e+00 0.000000000000000000e+00 1.000000000000000000e+00 0.000000000000000000e+00
-3.507647644223930994e-02 9.993846310607328309e-01 0.000000000000000000e+00 4.143730000000000330e-02 -9.993846310607328309e-01 -3.507647644223930994e-02 0.000000000000000000e+00 9.082659999999999345e-02 0.000000000000000000e+00 0.000000000000000000e+00 1.000000000000000000e+00 0.000000000000000000e+00
-2.909956479515365957e-02 9.995765179958624458e-01 0.000000000000000000e+00 4.378560000000000091e-02 -9.995765179958624458e-01 -2.909956479515365957e-02 0.000000000000000000e+00 9.484610000000000263e-02 0.000000000000000000e+00 0.000000000000000000e+00 1.000000000000000000e+00 0.000000000000000000e+00
-2.325157758911979358e-02 9.997296455240372026e-01 0.000000000000000000e+00 4.613380000000000258e-02 -9.997296455240372026e-01 -2.325157758911979358e-02 0.000000000000000000e+00 9.886549999999999505e-02 0.000000000000000000e+00 0.000000000000000000e+00 1.000000000000000000e+00 0.000000000000000000e+00
-1.721282311888245806e-02 9.998518483856886352e-01 0.000000000000000000e+00 4.848210000000000020e-02 -9.998518483856886352e-01 -1.721282311888245806e-02 0.000000000000000000e+00 1.028850000000000042e-01 0.000000000000000000e+00 0.000000000000000000e+00 1.000000000000000000e+00 0.000000000000000000e+00
-2.709035856428590808e-02 9.996329888878510150e-01 0.000000000000000000e+00 4.182940000000000269e-02 -9.996329888878510150e-01 -2.709035856428590808e-02 0.000000000000000000e+00 -1.308140000000000136e-01 0.000000000000000000e+00 0.000000000000000000e+00 1.000000000000000000e+00 0.000000000000000000e+00
-5.288898487681698707e-02 9.986003981967460641e-01 0.000000000000000000e+00 3.291290000000000188e-02 -9.986003981967460641e-01 -5.288898487681698707e-02 0.000000000000000000e+00 -3.534309999999999952e-01 0.000000000000000000e+00 0.000000000000000000e+00 1.000000000000000000e+00 0.000000000000000000e+00
-9.464181506252965226e-02 9.955113896092148140e-01 0.000000000000000000e+00 1.365719999999999955e-02 -9.955113896092148140e-01 -9.464181506252965226e-02 0.000000000000000000e+00 -5.693869999999999765e-01 0.000000000000000000e+00 0.000000000000000000e+00 1.000000000000000000e+00 0.000000000000000000e+00
-1.366745442385815801e-01 9.906160047955897552e-01 0.000000000000000000e+00 -1.676580000000000084e-02 -9.906160047955897552e-01 -1.366745442385815801e-01 0.000000000000000000e+00 -7.986440000000000206e-01 0.000000000000000000e+00 0.000000000000000000e+00 1.000000000000000000e+00 0.000000000000000000e+00
-1.494912027711884361e-01 9.887630556882793798e-01 0.000000000000000000e+00 -5.008689999999999670e-02 -9.887630556882793798e-01 -1.494912027711884361e-01 0.000000000000000000e+00 -1.017139999999999933e+00 0.000000000000000000e+00 0.000000000000000000e+00 1.000000000000000000e+00 0.000000000000000000e+00
-1.144125766262604343e-01 9.934333205151416601e-01 0.000000000000000000e+00 -7.571179999999999577e-02 -9.934333205151416601e-01 -1.144125766262604343e-01 0.000000000000000000e+00 -1.234369999999999967e+00 0.000000000000000000e+00 0.000000000000000000e+00 1.000000000000000000e+00 0.000000000000000000e+00
-2.016230689628456182e-02 9.997967200289367140e-01 0.000000000000000000e+00 -8.229889999999999428e-02 -9.997967200289367140e-01 -2.016230689628456182e-02 0.000000000000000000e+00 -1.443349999999999911e+00 0.000000000000000000e+00 0.000000000000000000e+00 1.000000000000000000e+00 0.000000000000000000e+00
-4.735595534797002598e-02 9.988780773913706890e-01 0.000000000000000000e+00 -8.732840000000000047e-02 -9.988780773913706890e-01 -4.735595534797002598e-02 0.000000000000000000e+00 -1.656949999999999923e+00 0.000000000000000000e+00 0.000000000000000000e+00 1.000000000000000000e+00 0.000000000000000000e+00
-7.712700183725426650e-02 9.970212763966455061e-01 0.000000000000000000e+00 -1.020390000000000047e-01 -9.970212763966455061e-01 -7.712700183725426650e-02 0.000000000000000000e+00 -1.880770000000000053e+00 0.000000000000000000e+00 0.000000000000000000e+00 1.000000000000000000e+00 0.000000000000000000e+00
-9.126649409956183456e-02 9.958265044950223022e-01 0.000000000000000000e+00 -1.203319999999999945e-01 -9.958265044950223022e-01 -9.126649409956183456e-02 0.000000000000000000e+00 -2.096280000000000143e+00 0.000000000000000000e+00 0.000000000000000000e+00 1.000000000000000000e+00 0.000000000000000000e+00
-7.504306043744050914e-02 9.971802941696062961e-01 0.000000000000000000e+00 -1.355520000000000058e-01 -9.971802941696062961e-01 -7.504306043744050914e-02 0.000000000000000000e+00 -2.311780000000000168e+00 0.000000000000000000e+00 0.000000000000000000e+00 1.000000000000000000e+00 0.000000000000000000e+00
-2.831988633808822653e-02 9.995989115829397864e-01 0.000000000000000000e+00 -1.423699999999999966e-01 -9.995989115829397864e-01 -2.831988633808822653e-02 0.000000000000000000e+00 -2.523029999999999884e+00 0.000000000000000000e+00 0.000000000000000000e+00 1.000000000000000000e+00 0.000000000000000000e+00
-2.840985012531362444e-02 9.995963587447971310e-01 0.000000000000000000e+00 -1.477140000000000120e-01 -9.995963587447971310e-01 -2.840985012531362444e-02 0.000000000000000000e+00 -2.741960000000000175e+00 0.000000000000000000e+00 0.000000000000000000e+00 1.000000000000000000e+00 0.000000000000000000e+00
-4.490856437964145520e-02 9.989911014845725967e-01 0.000000000000000000e+00 -1.555890000000000051e-01 -9.989911014845725967e-01 -4.490856437964145520e-02 0.000000000000000000e+00 -2.957969999999999988e+00 0.000000000000000000e+00 0.000000000000000000e+00 1.000000000000000000e+00 0.000000000000000000e+00
-4.618723585127806897e-02 9.989328001644647292e-01 0.000000000000000000e+00 -1.632419999999999982e-01 -9.989328001644647292e-01 -4.618723585127806897e-02 0.000000000000000000e+00 -3.181550000000000100e+00 0.000000000000000000e+00 0.000000000000000000e+00 1.000000000000000000e+00 0.000000000000000000e+00
-4.785538844636140487e-02 9.988542745549261470e-01 0.000000000000000000e+00 -1.695989999999999998e-01 -9.988542745549261470e-01 -4.785538844636140487e-02 0.000000000000000000e+00 -3.395469999999999988e+00 0.000000000000000000e+00 0.000000000000000000e+00 1.000000000000000000e+00 0.000000000000000000e+00
-4.956335845648301291e-02 9.987709815060278329e-01 0.000000000000000000e+00 -1.773019999999999874e-01 -9.987709815060278329e-01 -4.956335845648301291e-02 0.000000000000000000e+00 -3.614139999999999908e+00 0.000000000000000000e+00 0.000000000000000000e+00 1.000000000000000000e+00 0.000000000000000000e+00
-3.715511909854383316e-02 9.993095101742868192e-01 0.000000000000000000e+00 -1.837640000000000107e-01 -9.993095101742868192e-01 -3.715511909854383316e-02 0.000000000000000000e+00 -3.835269999999999957e+00 0.000000000000000000e+00 0.000000000000000000e+00 1.000000000000000000e+00 0.000000000000000000e+00
-2.487110839575891463e-02 9.996906661398646810e-01 0.000000000000000000e+00 -1.882729999999999959e-01 -9.996906661398646810e-01 -2.487110839575891463e-02 0.000000000000000000e+00 -4.051789999999999559e+00 0.000000000000000000e+00 0.000000000000000000e+00 1.000000000000000000e+00 0.000000000000000000e+00
-2.830989034755650169e-02 9.995991947318231263e-01 0.000000000000000000e+00 -1.924190000000000067e-01 -9.995991947318231263e-01 -2.830989034755650169e-02 0.000000000000000000e+00 -4.269989999999999952e+00 0.000000000000000000e+00 0.000000000000000000e+00 1.000000000000000000e+00 0.000000000000000000e+00
1.386588244112779873e-02 9.999038640310021764e-01 0.000000000000000000e+00 -1.870140000000000136e-01 -9.999038640310021764e-01 1.386588244112779873e-02 0.000000000000000000e+00 -4.481440000000000090e+00 0.000000000000000000e+00 0.000000000000000000e+00 1.000000000000000000e+00 0.000000000000000000e+00
9.096201352276516924e-03 9.999586287046874356e-01 0.000000000000000000e+00 -1.817199999999999926e-01 -9.999586287046874356e-01 9.096201352276516924e-03 0.000000000000000000e+00 -4.705379999999999896e+00 0.000000000000000000e+00 0.000000000000000000e+00 1.000000000000000000e+00 0.000000000000000000e+00
-2.575082643832590779e-02 9.996683924871002658e-01 0.000000000000000000e+00 -1.824310000000000098e-01 -9.996683924871002658e-01 -2.575082643832590779e-02 0.000000000000000000e+00 -4.924319999999999808e+00 0.000000000000000000e+00 0.000000000000000000e+00 1.000000000000000000e+00 0.000000000000000000e+00
-1.793672243316892304e-03 9.999983913686478765e-01 0.000000000000000000e+00 -1.808770000000000100e-01 -9.999983913686478765e-01 -1.793672243316892304e-03 0.000000000000000000e+00 -5.142640000000000100e+00 0.000000000000000000e+00 0.000000000000000000e+00 1.000000000000000000e+00 0.000000000000000000e+00
-2.388140260986141780e-02 9.997147986347835191e-01 0.000000000000000000e+00 -1.802980000000000138e-01 -9.997147986347835191e-01 -2.388140260986141780e-02 0.000000000000000000e+00 -5.353369999999999962e+00 0.000000000000000000e+00 0.000000000000000000e+00 1.000000000000000000e+00 0.000000000000000000e+00
-1.540306406599087005e-02 9.998813657716494330e-01 0.000000000000000000e+00 -1.797209999999999919e-01 -9.998813657716494330e-01 -1.540306406599087005e-02 0.000000000000000000e+00 -5.570260000000000211e+00 0.000000000000000000e+00 0.000000000000000000e+00 1.000000000000000000e+00 0.000000000000000000e+00
-2.230182407645554810e-02 9.997512833914556918e-01 0.000000000000000000e+00 -1.819459999999999966e-01 -9.997512833914556918e-01 -2.230182407645554810e-02 0.000000000000000000e+00 -5.788389999999999702e+00 0.000000000000000000e+00 0.000000000000000000e+00 1.000000000000000000e+00 0.000000000000000000e+00
-2.957935815309749306e-02 9.995624350540844860e-01 0.000000000000000000e+00 -1.849429999999999963e-01 -9.995624350540844860e-01 -2.957935815309749306e-02 0.000000000000000000e+00 -6.009839999999999627e+00 0.000000000000000000e+00 0.000000000000000000e+00 1.000000000000000000e+00 0.000000000000000000e+00
-3.747489623399983399e-02 9.992975693717317531e-01 0.000000000000000000e+00 -1.903310000000000002e-01 -9.992975693717317531e-01 -3.747489623399983399e-02 0.000000000000000000e+00 -6.226639999999999731e+00 0.000000000000000000e+00 0.000000000000000000e+00 1.000000000000000000e+00 0.000000000000000000e+00
-4.138185331488836161e-02 9.991434042299559559e-01 0.000000000000000000e+00 -1.989190000000000125e-01 -9.991434042299559559e-01 -4.138185331488836161e-02 0.000000000000000000e+00 -6.458739999999999704e+00 0.000000000000000000e+00 0.000000000000000000e+00 1.000000000000000000e+00 0.000000000000000000e+00
-4.497849364666230143e-02 9.989879554375403758e-01 0.000000000000000000e+00 -2.094139999999999890e-01 -9.989879554375403758e-01 -4.497849364666230143e-02 0.000000000000000000e+00 -6.695350000000000357e+00 0.000000000000000000e+00 0.000000000000000000e+00 1.000000000000000000e+00 0.000000000000000000e+00
-6.494792539923525954e-02 9.978886546034759775e-01 0.000000000000000000e+00 -2.227099999999999913e-01 -9.978886546034759775e-01 -6.494792539923525954e-02 0.000000000000000000e+00 -6.928790000000000227e+00 0.000000000000000000e+00 0.000000000000000000e+00 1.000000000000000000e+00 0.000000000000000000e+00
-5.205014198174474221e-02 9.986444726326182408e-01 0.000000000000000000e+00 -2.333169999999999966e-01 -9.986444726326182408e-01 -5.205014198174474221e-02 0.000000000000000000e+00 -7.162930000000000241e+00 0.000000000000000000e+00 0.000000000000000000e+00 1.000000000000000000e+00 0.000000000000000000e+00
-1.264333633298680981e-02 9.999200698287693534e-01 0.000000000000000000e+00 -2.379080000000000084e-01 -9.999200698287693534e-01 -1.264333633298680981e-02 0.000000000000000000e+00 -7.401749999999999829e+00 0.000000000000000000e+00 0.000000000000000000e+00 1.000000000000000000e+00 0.000000000000000000e+00
-1.963671943112170123e-03 9.999980719943912799e-01 0.000000000000000000e+00 -2.385460000000000080e-01 -9.999980719943912799e-01 -1.963671943112170123e-03 0.000000000000000000e+00 -7.630939999999999834e+00 0.000000000000000000e+00 0.000000000000000000e+00 1.000000000000000000e+00 0.000000000000000000e+00
-6.453628406058436323e-03 9.999791751233605419e-01 0.000000000000000000e+00 -2.415329999999999977e-01 -9.999791751233605419e-01 -6.453628406058436323e-03 0.000000000000000000e+00 -7.872609999999999886e+00 0.000000000000000000e+00 0.000000000000000000e+00 1.000000000000000000e+00 0.000000000000000000e+00
-2.556088898009381896e-02 9.996732671000797543e-01 0.000000000000000000e+00 -2.467409999999999881e-01 -9.996732671000797543e-01 -2.556088898009381896e-02 0.000000000000000000e+00 -8.106040000000000134e+00 0.000000000000000000e+00 0.000000000000000000e+00 1.000000000000000000e+00 0.000000000000000000e+00
-3.020907657550200159e-02 9.995436016965220105e-01 0.000000000000000000e+00 -2.533030000000000004e-01 -9.995436016965220105e-01 -3.020907657550200159e-02 0.000000000000000000e+00 -8.338089999999999336e+00 0.000000000000000000e+00 0.000000000000000000e+00 1.000000000000000000e+00 0.000000000000000000e+00
-2.708036223304261317e-02 9.996332597414550047e-01 0.000000000000000000e+00 -2.629920000000000035e-01 -9.996332597414550047e-01 -2.708036223304261317e-02 0.000000000000000000e+00 -8.559329999999999217e+00 0.000000000000000000e+00 0.000000000000000000e+00 1.000000000000000000e+00 0.000000000000000000e+00
-1.140342604394874344e-02 9.999349788233533598e-01 0.000000000000000000e+00 -2.711390000000000189e-01 -9.999349788233533598e-01 -1.140342604394874344e-02 0.000000000000000000e+00 -8.778650000000000730e+00 0.000000000000000000e+00 0.000000000000000000e+00 1.000000000000000000e+00 0.000000000000000000e+00
-1.806269086953933567e-02 9.998368562913408919e-01 0.000000000000000000e+00 -2.809420000000000250e-01 -9.998368562913408919e-01 -1.806269086953933567e-02 0.000000000000000000e+00 -9.007080000000000197e+00 0.000000000000000000e+00 0.000000000000000000e+00 1.000000000000000000e+00 0.000000000000000000e+00
-2.842984204680512605e-02 9.995957903478753792e-01 0.000000000000000000e+00 -2.900929999999999898e-01 -9.995957903478753792e-01 -2.842984204680512605e-02 0.000000000000000000e+00 -9.224109999999999587e+00 0.000000000000000000e+00 0.000000000000000000e+00 1.000000000000000000e+00 0.000000000000000000e+00
-2.715033649482049422e-02 9.996313616669987301e-01 0.000000000000000000e+00 -2.975189999999999779e-01 -9.996313616669987301e-01 -2.715033649482049422e-02 0.000000000000000000e+00 -9.436890000000000001e+00 0.000000000000000000e+00 0.000000000000000000e+00 1.000000000000000000e+00 0.000000000000000000e+00
-4.535848444169094940e-01 8.912130996093403645e-01 0.000000000000000000e+00 -3.508859999999999757e-01 -8.912130996093403645e-01 -4.535848444169094940e-01 0.000000000000000000e+00 -9.624259999999999593e+00 0.000000000000000000e+00 0.000000000000000000e+00 1.000000000000000000e+00 0.000000000000000000e+00
-8.462802084626376287e-01 5.327380301465577395e-01 0.000000000000000000e+00 -3.764259999999999828e-01 -5.327380301465577395e-01 -8.462802084626376287e-01 0.000000000000000000e+00 -9.604689999999999728e+00 0.000000000000000000e+00 0.000000000000000000e+00 1.000000000000000000e+00 0.000000000000000000e+00
-9.992119531736873839e-01 -3.969222385839217548e-02 0.000000000000000000e+00 -3.796519999999999895e-01 3.969222385839217548e-02 -9.992119531736873839e-01 0.000000000000000000e+00 -9.562269999999999825e+00 0.000000000000000000e+00 0.000000000000000000e+00 1.000000000000000000e+00 0.000000000000000000e+00
-8.093788444132784532e-01 -5.872868857860065184e-01 0.000000000000000000e+00 -3.697619999999999796e-01 5.872868857860065184e-01 -8.093788444132784532e-01 0.000000000000000000e+00 -9.527699999999999392e+00 0.000000000000000000e+00 0.000000000000000000e+00 1.000000000000000000e+00 0.000000000000000000e+00
-3.526800735109998364e-01 -9.357439637787015041e-01 0.000000000000000000e+00 -3.436339999999999950e-01 9.357439637787015041e-01 -3.526800735109998364e-01 0.000000000000000000e+00 -9.505129999999999413e+00 0.000000000000000000e+00 0.000000000000000000e+00 1.000000000000000000e+00 0.000000000000000000e+00
1.712283789731221251e-01 -9.852313648246471267e-01 0.000000000000000000e+00 -3.134040000000000159e-01 9.852313648246471267e-01 1.712283789731221251e-01 0.000000000000000000e+00 -9.501319999999999766e+00 0.000000000000000000e+00 0.000000000000000000e+00 1.000000000000000000e+00 0.000000000000000000e+00
3.265052279237443816e-02 -9.994668295453253970e-01 0.000000000000000000e+00 -3.078730000000000078e-01 9.994668295453253970e-01 3.265052279237443816e-02 0.000000000000000000e+00 -9.246299999999999741e+00 0.000000000000000000e+00 0.000000000000000000e+00 1.000000000000000000e+00 0.000000000000000000e+00
1.676804441622100628e-01 -9.858414013651303209e-01 0.000000000000000000e+00 -2.796170000000000044e-01 9.858414013651303209e-01 1.676804441622100628e-01 0.000000000000000000e+00 -9.021129999999999427e+00 0.000000000000000000e+00 0.000000000000000000e+00 1.000000000000000000e+00 0.000000000000000000e+00
2.601488202640908076e-01 -9.655685326869355434e-01 0.000000000000000000e+00 -2.215040000000000064e-01 9.655685326869355434e-01 2.601488202640908076e-01 0.000000000000000000e+00 -8.784000000000000696e+00 0.000000000000000000e+00 0.000000000000000000e+00 1.000000000000000000e+00 0.000000000000000000e+00
2.664098373221763238e-01 -9.638598438455517892e-01 0.000000000000000000e+00 -1.591529999999999889e-01 9.638598438455517892e-01 2.664098373221763238e-01 0.000000000000000000e+00 -8.557940000000000325e+00 0.000000000000000000e+00 0.000000000000000000e+00 1.000000000000000000e+00 0.000000000000000000e+00
-7.579092448209374944e-02 -9.971237314226101267e-01 0.000000000000000000e+00 -1.578759999999999886e-01 9.971237314226101267e-01 -7.579092448209374944e-02 0.000000000000000000e+00 -8.302060000000000883e+00 0.000000000000000000e+00 0.000000000000000000e+00 1.000000000000000000e+00 0.000000000000000000e+00
-1.444070082988457571e-01 -9.895183757536678559e-01 0.000000000000000000e+00 -1.966529999999999945e-01 9.895183757536678559e-01 -1.444070082988457571e-01 0.000000000000000000e+00 -8.078490000000000393e+00 0.000000000000000000e+00 0.000000000000000000e+00 1.000000000000000000e+00 0.000000000000000000e+00
-5.487609363483388070e-02 -9.984931719082413837e-01 0.000000000000000000e+00 -2.215600000000000069e-01 9.984931719082413837e-01 -5.487609363483388070e-02 0.000000000000000000e+00 -7.842859999999999943e+00 0.000000000000000000e+00 0.000000000000000000e+00 1.000000000000000000e+00 0.000000000000000000e+00
6.755483814305977830e-02 -9.977155625946029227e-01 0.000000000000000000e+00 -2.157689999999999886e-01 9.977155625946029227e-01 6.755483814305977830e-02 0.000000000000000000e+00 -7.613290000000000113e+00 0.000000000000000000e+00 0.000000000000000000e+00 1.000000000000000000e+00 0.000000000000000000e+00
1.218229706775391524e-01 -9.925518443967042970e-01 0.000000000000000000e+00 -1.929520000000000124e-01 9.925518443967042970e-01 1.218229706775391524e-01 0.000000000000000000e+00 -7.375200000000000422e+00 0.000000000000000000e+00 0.000000000000000000e+00 1.000000000000000000e+00 0.000000000000000000e+00
1.393612361456876558e-01 -9.902416098407226253e-01 0.000000000000000000e+00 -1.659410000000000052e-01 9.902416098407226253e-01 1.393612361456876558e-01 0.000000000000000000e+00 -7.143360000000000376e+00 0.000000000000000000e+00 0.000000000000000000e+00 1.000000000000000000e+00 0.000000000000000000e+00
9.725236810132052712e-02 -9.952597534808113044e-01 0.000000000000000000e+00 -1.468059999999999921e-01 9.952597534808113044e-01 9.725236810132052712e-02 0.000000000000000000e+00 -6.915540000000000020e+00 0.000000000000000000e+00 0.000000000000000000e+00 1.000000000000000000e+00 0.000000000000000000e+00
2.510368934271317576e-02 -9.996848527317919730e-01 0.000000000000000000e+00 -1.447940000000000060e-01 9.996848527317919730e-01 2.510368934271317576e-02 0.000000000000000000e+00 -6.701699999999999768e+00 0.000000000000000000e+00 0.000000000000000000e+00 1.000000000000000000e+00 0.000000000000000000e+00
-8.506076395608716534e-02 -9.963757656804017593e-01 0.000000000000000000e+00 -1.663679999999999881e-01 9.963757656804017593e-01 -8.506076395608716534e-02 0.000000000000000000e+00 -6.489200000000000301e+00 0.000000000000000000e+00 0.000000000000000000e+00 1.000000000000000000e+00 0.000000000000000000e+00
-1.088177633214528345e-01 -9.940617155819432282e-01 0.000000000000000000e+00 -1.988739999999999952e-01 9.940617155819432282e-01 -1.088177633214528345e-01 0.000000000000000000e+00 -6.266280000000000072e+00 0.000000000000000000e+00 0.000000000000000000e+00 1.000000000000000000e+00 0.000000000000000000e+00
-8.518032843524425690e-02 -9.963655512148460458e-01 0.000000000000000000e+00 -2.250729999999999953e-01 9.963655512148460458e-01 -8.518032843524425690e-02 0.000000000000000000e+00 -6.045270000000000366e+00 0.000000000000000000e+00 0.000000000000000000e+00 1.000000000000000000e+00 0.000000000000000000e+00
-7.610002919213001982e-02 -9.971001883246021213e-01 0.000000000000000000e+00 -2.493489999999999873e-01 9.971001883246021213e-01 -7.610002919213001982e-02 0.000000000000000000e+00 -5.816539999999999822e+00 0.000000000000000000e+00 0.000000000000000000e+00 1.000000000000000000e+00 0.000000000000000000e+00
-2.560087589031848770e-02 -9.996722438647821507e-01 0.000000000000000000e+00 -2.643710000000000226e-01 9.996722438647821507e-01 -2.560087589031848770e-02 0.000000000000000000e+00 -5.585950000000000415e+00 0.000000000000000000e+00 0.000000000000000000e+00 1.000000000000000000e+00 0.000000000000000000e+00
2.414398046372094597e-02 -9.997084916151145473e-01 0.000000000000000000e+00 -2.695339999999999958e-01 9.997084916151145473e-01 2.414398046372094597e-02 0.000000000000000000e+00 -5.355019999999999669e+00 0.000000000000000000e+00 0.000000000000000000e+00 1.000000000000000000e+00 0.000000000000000000e+00
9.403717737565482626e-02 -9.955686863653454566e-01 0.000000000000000000e+00 -2.604520000000000168e-01 9.955686863653454566e-01 9.403717737565482626e-02 0.000000000000000000e+00 -5.121870000000000367e+00 0.000000000000000000e+00 0.000000000000000000e+00 1.000000000000000000e+00 0.000000000000000000e+00
1.605386200871660729e-01 -9.870295595677510692e-01 0.000000000000000000e+00 -2.342599999999999960e-01 9.870295595677510692e-01 1.605386200871660729e-01 0.000000000000000000e+00 -4.881020000000000358e+00 0.000000000000000000e+00 0.000000000000000000e+00 1.000000000000000000e+00 0.000000000000000000e+00
1.965777383583924010e-01 -9.804882420416368705e-01 0.000000000000000000e+00 -1.968600000000000072e-01 9.804882420416368705e-01 1.965777383583924010e-01 0.000000000000000000e+00 -4.643349999999999866e+00 0.000000000000000000e+00 0.000000000000000000e+00 1.000000000000000000e+00 0.000000000000000000e+00
2.106367978602846081e-01 -9.775643914275752300e-01 0.000000000000000000e+00 -1.555680000000000118e-01 9.775643914275752300e-01 2.106367978602846081e-01 0.000000000000000000e+00 -4.413199999999999790e+00 0.000000000000000000e+00 0.000000000000000000e+00 1.000000000000000000e+00 0.000000000000000000e+00
1.855252123688337640e-01 -9.826395043837282683e-01 0.000000000000000000e+00 -1.215949999999999948e-01 9.826395043837282683e-01 1.855252123688337640e-01 0.000000000000000000e+00 -4.194469999999999921e+00 0.000000000000000000e+00 0.000000000000000000e+00 1.000000000000000000e+00 0.000000000000000000e+00
1.003670496577543231e-01 -9.949504788395239219e-01 0.000000000000000000e+00 -1.055299999999999988e-01 9.949504788395239219e-01 1.003670496577543231e-01 0.000000000000000000e+00 -3.980309999999999793e+00 0.000000000000000000e+00 0.000000000000000000e+00 1.000000000000000000e+00 0.000000000000000000e+00
1.871523408971744948e-02 -9.998248546685399862e-01 0.000000000000000000e+00 -1.083199999999999996e-01 9.998248546685399862e-01 1.871523408971744948e-02 0.000000000000000000e+00 -3.769579999999999931e+00 0.000000000000000000e+00 0.000000000000000000e+00 1.000000000000000000e+00 0.000000000000000000e+00
3.068151105503286527e-02 -9.995292116188400078e-01 0.000000000000000000e+00 -1.116339999999999971e-01 9.995292116188400078e-01 3.068151105503286527e-02 0.000000000000000000e+00 -3.547730000000000050e+00 0.000000000000000000e+00 0.000000000000000000e+00 1.000000000000000000e+00 0.000000000000000000e+00
8.391752006178315737e-02 -9.964727040048213524e-01 0.000000000000000000e+00 -1.025729999999999975e-01 9.964727040048213524e-01 8.391752006178315737e-02 0.000000000000000000e+00 -3.326319999999999943e+00 0.000000000000000000e+00 0.000000000000000000e+00 1.000000000000000000e+00 0.000000000000000000e+00
1.213961621350674175e-01 -9.926041365110647163e-01 0.000000000000000000e+00 -8.443539999999999379e-02 9.926041365110647163e-01 1.213961621350674175e-01 0.000000000000000000e+00 -3.103359999999999896e+00 0.000000000000000000e+00 0.000000000000000000e+00 1.000000000000000000e+00 0.000000000000000000e+00
1.303939649290136171e-01 -9.914622604567917552e-01 0.000000000000000000e+00 -6.339799999999999602e-02 9.914622604567917552e-01 1.303939649290136171e-01 0.000000000000000000e+00 -2.882309999999999928e+00 0.000000000000000000e+00 0.000000000000000000e+00 1.000000000000000000e+00 0.000000000000000000e+00
1.123287527027834048e-01 -9.936710981588611213e-01 0.000000000000000000e+00 -4.626969999999999694e-02 9.936710981588611213e-01 1.123287527027834048e-01 0.000000000000000000e+00 -2.660089999999999844e+00 0.000000000000000000e+00 0.000000000000000000e+00 1.000000000000000000e+00 0.000000000000000000e+00
9.400731027275163743e-02 -9.955715070326603966e-01 0.000000000000000000e+00 -3.334340000000000220e-02 9.955715070326603966e-01 9.400731027275163743e-02 0.000000000000000000e+00 -2.441920000000000091e+00 0.000000000000000000e+00 0.000000000000000000e+00 1.000000000000000000e+00 0.000000000000000000e+00
9.455486035540797141e-02 -9.955196524344305242e-01 0.000000000000000000e+00 -2.139970000000000067e-02 9.955196524344305242e-01 9.455486035540797141e-02 0.000000000000000000e+00 -2.226539999999999964e+00 0.000000000000000000e+00 0.000000000000000000e+00 1.000000000000000000e+00 0.000000000000000000e+00
6.645731037485944070e-02 -9.977892692837198041e-01 0.000000000000000000e+00 -1.789369999999999850e-02 9.977892692837198041e-01 6.645731037485944070e-02 0.000000000000000000e+00 -2.020239999999999814e+00 0.000000000000000000e+00 0.000000000000000000e+00 1.000000000000000000e+00 0.000000000000000000e+00
5.606691078988472465e-02 -9.984270136141545349e-01 0.000000000000000000e+00 -1.873460000000000056e-02 9.984270136141545349e-01 5.606691078988472465e-02 0.000000000000000000e+00 -1.796210000000000084e+00 0.000000000000000000e+00 0.000000000000000000e+00 1.000000000000000000e+00 0.000000000000000000e+00
7.914347135786395371e-02 -9.968632358259718051e-01 0.000000000000000000e+00 -1.373420000000000023e-02 9.968632358259718051e-01 7.914347135786395371e-02 0.000000000000000000e+00 -1.577609999999999957e+00 0.000000000000000000e+00 0.000000000000000000e+00 1.000000000000000000e+00 0.000000000000000000e+00
1.041272364701138764e-01 -9.945639841785429702e-01 0.000000000000000000e+00 -4.394200000000000016e-03 9.945639841785429702e-01 1.041272364701138764e-01 0.000000000000000000e+00 -1.359110000000000040e+00 0.000000000000000000e+00 0.000000000000000000e+00 1.000000000000000000e+00 0.000000000000000000e+00
1.164018486692661170e-01 -9.932021997691996562e-01 0.000000000000000000e+00 8.486910000000000287e-03 9.932021997691996562e-01 1.164018486692661170e-01 0.000000000000000000e+00 -1.138490000000000002e+00 0.000000000000000000e+00 0.000000000000000000e+00 1.000000000000000000e+00 0.000000000000000000e+00
1.153688556175948010e-01 -9.933227205462917819e-01 0.000000000000000000e+00 2.250409999999999910e-02 9.933227205462917819e-01 1.153688556175948010e-01 0.000000000000000000e+00 -9.212099999999999733e-01 0.000000000000000000e+00 0.000000000000000000e+00 1.000000000000000000e+00 0.000000000000000000e+00
1.000387105407105764e-01 -9.949835457902567182e-01 0.000000000000000000e+00 3.506259999999999932e-02 9.949835457902567182e-01 1.000387105407105764e-01 0.000000000000000000e+00 -7.006829999999999448e-01 0.000000000000000000e+00 0.000000000000000000e+00 1.000000000000000000e+00 0.000000000000000000e+00
2.283434199753832730e-02 -9.997392624207270817e-01 0.000000000000000000e+00 3.017840000000000106e-02 9.997392624207270817e-01 2.283434199753832730e-02 0.000000000000000000e+00 -4.853290000000000104e-01 0.000000000000000000e+00 0.000000000000000000e+00 1.000000000000000000e+00 0.000000000000000000e+00
-6.116255785384457910e-01 -7.911473640716446543e-01 0.000000000000000000e+00 -3.749399999999999955e-02 7.911473640716446543e-01 -6.116255785384457910e-01 0.000000000000000000e+00 -4.126569999999999960e-01 0.000000000000000000e+00 0.000000000000000000e+00 1.000000000000000000e+00 0.000000000000000000e+00
-9.134178466351221548e-01 -4.070231411706912716e-01 0.000000000000000000e+00 -1.146879999999999983e-01 4.070231411706912716e-01 -9.134178466351221548e-01 0.000000000000000000e+00 -4.034730000000000261e-01 0.000000000000000000e+00 0.000000000000000000e+00 1.000000000000000000e+00 0.000000000000000000e+00
-9.301913094109716118e-01 -3.670750984421335406e-01 0.000000000000000000e+00 -3.827590000000000159e-01 3.670750984421335406e-01 -9.301913094109716118e-01 0.000000000000000000e+00 -3.095410000000000106e-01 0.000000000000000000e+00 0.000000000000000000e+00 1.000000000000000000e+00 0.000000000000000000e+00
-9.454827262116410891e-01 -3.256722500235518236e-01 0.000000000000000000e+00 -6.018989999999999618e-01 3.256722500235518236e-01 -9.454827262116410891e-01 0.000000000000000000e+00 -2.393440000000000012e-01 0.000000000000000000e+00 0.000000000000000000e+00 1.000000000000000000e+00 0.000000000000000000e+00
-9.551463747382961111e-01 -2.961340960178182047e-01 0.000000000000000000e+00 -8.216940000000000355e-01 2.961340960178182047e-01 -9.551463747382961111e-01 0.000000000000000000e+00 -1.749799999999999967e-01 0.000000000000000000e+00 0.000000000000000000e+00 1.000000000000000000e+00 0.000000000000000000e+00
-9.775988539332937100e-01 -2.104767939424930234e-01 0.000000000000000000e+00 -1.045439999999999925e+00 2.104767939424930234e-01 -9.775988539332937100e-01 0.000000000000000000e+00 -1.275660000000000127e-01 0.000000000000000000e+00 0.000000000000000000e+00 1.000000000000000000e+00 0.000000000000000000e+00
-9.967194600304829510e-01 -8.093403484654985991e-02 0.000000000000000000e+00 -1.257519999999999971e+00 8.093403484654985991e-02 -9.967194600304829510e-01 0.000000000000000000e+00 -1.095750000000000057e-01 0.000000000000000000e+00 0.000000000000000000e+00 1.000000000000000000e+00 0.000000000000000000e+00
-9.999571945061621614e-01 -9.252521567947620887e-03 0.000000000000000000e+00 -1.475049999999999972e+00 9.252521567947620887e-03 -9.999571945061621614e-01 0.000000000000000000e+00 -1.098149999999999959e-01 0.000000000000000000e+00 0.000000000000000000e+00 1.000000000000000000e+00 0.000000000000000000e+00
-9.993843160201819620e-01 -3.508545129926481793e-02 0.000000000000000000e+00 -1.701810000000000045e+00 3.508545129926481793e-02 -9.993843160201819620e-01 0.000000000000000000e+00 -1.082999999999999935e-01 0.000000000000000000e+00 0.000000000000000000e+00 1.000000000000000000e+00 0.000000000000000000e+00
-9.986036236031643476e-01 -5.282805056624500367e-02 0.000000000000000000e+00 -1.895920000000000050e+00 5.282805056624500367e-02 -9.986036236031643476e-01 0.000000000000000000e+00 -9.876100000000000156e-02 0.000000000000000000e+00 0.000000000000000000e+00 1.000000000000000000e+00 0.000000000000000000e+00
-9.998080701024837369e-01 -1.959140010175551561e-02 0.000000000000000000e+00 -2.090899999999999981e+00 1.959140010175551561e-02 -9.998080701024837369e-01 0.000000000000000000e+00 -9.535680000000000545e-02 0.000000000000000000e+00 0.000000000000000000e+00 1.000000000000000000e+00 0.000000000000000000e+00
-7.433426095849156034e-01 6.689108795463620805e-01 0.000000000000000000e+00 -2.158700000000000063e+00 -6.689108795463620805e-01 -7.433426095849156034e-01 0.000000000000000000e+00 -1.536349999999999938e-01 0.000000000000000000e+00 0.000000000000000000e+00 1.000000000000000000e+00 0.000000000000000000e+00
-3.099245492975000182e-01 9.507611549399467288e-01 0.000000000000000000e+00 -2.206920000000000215e+00 -9.507611549399467288e-01 -3.099245492975000182e-01 0.000000000000000000e+00 -3.315359999999999974e-01 0.000000000000000000e+00 0.000000000000000000e+00 1.000000000000000000e+00 0.000000000000000000e+00
-2.513489280998069120e-01 9.678965421691918536e-01 0.000000000000000000e+00 -2.260289999999999910e+00 -9.678965421691918536e-01 -2.513489280998069120e-01 0.000000000000000000e+00 -5.334900000000000198e-01 0.000000000000000000e+00 0.000000000000000000e+00 1.000000000000000000e+00 0.000000000000000000e+00
-1.891767335363172264e-01 9.819430551149741504e-01 0.000000000000000000e+00 -2.300559999999999938e+00 -9.819430551149741504e-01 -1.891767335363172264e-01 0.000000000000000000e+00 -7.395899999999999697e-01 0.000000000000000000e+00 0.000000000000000000e+00 1.000000000000000000e+00 0.000000000000000000e+00
1.655802231905379174e-01 9.861963241100484279e-01 0.000000000000000000e+00 -2.287399999999999878e+00 -9.861963241100484279e-01 1.655802231905379174e-01 0.000000000000000000e+00 -9.590870000000000228e-01 0.000000000000000000e+00 0.000000000000000000e+00 1.000000000000000000e+00 0.000000000000000000e+00
2.693483661502397708e-01 9.630428119518863461e-01 0.000000000000000000e+00 -2.226399999999999935e+00 -9.630428119518863461e-01 2.693483661502397708e-01 0.000000000000000000e+00 -1.163869999999999960e+00 0.000000000000000000e+00 0.000000000000000000e+00 1.000000000000000000e+00 0.000000000000000000e+00
1.969797220040081231e-01 9.804075627611323895e-01 0.000000000000000000e+00 -2.174150000000000027e+00 -9.804075627611323895e-01 1.969797220040081231e-01 0.000000000000000000e+00 -1.377310000000000034e+00 0.000000000000000000e+00 0.000000000000000000e+00 1.000000000000000000e+00 0.000000000000000000e+00
-2.507104603023177503e-02 9.996856719244054945e-01 0.000000000000000000e+00 -2.162830000000000030e+00 -9.996856719244054945e-01 -2.507104603023177503e-02 0.000000000000000000e+00 -1.636540000000000106e+00 0.000000000000000000e+00 0.000000000000000000e+00 1.000000000000000000e+00 0.000000000000000000e+00
-8.607702281224841045e-02 9.962884854015826575e-01 0.000000000000000000e+00 -2.177989999999999871e+00 -9.962884854015826575e-01 -8.607702281224841045e-02 0.000000000000000000e+00 -1.856489999999999974e+00 0.000000000000000000e+00 0.000000000000000000e+00 1.000000000000000000e+00 0.000000000000000000e+00
3.764174937162443335e-01 9.264501445973124527e-01 0.000000000000000000e+00 -2.120929999999999982e+00 -9.264501445973124527e-01 3.764174937162443335e-01 0.000000000000000000e+00 -2.085059999999999913e+00 0.000000000000000000e+00 0.000000000000000000e+00 1.000000000000000000e+00 0.000000000000000000e+00
-3.206954943039838635e-01 9.471823477731853291e-01 0.000000000000000000e+00 -2.100800000000000001e+00 -9.471823477731853291e-01 -3.206954943039838635e-01 0.000000000000000000e+00 -2.254189999999999916e+00 0.000000000000000000e+00 0.000000000000000000e+00 1.000000000000000000e+00 0.000000000000000000e+00
-1.647590059765388915e-01 9.863338531905020412e-01 0.000000000000000000e+00 -2.117789999999999839e+00 -9.863338531905020412e-01 -1.647590059765388915e-01 0.000000000000000000e+00 -2.499709999999999877e+00 0.000000000000000000e+00 0.000000000000000000e+00 1.000000000000000000e+00 0.000000000000000000e+00
-2.409588337259531143e-01 9.705353370431333282e-01 0.000000000000000000e+00 -2.169290000000000163e+00 -9.705353370431333282e-01 -2.409588337259531143e-01 0.000000000000000000e+00 -2.726049999999999862e+00 0.000000000000000000e+00 0.000000000000000000e+00 1.000000000000000000e+00 0.000000000000000000e+00
-2.661855846613961352e-01 9.639217989642472340e-01 0.000000000000000000e+00 -2.228549999999999809e+00 -9.639217989642472340e-01 -2.661855846613961352e-01 0.000000000000000000e+00 -2.949409999999999865e+00 0.000000000000000000e+00 0.000000000000000000e+00 1.000000000000000000e+00 0.000000000000000000e+00
-1.676975449463287693e-01 9.858384925630435669e-01 0.000000000000000000e+00 -2.273070000000000146e+00 -9.858384925630435669e-01 -1.676975449463287693e-01 0.000000000000000000e+00 -3.184229999999999894e+00 0.000000000000000000e+00 0.000000000000000000e+00 1.000000000000000000e+00 0.000000000000000000e+00
-6.666419696792165450e-02 9.977754681503360201e-01 0.000000000000000000e+00 -2.289140000000000175e+00 -9.977754681503360201e-01 -6.666419696792165450e-02 0.000000000000000000e+00 -3.393429999999999946e+00 0.000000000000000000e+00 0.000000000000000000e+00 1.000000000000000000e+00 0.000000000000000000e+00
4.389222130399261790e-02 9.990362720687379072e-01 0.000000000000000000e+00 -2.280429999999999957e+00 -9.990362720687379072e-01 4.389222130399261790e-02 0.000000000000000000e+00 -3.591730000000000089e+00 0.000000000000000000e+00 0.000000000000000000e+00 1.000000000000000000e+00 0.000000000000000000e+00
4.003562388210751832e-02 9.991982530110681271e-01 0.000000000000000000e+00 -2.264850000000000030e+00 -9.991982530110681271e-01 4.003562388210751832e-02 0.000000000000000000e+00 -3.808199999999999807e+00 0.000000000000000000e+00 0.000000000000000000e+00 1.000000000000000000e+00 0.000000000000000000e+00
-2.655055282674666922e-02 9.996474719342784976e-01 0.000000000000000000e+00 -2.263049999999999784e+00 -9.996474719342784976e-01 -2.655055282674666922e-02 0.000000000000000000e+00 -4.033500000000000085e+00 0.000000000000000000e+00 0.000000000000000000e+00 1.000000000000000000e+00 0.000000000000000000e+00
-4.299041986780813285e-02 9.990754845353726488e-01 0.000000000000000000e+00 -2.265909999999999869e+00 -9.990754845353726488e-01 -4.299041986780813285e-02 0.000000000000000000e+00 -4.259759999999999991e+00 0.000000000000000000e+00 0.000000000000000000e+00 1.000000000000000000e+00 0.000000000000000000e+00
-4.432914201964591877e-02 9.990169804201538550e-01 0.000000000000000000e+00 -2.271180000000000199e+00 -9.990169804201538550e-01 -4.432914201964591877e-02 0.000000000000000000e+00 -4.480730000000000324e+00 0.000000000000000000e+00 0.000000000000000000e+00 1.000000000000000000e+00 0.000000000000000000e+00
-1.544305930828865879e-02 9.998807488491818773e-01 0.000000000000000000e+00 -2.270779999999999799e+00 -9.998807488491818773e-01 -1.544305930828865879e-02 0.000000000000000000e+00 -4.698210000000000441e+00 0.000000000000000000e+00 0.000000000000000000e+00 1.000000000000000000e+00 0.000000000000000000e+00
-3.223667621667228918e-03 9.999948039700331526e-01 0.000000000000000000e+00 -2.268120000000000136e+00 -9.999948039700331526e-01 -3.223667621667228918e-03 0.000000000000000000e+00 -4.913260000000000183e+00 0.000000000000000000e+00 0.000000000000000000e+00 1.000000000000000000e+00 0.000000000000000000e+00
-7.323607736291959901e-03 9.999731820252605319e-01 0.000000000000000000e+00 -2.267059999999999853e+00 -9.999731820252605319e-01 -7.323607736291959901e-03 0.000000000000000000e+00 -5.135539999999999772e+00 0.000000000000000000e+00 0.000000000000000000e+00 1.000000000000000000e+00 0.000000000000000000e+00
-2.766014493626913970e-02 9.996173849939308242e-01 0.000000000000000000e+00 -2.268670000000000186e+00 -9.996173849939308242e-01 -2.766014493626913970e-02 0.000000000000000000e+00 -5.359180000000000277e+00 0.000000000000000000e+00 0.000000000000000000e+00 1.000000000000000000e+00 0.000000000000000000e+00
-1.818267116195508917e-02 9.998346815696164125e-01 0.000000000000000000e+00 -2.267409999999999926e+00 -9.998346815696164125e-01 -1.818267116195508917e-02 0.000000000000000000e+00 -5.580059999999999576e+00 0.000000000000000000e+00 0.000000000000000000e+00 1.000000000000000000e+00 0.000000000000000000e+00
