-3.504649488752759751e-02 9.993856829053028301e-01 0.000000000000000000e+00 4.143720000000000042e-02 -9.993856829053028301e-01 -3.504649488752759751e-02 0.000000000000000000e+00 9.082650000000000445e-02 0.000000000000000000e+00 0.000000000000000000e+00 1.000000000000000000e+00 0.000000000000000000e+00
-3.507647644223930994e-02 9.993846310607328309e-01 0.000000000000000000e+00 4.143730000000000330e-02 -9.993846310607328309e-01 -3.507647644223930994e-02 0.000000000000000000e+00 9.082659999999999345e-02 0.000000000000000000e+00 0.000000000000000000e+00 1.000000000000000000e+00 0.000000000000000000e+00
-2.859977291953454820e-02 9.995909428305915778e-01 0.000000000000000000e+00 4.395650000000000251e-02 -9.995909428305915778e-01 -2.859977291953454820e-02 0.000000000000000000e+00 9.468310000000000615e-02 0.000000000000000000e+00 0.000000000000000000e+00 1.000000000000000000e+00 0.000000000000000000e+00
-2.225183648442963930e-02 9.997523972329699360e-01 0.000000000000000000e+00 4.647579999999999767e-02 -9.997523972329699360e-01 -2.225183648442963930e-02 0.000000000000000000e+00 9.853950000000000209e-02 0.000000000000000000e+00 0.000000000000000000e+00 1.000000000000000000e+00 0.000000000000000000e+00
-1.571302654429831275e-02 9.998765427775662129e-01 0.000000000000000000e+00 4.899499999999999689e-02 -9.998765427775662129e-01 -1.571302654429831275e-02 0.000000000000000000e+00 1.023960000000000009e-01 0.000000000000000000e+00 0.000000000000000000e+00 1.000000000000000000e+00 0.000000000000000000e+00
-2.516101763904592115e-02 9.996834114815388306e-01 0.000000000000000000e+00 4.286029999999999701e-02 -9.996834114815388306e-01 -2.516101763904592115e-02 0.000000000000000000e+00 -1.314929999999999988e-01 0.000000000000000000e+00 0.000000000000000000e+00 1.000000000000000000e+00 0.000000000000000000e+00
-5.058207889811173336e-02 9.987199073285488726e-01 0.000000000000000000e+00 3.453540000000000082e-02 -9.987199073285488726e-01 -5.058207889811173336e-02 0.000000000000000000e+00 -3.543220000000000258e-01 0.000000000000000000e+00 0.000000000000000000e+00 1.000000000000000000e+00 0.000000000000000000e+00
-9.202329581235837996e-02 9.957568543715032972e-01 0.000000000000000000e+00 1.593469999999999956e-02 -9.957568543715032972e-01 -9.202329581235837996e-02 0.000000000000000000e+00 -5.705259999999999776e-01 0.000000000000000000e+00 0.000000000000000000e+00 1.000000000000000000e+00 0.000000000000000000e+00
-1.338011871353060045e-01 9.910081948809418284e-01 0.000000000000000000e+00 -1.373309999999999982e-02 -9.910081948809418284e-01 -1.338011871353060045e-01 0.000000000000000000e+00 -8.000770000000000381e-01 0.000000000000000000e+00 0.000000000000000000e+00 1.000000000000000000e+00 0.000000000000000000e+00
-1.464154316786839272e-01 9.892231908757217473e-01 0.000000000000000000e+00 -4.627230000000000232e-02 -9.892231908757217473e-01 -1.464154316786839272e-01 0.000000000000000000e+00 -1.018890000000000073e+00 0.000000000000000000e+00 0.000000000000000000e+00 1.000000000000000000e+00 0.000000000000000000e+00
-1.111435676919757948e-01 9.938043607072265528e-01 0.000000000000000000e+00 -7.107499999999999929e-02 -9.938043607072265528e-01 -1.111435676919757948e-01 0.000000000000000000e+00 -1.236420000000000075e+00 0.000000000000000000e+00 0.000000000000000000e+00 1.000000000000000000e+00 0.000000000000000000e+00
-1.674289086628620582e-02 9.998598279786220511e-01 0.000000000000000000e+00 -7.683329999999999327e-02 -9.998598279786220511e-01 -1.674289086628620582e-02 0.000000000000000000e+00 -1.445659999999999945e+00 0.000000000000000000e+00 0.000000000000000000e+00 1.000000000000000000e+00 0.000000000000000000e+00
-4.383961839711544156e-02 9.990385817668882007e-01 0.000000000000000000e+00 -8.099339999999999318e-02 -9.990385817668882007e-01 -4.383961839711544156e-02 0.000000000000000000e+00 -1.659529999999999950e+00 0.000000000000000000e+00 0.000000000000000000e+00 1.000000000000000000e+00 0.000000000000000000e+00
-7.355717904736418233e-02 9.972910013685042374e-01 0.000000000000000000e+00 -9.478019999999999501e-02 -9.972910013685042374e-01 -7.355717904736418233e-02 0.000000000000000000e+00 -1.883639999999999981e+00 0.000000000000000000e+00 0.000000000000000000e+00 1.000000000000000000e+00 0.000000000000000000e+00
-8.767097353019244477e-02 9.961494869748557246e-01 0.000000000000000000e+00 -1.121690000000000048e-01 -9.961494869748557246e-01 -8.767097353019244477e-02 0.000000000000000000e+00 -2.099470000000000169e+00 0.000000000000000000e+00 0.000000000000000000e+00 1.000000000000000000e+00 0.000000000000000000e+00
-7.146270729028846025e-02 9.974432723051184224e-01 0.000000000000000000e+00 -1.264800000000000091e-01 -9.974432723051184224e-01 -7.146270729028846025e-02 0.000000000000000000e+00 -2.315280000000000005e+00 0.000000000000000000e+00 0.000000000000000000e+00 1.000000000000000000e+00 0.000000000000000000e+00
-2.477113920495601154e-02 9.996931482522467549e-01 0.000000000000000000e+00 -1.324089999999999989e-01 -9.996931482522467549e-01 -2.477113920495601154e-02 0.000000000000000000e+00 -2.526800000000000157e+00 0.000000000000000000e+00 0.000000000000000000e+00 1.000000000000000000e+00 0.000000000000000000e+00
-2.494108668139735294e-02 9.996889227130363320e-01 0.000000000000000000e+00 -1.368469999999999964e-01 -9.996889227130363320e-01 -2.494108668139735294e-02 0.000000000000000000e+00 -2.746010000000000062e+00 0.000000000000000000e+00 0.000000000000000000e+00 1.000000000000000000e+00 0.000000000000000000e+00
-4.154171572919528738e-02 9.991367703444182791e-01 0.000000000000000000e+00 -1.438409999999999966e-01 -9.991367703444182791e-01 -4.154171572919528738e-02 0.000000000000000000e+00 -2.962309999999999999e+00 0.000000000000000000e+00 0.000000000000000000e+00 1.000000000000000000e+00 0.000000000000000000e+00
-4.295045681404522503e-02 9.990772033529065066e-01 0.000000000000000000e+00 -1.506109999999999949e-01 -9.990772033529065066e-01 -4.295045681404522503e-02 0.000000000000000000e+00 -3.186160000000000103e+00 0.000000000000000000e+00 0.000000000000000000e+00 1.000000000000000000e+00 0.000000000000000000e+00
-4.477869515733692851e-02 9.989969311564507182e-01 0.000000000000000000e+00 -1.561450000000000060e-01 -9.989969311564507182e-01 -4.477869515733692851e-02 0.000000000000000000e+00 -3.400349999999999984e+00 0.000000000000000000e+00 0.000000000000000000e+00 1.000000000000000000e+00 0.000000000000000000e+00
-4.669668555062716359e-02 9.989091147639939106e-01 0.000000000000000000e+00 -1.630449999999999955e-01 -9.989091147639939106e-01 -4.669668555062716359e-02 0.000000000000000000e+00 -3.619299999999999962e+00 0.000000000000000000e+00 0.000000000000000000e+00 1.000000000000000000e+00 0.000000000000000000e+00
-3.452680961755102973e-02 9.994037719648817264e-01 0.000000000000000000e+00 -1.687379999999999991e-01 -9.994037719648817264e-01 -3.452680961755102973e-02 0.000000000000000000e+00 -3.840689999999999937e+00 0.000000000000000000e+00 0.000000000000000000e+00 1.000000000000000000e+00 0.000000000000000000e+00
-2.250177388576433610e-02 9.997468030316445375e-01 0.000000000000000000e+00 -1.725399999999999989e-01 -9.997468030316445375e-01 -2.250177388576433610e-02 0.000000000000000000e+00 -4.057450000000000223e+00 0.000000000000000000e+00 0.000000000000000000e+00 1.000000000000000000e+00 0.000000000000000000e+00
-2.625065739488996117e-02 9.996553921158711775e-01 0.000000000000000000e+00 -1.760299999999999920e-01 -9.996553921158711775e-01 -2.625065739488996117e-02 0.000000000000000000e+00 -4.275900000000000034e+00 0.000000000000000000e+00 0.000000000000000000e+00 1.000000000000000000e+00 0.000000000000000000e+00
1.558569572885980595e-02 9.998785356675317093e-01 0.000000000000000000e+00 -1.700460000000000027e-01 -9.998785356675317093e-01 1.558569572885980595e-02 0.000000000000000000e+00 -4.487560000000000215e+00 0.000000000000000000e+00 0.000000000000000000e+00 1.000000000000000000e+00 0.000000000000000000e+00
1.043613734717185708e-02 9.999455420358005497e-01 0.000000000000000000e+00 -1.642180000000000029e-01 -9.999455420358005497e-01 1.043613734717185708e-02 0.000000000000000000e+00 -4.711700000000000443e+00 0.000000000000000000e+00 0.000000000000000000e+00 1.000000000000000000e+00 0.000000000000000000e+00
-2.484111766458724224e-02 9.996914118232556046e-01 0.000000000000000000e+00 -1.644829999999999903e-01 -9.996914118232556046e-01 -2.484111766458724224e-02 0.000000000000000000e+00 -4.930850000000000399e+00 0.000000000000000000e+00 0.000000000000000000e+00 1.000000000000000000e+00 0.000000000000000000e+00
-1.363672782454592022e-03 9.999990701978389573e-01 0.000000000000000000e+00 -1.625719999999999943e-01 -9.999990701978389573e-01 -1.363672782454592022e-03 0.000000000000000000e+00 -5.149359999999999715e+00 0.000000000000000000e+00 0.000000000000000000e+00 1.000000000000000000e+00 0.000000000000000000e+00
-2.399137109300681844e-02 9.997121656322272010e-01 0.000000000000000000e+00 -1.617389999999999939e-01 -9.997121656322272010e-01 -2.399137109300681844e-02 0.000000000000000000e+00 -5.360260000000000247e+00 0.000000000000000000e+00 0.000000000000000000e+00 1.000000000000000000e+00 0.000000000000000000e+00
-1.611297589370183983e-02 9.998701775769937017e-01 0.000000000000000000e+00 -1.610139999999999905e-01 -9.998701775769937017e-01 -1.611297589370183983e-02 0.000000000000000000e+00 -5.577320000000000277e+00 0.000000000000000000e+00 0.000000000000000000e+00 1.000000000000000000e+00 0.000000000000000000e+00
-2.335155043724767773e-02 9.997273153676339286e-01 0.000000000000000000e+00 -1.629190000000000083e-01 -9.997273153676339286e-01 -2.335155043724767773e-02 0.000000000000000000e+00 -5.790580000000000283e+00 0.000000000000000000e+00 0.000000000000000000e+00 1.000000000000000000e+00 0.000000000000000000e+00
-3.108866313451441252e-02 9.995166306893090713e-01 0.000000000000000000e+00 -1.656650000000000067e-01 -9.995166306893090713e-01 -3.108866313451441252e-02 0.000000000000000000e+00 -6.007109999999999950e+00 0.000000000000000000e+00 0.000000000000000000e+00 1.000000000000000000e+00 0.000000000000000000e+00
-3.955335261386198897e-02 9.992174599640477606e-01 0.000000000000000000e+00 -1.708860000000000101e-01 -9.992174599640477606e-01 -3.955335261386198897e-02 0.000000000000000000e+00 -6.218950000000000422e+00 0.000000000000000000e+00 0.000000000000000000e+00 1.000000000000000000e+00 0.000000000000000000e+00
-4.483863489256864621e-02 9.989942426365483463e-01 0.000000000000000000e+00 -1.814379999999999882e-01 -9.989942426365483463e-01 -4.483863489256864621e-02 0.000000000000000000e+00 -6.449939999999999785e+00 0.000000000000000000e+00 0.000000000000000000e+00 1.000000000000000000e+00 0.000000000000000000e+00
-4.945349334888075876e-02 9.987764274328826408e-01 0.000000000000000000e+00 -1.942089999999999927e-01 -9.987764274328826408e-01 -4.945349334888075876e-02 0.000000000000000000e+00 -6.685399999999999565e+00 0.000000000000000000e+00 0.000000000000000000e+00 1.000000000000000000e+00 0.000000000000000000e+00
-7.009614337052627597e-02 9.975402401329875879e-01 0.000000000000000000e+00 -2.099949999999999872e-01 -9.975402401329875879e-01 -7.009614337052627597e-02 0.000000000000000000e+00 -6.917659999999999698e+00 0.000000000000000000e+00 0.000000000000000000e+00 1.000000000000000000e+00 0.000000000000000000e+00
-5.757182190019083379e-02 9.983413671300477299e-01 0.000000000000000000e+00 -2.232460000000000000e-01 -9.983413671300477299e-01 -5.757182190019083379e-02 0.000000000000000000e+00 -7.150610000000000355e+00 0.000000000000000000e+00 0.000000000000000000e+00 1.000000000000000000e+00 0.000000000000000000e+00
-1.819266950786132750e-02 9.998344996929130479e-01 0.000000000000000000e+00 -2.305840000000000112e-01 -9.998344996929130479e-01 -1.819266950786132750e-02 0.000000000000000000e+00 -7.388259999999999827e+00 0.000000000000000000e+00 0.000000000000000000e+00 1.000000000000000000e+00 0.000000000000000000e+00
-7.223610381638068470e-03 9.999739093861670369e-01 0.000000000000000000e+00 -2.339199999999999890e-01 -9.999739093861670369e-01 -7.223610381638068470e-03 0.000000000000000000e+00 -7.616290000000000227e+00 0.000000000000000000e+00 0.000000000000000000e+00 1.000000000000000000e+00 0.000000000000000000e+00
-1.108344627233074156e-02 9.999385767229547195e-01 0.000000000000000000e+00 -2.396050000000000124e-01 -9.999385767229547195e-01 -1.108344627233074156e-02 0.000000000000000000e+00 -7.856770000000000032e+00 0.000000000000000000e+00 0.000000000000000000e+00 1.000000000000000000e+00 0.000000000000000000e+00
-2.923950522204001382e-02 9.995724342609545454e-01 0.000000000000000000e+00 -2.473299999999999943e-01 -9.995724342609545454e-01 -2.923950522204001382e-02 0.000000000000000000e+00 -8.088990000000000791e+00 0.000000000000000000e+00 0.000000000000000000e+00 1.000000000000000000e+00 0.000000000000000000e+00
-3.259789723068376444e-02 9.994685473270971121e-01 0.000000000000000000e+00 -2.561939999999999773e-01 -9.994685473270971121e-01 -3.259789723068376444e-02 0.000000000000000000e+00 -8.319819999999999993e+00 0.000000000000000000e+00 0.000000000000000000e+00 1.000000000000000000e+00 0.000000000000000000e+00
-2.801000931969013091e-02 9.996076427168366640e-01 0.000000000000000000e+00 -2.693220000000000058e-01 -9.996076427168366640e-01 -2.801000931969013091e-02 0.000000000000000000e+00 -8.523839999999999861e+00 0.000000000000000000e+00 0.000000000000000000e+00 1.000000000000000000e+00 0.000000000000000000e+00
-1.009350181163912695e-02 9.999490593131123983e-01 0.000000000000000000e+00 -2.806270000000000153e-01 -9.999490593131123983e-01 -1.009350181163912695e-02 0.000000000000000000e+00 -8.725799999999999557e+00 0.000000000000000000e+00 0.000000000000000000e+00 1.000000000000000000e+00 0.000000000000000000e+00
-1.364324991449471398e-02 9.999069265345503776e-01 0.000000000000000000e+00 -2.931440000000000157e-01 -9.999069265345503776e-01 -1.364324991449471398e-02 0.000000000000000000e+00 -8.936680000000000845e+00 0.000000000000000000e+00 0.000000000000000000e+00 1.000000000000000000e+00 0.000000000000000000e+00
-2.004233114500052551e-02 9.997991323072220604e-01 0.000000000000000000e+00 -3.044229999999999992e-01 -9.997991323072220604e-01 -2.004233114500052551e-02 0.000000000000000000e+00 -9.135939999999999728e+00 0.000000000000000000e+00 0.000000000000000000e+00 1.000000000000000000e+00 0.000000000000000000e+00
-1.434318136331138444e-02 9.998971312832031222e-01 0.000000000000000000e+00 -3.130689999999999862e-01 -9.998971312832031222e-01 -1.434318136331138444e-02 0.000000000000000000e+00 -9.334619999999999251e+00 0.000000000000000000e+00 0.000000000000000000e+00 1.000000000000000000e+00 0.000000000000000000e+00
-4.368048441076991528e-01 8.995562951611469904e-01 0.000000000000000000e+00 -3.671699999999999964e-01 -8.995562951611469904e-01 -4.368048441076991528e-01 0.000000000000000000e+00 -9.508139999999999148e+00 0.000000000000000000e+00 0.000000000000000000e+00 1.000000000000000000e+00 0.000000000000000000e+00
-8.347527919176072064e-01 5.506248962640173383e-01 0.000000000000000000e+00 -3.961370000000000169e-01 -5.506248962640173383e-01 -8.347527919176072064e-01 0.000000000000000000e+00 -9.477100000000000080e+00 0.000000000000000000e+00 0.000000000000000000e+00 1.000000000000000000e+00 0.000000000000000000e+00
-9.998718002017983331e-01 -1.601196931095871800e-02 0.000000000000000000e+00 -4.033169999999999811e-01 1.601196931095871800e-02 -9.998718002017983331e-01 0.000000000000000000e+00 -9.422829999999999373e+00 0.000000000000000000e+00 0.000000000000000000e+00 1.000000000000000000e+00 0.000000000000000000e+00
-8.242824504461916391e-01 -5.661788073448366099e-01 0.000000000000000000e+00 -3.972809999999999953e-01 5.661788073448366099e-01 -8.242824504461916391e-01 0.000000000000000000e+00 -9.376129999999999853e+00 0.000000000000000000e+00 0.000000000000000000e+00 1.000000000000000000e+00 0.000000000000000000e+00
-3.783227246248317965e-01 -9.256737632840436047e-01 0.000000000000000000e+00 -3.747530000000000028e-01 9.256737632840436047e-01 -3.783227246248317965e-01 0.000000000000000000e+00 -9.341039999999999566e+00 0.000000000000000000e+00 0.000000000000000000e+00 1.000000000000000000e+00 0.000000000000000000e+00
1.427470408378705979e-01 -9.897592042168799065e-01 0.000000000000000000e+00 -3.476299999999999946e-01 9.897592042168799065e-01 1.427470408378705979e-01 0.000000000000000000e+00 -9.324569999999999581e+00 0.000000000000000000e+00 0.000000000000000000e+00 1.000000000000000000e+00 0.000000000000000000e+00
3.336320605415201302e-03 -9.999944344669213780e-01 0.000000000000000000e+00 -3.523899999999999810e-01 9.999944344669213780e-01 3.336320605415201302e-03 0.000000000000000000e+00 -9.057790000000000674e+00 0.000000000000000000e+00 0.000000000000000000e+00 1.000000000000000000e+00 0.000000000000000000e+00
1.419551878799057976e-01 -9.898730851144406095e-01 0.000000000000000000e+00 -3.296970000000000178e-01 9.898730851144406095e-01 1.419551878799057976e-01 0.000000000000000000e+00 -8.834880000000000067e+00 0.000000000000000000e+00 0.000000000000000000e+00 1.000000000000000000e+00 0.000000000000000000e+00
2.377379118656741674e-01 -9.713293392365686119e-01 0.000000000000000000e+00 -2.767129999999999868e-01 9.713293392365686119e-01 2.377379118656741674e-01 0.000000000000000000e+00 -8.599339999999999762e+00 0.000000000000000000e+00 0.000000000000000000e+00 1.000000000000000000e+00 0.000000000000000000e+00
2.464701295823272797e-01 -9.691503883421141996e-01 0.000000000000000000e+00 -2.185370000000000090e-01 9.691503883421141996e-01 2.464701295823272797e-01 0.000000000000000000e+00 -8.374959999999999738e+00 0.000000000000000000e+00 0.000000000000000000e+00 1.000000000000000000e+00 0.000000000000000000e+00
-9.410422513949058543e-02 -9.955623510413077470e-01 0.000000000000000000e+00 -2.214639999999999942e-01 9.955623510413077470e-01 -9.410422513949058543e-02 0.000000000000000000e+00 -8.122199999999999420e+00 0.000000000000000000e+00 0.000000000000000000e+00 1.000000000000000000e+00 0.000000000000000000e+00
-1.604669084227892950e-01 -9.870412206697510848e-01 0.000000000000000000e+00 -2.632740000000000080e-01 9.870412206697510848e-01 -1.604669084227892950e-01 0.000000000000000000e+00 -7.902479999999999727e+00 0.000000000000000000e+00 0.000000000000000000e+00 1.000000000000000000e+00 0.000000000000000000e+00
-6.912849651260730144e-02 -9.976077640886253928e-01 0.000000000000000000e+00 -2.909419999999999784e-01 9.976077640886253928e-01 -6.912849651260730144e-02 0.000000000000000000e+00 -7.670410000000000394e+00 0.000000000000000000e+00 0.000000000000000000e+00 1.000000000000000000e+00 0.000000000000000000e+00
5.501853171134213349e-02 -9.984853334768257760e-01 0.000000000000000000e+00 -2.873740000000000183e-01 9.984853334768257760e-01 5.501853171134213349e-02 0.000000000000000000e+00 -7.443920000000000314e+00 0.000000000000000000e+00 0.000000000000000000e+00 1.000000000000000000e+00 0.000000000000000000e+00
1.107188588301121351e-01 -9.938517667637150055e-01 0.000000000000000000e+00 -2.665100000000000247e-01 9.938517667637150055e-01 1.107188588301121351e-01 0.000000000000000000e+00 -7.208709999999999951e+00 0.000000000000000000e+00 0.000000000000000000e+00 1.000000000000000000e+00 0.000000000000000000e+00
1.293330258687372669e-01 -9.916012144101259418e-01 0.000000000000000000e+00 -2.410670000000000035e-01 9.916012144101259418e-01 1.293330258687372669e-01 0.000000000000000000e+00 -6.979720000000000368e+00 0.000000000000000000e+00 0.000000000000000000e+00 1.000000000000000000e+00 0.000000000000000000e+00
8.795253525275656403e-02 -9.961246666670856564e-01 0.000000000000000000e+00 -2.232310000000000128e-01 9.961246666670856564e-01 8.795253525275656403e-02 0.000000000000000000e+00 -6.754859999999999864e+00 0.000000000000000000e+00 0.000000000000000000e+00 1.000000000000000000e+00 0.000000000000000000e+00
1.633560017682980647e-02 -9.998665651810059174e-01 0.000000000000000000e+00 -2.222300000000000109e-01 9.998665651810059174e-01 1.633560017682980647e-02 0.000000000000000000e+00 -6.544139999999999624e+00 0.000000000000000000e+00 0.000000000000000000e+00 1.000000000000000000e+00 0.000000000000000000e+00
-9.335752697939797562e-02 -9.956326492016475127e-01 0.000000000000000000e+00 -2.447040000000000048e-01 9.956326492016475127e-01 -9.335752697939797562e-02 0.000000000000000000e+00 -6.334970000000000212e+00 0.000000000000000000e+00 0.000000000000000000e+00 1.000000000000000000e+00 0.000000000000000000e+00
-1.167368952361961393e-01 -9.931628755096584271e-01 0.000000000000000000e+00 -2.781270000000000131e-01 9.931628755096584271e-01 -1.167368952361961393e-01 0.000000000000000000e+00 -6.115440000000000431e+00 0.000000000000000000e+00 0.000000000000000000e+00 1.000000000000000000e+00 0.000000000000000000e+00
-9.285969900584892245e-02 -9.956792035091137638e-01 0.000000000000000000e+00 -3.051789999999999781e-01 9.956792035091137638e-01 -9.285969900584892245e-02 0.000000000000000000e+00 -5.897750000000000270e+00 0.000000000000000000e+00 0.000000000000000000e+00 1.000000000000000000e+00 0.000000000000000000e+00
-8.360596519725706222e-02 -9.964988924145551374e-01 0.000000000000000000e+00 -3.303440000000000265e-01 9.964988924145551374e-01 -8.360596519725706222e-02 0.000000000000000000e+00 -5.672290000000000276e+00 0.000000000000000000e+00 0.000000000000000000e+00 1.000000000000000000e+00 0.000000000000000000e+00
-3.301767113308530510e-02 -9.994547680575381898e-01 0.000000000000000000e+00 -3.462700000000000222e-01 9.994547680575381898e-01 -3.301767113308530510e-02 0.000000000000000000e+00 -5.444869999999999877e+00 0.000000000000000000e+00 0.000000000000000000e+00 1.000000000000000000e+00 0.000000000000000000e+00
1.674554408406156436e-02 -9.998597835463374217e-01 0.000000000000000000e+00 -3.523649999999999838e-01 9.998597835463374217e-01 1.674554408406156436e-02 0.000000000000000000e+00 -5.217010000000000147e+00 0.000000000000000000e+00 0.000000000000000000e+00 1.000000000000000000e+00 0.000000000000000000e+00
8.661764963511164872e-02 -9.962416287084620015e-01 0.000000000000000000e+00 -3.442859999999999809e-01 9.962416287084620015e-01 8.661764963511164872e-02 0.000000000000000000e+00 -4.986780000000000435e+00 0.000000000000000000e+00 0.000000000000000000e+00 1.000000000000000000e+00 0.000000000000000000e+00
1.530820421804167941e-01 -9.882134831917003259e-01 0.000000000000000000e+00 -3.192409999999999970e-01 9.882134831917003259e-01 1.530820421804167941e-01 0.000000000000000000e+00 -4.748660000000000103e+00 0.000000000000000000e+00 0.000000000000000000e+00 1.000000000000000000e+00 0.000000000000000000e+00
1.890713243845601188e-01 -9.819633569005864482e-01 0.000000000000000000e+00 -2.830820000000000003e-01 9.819633569005864482e-01 1.890713243845601188e-01 0.000000000000000000e+00 -4.513580000000000148e+00 0.000000000000000000e+00 0.000000000000000000e+00 1.000000000000000000e+00 0.000000000000000000e+00
2.031327567583543492e-01 -9.791512054487556682e-01 0.000000000000000000e+00 -2.431030000000000135e-01 9.791512054487556682e-01 2.031327567583543492e-01 0.000000000000000000e+00 -4.285919999999999952e+00 0.000000000000000000e+00 0.000000000000000000e+00 1.000000000000000000e+00 0.000000000000000000e+00
1.800195508777152897e-01 -9.836630323956399025e-01 0.000000000000000000e+00 -2.108770000000000089e-01 9.836630323956399025e-01 1.800195508777152897e-01 0.000000000000000000e+00 -4.071939999999999671e+00 0.000000000000000000e+00 0.000000000000000000e+00 1.000000000000000000e+00 0.000000000000000000e+00
9.751113234717999345e-02 -9.952344342256103094e-01 0.000000000000000000e+00 -1.962790000000000090e-01 9.952344342256103094e-01 9.751113234717999345e-02 0.000000000000000000e+00 -3.862690000000000179e+00 0.000000000000000000e+00 0.000000000000000000e+00 1.000000000000000000e+00 0.000000000000000000e+00
1.953508408660555723e-02 -9.998091720372089819e-01 0.000000000000000000e+00 -2.001910000000000078e-01 9.998091720372089819e-01 1.953508408660555723e-02 0.000000000000000000e+00 -3.656989999999999963e+00 0.000000000000000000e+00 0.000000000000000000e+00 1.000000000000000000e+00 0.000000000000000000e+00
3.198087273827000115e-02 -9.994884810636381900e-01 0.000000000000000000e+00 -2.028200000000000003e-01 9.994884810636381900e-01 3.198087273827000115e-02 0.000000000000000000e+00 -3.434019999999999850e+00 0.000000000000000000e+00 0.000000000000000000e+00 1.000000000000000000e+00 0.000000000000000000e+00
8.607966655290145985e-02 -9.962882569849658143e-01 0.000000000000000000e+00 -1.926209999999999867e-01 9.962882569849658143e-01 8.607966655290145985e-02 0.000000000000000000e+00 -3.211489999999999956e+00 0.000000000000000000e+00 0.000000000000000000e+00 1.000000000000000000e+00 0.000000000000000000e+00
1.245718684031438955e-01 -9.922105873263749043e-01 0.000000000000000000e+00 -1.728870000000000129e-01 9.922105873263749043e-01 1.245718684031438955e-01 0.000000000000000000e+00 -2.987449999999999939e+00 0.000000000000000000e+00 0.000000000000000000e+00 1.000000000000000000e+00 0.000000000000000000e+00
1.345668531591859840e-01 -9.909045171109243100e-01 0.000000000000000000e+00 -1.498359999999999970e-01 9.909045171109243100e-01 1.345668531591859840e-01 0.000000000000000000e+00 -2.765340000000000131e+00 0.000000000000000000e+00 0.000000000000000000e+00 1.000000000000000000e+00 0.000000000000000000e+00
1.173651998907186134e-01 -9.930888227417583591e-01 0.000000000000000000e+00 -1.303209999999999924e-01 9.930888227417583591e-01 1.173651998907186134e-01 0.000000000000000000e+00 -2.542069999999999830e+00 0.000000000000000000e+00 0.000000000000000000e+00 1.000000000000000000e+00 0.000000000000000000e+00
9.968050998945478247e-02 -9.950194952503403911e-01 0.000000000000000000e+00 -1.147370000000000057e-01 9.950194952503403911e-01 9.968050998945478247e-02 0.000000000000000000e+00 -2.322839999999999794e+00 0.000000000000000000e+00 0.000000000000000000e+00 1.000000000000000000e+00 0.000000000000000000e+00
1.005560884359711082e-01 -9.949313911413475431e-01 0.000000000000000000e+00 -9.995220000000000493e-02 9.949313911413475431e-01 1.005560884359711082e-01 0.000000000000000000e+00 -2.106419999999999959e+00 0.000000000000000000e+00 0.000000000000000000e+00 1.000000000000000000e+00 0.000000000000000000e+00
7.248270868695604052e-02 -9.973696691505120615e-01 0.000000000000000000e+00 -9.355639999999999790e-02 9.973696691505120615e-01 7.248270868695604052e-02 0.000000000000000000e+00 -1.899029999999999996e+00 0.000000000000000000e+00 0.000000000000000000e+00 1.000000000000000000e+00 0.000000000000000000e+00
6.175700314608674468e-02 -9.980912145502605082e-01 0.000000000000000000e+00 -9.139479999999999826e-02 9.980912145502605082e-01 6.175700314608674468e-02 0.000000000000000000e+00 -1.673880000000000035e+00 0.000000000000000000e+00 0.000000000000000000e+00 1.000000000000000000e+00 0.000000000000000000e+00
8.414670656206514610e-02 -9.964533766186743913e-01 0.000000000000000000e+00 -8.352990000000000415e-02 9.964533766186743913e-01 8.414670656206514610e-02 0.000000000000000000e+00 -1.454190000000000094e+00 0.000000000000000000e+00 0.000000000000000000e+00 1.000000000000000000e+00 0.000000000000000000e+00
1.081543556222136493e-01 -9.941341133669761021e-01 0.000000000000000000e+00 -7.153740000000000099e-02 9.941341133669761021e-01 1.081543556222136493e-01 0.000000000000000000e+00 -1.234620000000000051e+00 0.000000000000000000e+00 0.000000000000000000e+00 1.000000000000000000e+00 0.000000000000000000e+00
1.192121410176902735e-01 -9.928688057512826681e-01 0.000000000000000000e+00 -5.630879999999999913e-02 9.928688057512826681e-01 1.192121410176902735e-01 0.000000000000000000e+00 -1.012930000000000108e+00 0.000000000000000000e+00 0.000000000000000000e+00 1.000000000000000000e+00 0.000000000000000000e+00
1.168189833142620898e-01 -9.931532233937632181e-01 0.000000000000000000e+00 -4.036209999999999798e-02 9.931532233937632181e-01 1.168189833142620898e-01 0.000000000000000000e+00 -7.945560000000000400e-01 0.000000000000000000e+00 0.000000000000000000e+00 1.000000000000000000e+00 0.000000000000000000e+00
1.000884595929310700e-01 -9.949785426110023812e-01 0.000000000000000000e+00 -2.635929999999999870e-02 9.949785426110023812e-01 1.000884595929310700e-01 0.000000000000000000e+00 -5.729100000000000303e-01 0.000000000000000000e+00 0.000000000000000000e+00 1.000000000000000000e+00 0.000000000000000000e+00
2.157465273429893735e-02 -9.997672400911096213e-01 0.000000000000000000e+00 -3.035969999999999988e-02 9.997672400911096213e-01 2.157465273429893735e-02 0.000000000000000000e+00 -3.564149999999999818e-01 0.000000000000000000e+00 0.000000000000000000e+00 1.000000000000000000e+00 0.000000000000000000e+00
-6.144224020382532681e-01 -7.889772568797803753e-01 0.000000000000000000e+00 -9.368640000000000301e-02 7.889772568797803753e-01 -6.144224020382532681e-01 0.000000000000000000e+00 -2.845550000000000024e-01 0.000000000000000000e+00 0.000000000000000000e+00 1.000000000000000000e+00 0.000000000000000000e+00
-9.157632039729737272e-01 -4.017185012532453192e-01 0.000000000000000000e+00 -1.664779999999999871e-01 4.017185012532453192e-01 -9.157632039729737272e-01 0.000000000000000000e+00 -2.763439999999999785e-01 0.000000000000000000e+00 0.000000000000000000e+00 1.000000000000000000e+00 0.000000000000000000e+00
-9.331915830662095290e-01 -3.593792833405702325e-01 0.000000000000000000e+00 -4.306400000000000228e-01 3.593792833405702325e-01 -9.331915830662095290e-01 0.000000000000000000e+00 -1.846089999999999953e-01 0.000000000000000000e+00 0.000000000000000000e+00 1.000000000000000000e+00 0.000000000000000000e+00
-9.477296773071871572e-01 -3.190743780863873891e-01 0.000000000000000000e+00 -6.476579999999999560e-01 3.190743780863873891e-01 -9.477296773071871572e-01 0.000000000000000000e+00 -1.173339999999999939e-01 0.000000000000000000e+00 0.000000000000000000e+00 1.000000000000000000e+00 0.000000000000000000e+00
-9.567955557742048311e-01 -2.907615250522848083e-01 0.000000000000000000e+00 -8.651980000000000226e-01 2.907615250522848083e-01 -9.567955557742048311e-01 0.000000000000000000e+00 -5.562149999999999733e-02 0.000000000000000000e+00 0.000000000000000000e+00 1.000000000000000000e+00 0.000000000000000000e+00
-9.784659759155160952e-01 -2.064081732289125282e-01 0.000000000000000000e+00 -1.086510000000000087e+00 2.064081732289125282e-01 -9.784659759155160952e-01 0.000000000000000000e+00 -1.060159999999999922e-02 0.000000000000000000e+00 0.000000000000000000e+00 1.000000000000000000e+00 0.000000000000000000e+00
-9.969194645301561186e-01 -7.843201668264572490e-02 0.000000000000000000e+00 -1.295979999999999910e+00 7.843201668264572490e-02 -9.969194645301561186e-01 0.000000000000000000e+00 5.347069999999999775e-03 0.000000000000000000e+00 0.000000000000000000e+00 1.000000000000000000e+00 0.000000000000000000e+00
-9.999625660264802596e-01 -8.652545621788614721e-03 0.000000000000000000e+00 -1.510820000000000052e+00 8.652545621788614721e-03 -9.999625660264802596e-01 0.000000000000000000e+00 3.370469999999999976e-03 0.000000000000000000e+00 0.000000000000000000e+00 1.000000000000000000e+00 0.000000000000000000e+00
-9.993276335989500492e-01 -3.666443406794513138e-02 0.000000000000000000e+00 -1.734920000000000018e+00 3.666443406794513138e-02 -9.993276335989500492e-01 0.000000000000000000e+00 3.516459999999999898e-03 0.000000000000000000e+00 0.000000000000000000e+00 1.000000000000000000e+00 0.000000000000000000e+00
-9.983223731059823747e-01 -5.790025350583239555e-02 0.000000000000000000e+00 -1.945570000000000022e+00 5.790025350583239555e-02 -9.983223731059823747e-01 0.000000000000000000e+00 1.180299999999999926e-02 0.000000000000000000e+00 0.000000000000000000e+00 1.000000000000000000e+00 0.000000000000000000e+00
-9.995895408036641339e-01 -2.864873323412079481e-02 0.000000000000000000e+00 -2.157010000000000094e+00 2.864873323412079481e-02 -9.995895408036641339e-01 0.000000000000000000e+00 1.470699999999999959e-02 0.000000000000000000e+00 0.000000000000000000e+00 1.000000000000000000e+00 0.000000000000000000e+00
-5.590782650500891737e-01 8.291148856151252522e-01 0.000000000000000000e+00 -2.140589999999999993e+00 -8.291148856151252522e-01 -5.590782650500891737e-01 0.000000000000000000e+00 3.993369999999999975e-01 0.000000000000000000e+00 0.000000000000000000e+00 1.000000000000000000e+00 0.000000000000000000e+00
-8.553901450624855352e-02 9.963348217327846479e-01 0.000000000000000000e+00 -2.147790000000000088e+00 -9.963348217327846479e-01 -8.553901450624855352e-02 0.000000000000000000e+00 2.166549999999999865e-01 0.000000000000000000e+00 0.000000000000000000e+00 1.000000000000000000e+00 0.000000000000000000e+00
-3.914367014229531289e-02 9.992335928539388679e-01 0.000000000000000000e+00 -2.157369999999999788e+00 -9.992335928539388679e-01 -3.914367014229531289e-02 0.000000000000000000e+00 9.524160000000000265e-03 0.000000000000000000e+00 0.000000000000000000e+00 1.000000000000000000e+00 0.000000000000000000e+00
-2.082216829224722496e-02 9.997831951516334970e-01 0.000000000000000000e+00 -2.164670000000000094e+00 -9.997831951516334970e-01 -2.082216829224722496e-02 0.000000000000000000e+00 -2.278169999999999917e-01 0.000000000000000000e+00 0.000000000000000000e+00 1.000000000000000000e+00 0.000000000000000000e+00
2.957841804456239343e-01 9.552547925020373754e-01 0.000000000000000000e+00 -2.124989999999999934e+00 -9.552547925020373754e-01 2.957841804456239343e-01 0.000000000000000000e+00 -4.638800000000000145e-01 0.000000000000000000e+00 0.000000000000000000e+00 1.000000000000000000e+00 0.000000000000000000e+00
3.681107997291792056e-01 9.297819309508784658e-01 0.000000000000000000e+00 -2.046899999999999942e+00 -9.297819309508784658e-01 3.681107997291792056e-01 0.000000000000000000e+00 -6.784179999999999655e-01 0.000000000000000000e+00 0.000000000000000000e+00 1.000000000000000000e+00 0.000000000000000000e+00
2.736696988065602243e-01 9.618237343479971724e-01 0.000000000000000000e+00 -1.982129999999999947e+00 -9.618237343479971724e-01 2.736696988065602243e-01 0.000000000000000000e+00 -9.037859999999999783e-01 0.000000000000000000e+00 0.000000000000000000e+00 1.000000000000000000e+00 0.000000000000000000e+00
3.193089827426166122e-02 9.994900788579138551e-01 0.000000000000000000e+00 -1.959649999999999892e+00 -9.994900788579138551e-01 3.193089827426166122e-02 0.000000000000000000e+00 -1.179140000000000077e+00 0.000000000000000000e+00 0.000000000000000000e+00 1.000000000000000000e+00 0.000000000000000000e+00
-4.896408698213096378e-02 9.988005397405461672e-01 0.000000000000000000e+00 -1.971419999999999950e+00 -9.988005397405461672e-01 -4.896408698213096378e-02 0.000000000000000000e+00 -1.417059999999999986e+00 0.000000000000000000e+00 0.000000000000000000e+00 1.000000000000000000e+00 0.000000000000000000e+00
3.956232118874577486e-01 9.184129105232851087e-01 0.000000000000000000e+00 -1.914949999999999930e+00 -9.184129105232851087e-01 3.956232118874577486e-01 0.000000000000000000e+00 -1.660269999999999913e+00 0.000000000000000000e+00 0.000000000000000000e+00 1.000000000000000000e+00 0.000000000000000000e+00
-3.146554771598883415e-01 9.492059474599192637e-01 0.000000000000000000e+00 -1.900309999999999944e+00 -9.492059474599192637e-01 -3.146554771598883415e-01 0.000000000000000000e+00 -1.845609999999999973e+00 0.000000000000000000e+00 0.000000000000000000e+00 1.000000000000000000e+00 0.000000000000000000e+00
-1.707823929323445122e-01 9.853087710277942390e-01 0.000000000000000000e+00 -1.924700000000000077e+00 -9.853087710277942390e-01 -1.707823929323445122e-01 0.000000000000000000e+00 -2.107720000000000038e+00 0.000000000000000000e+00 0.000000000000000000e+00 1.000000000000000000e+00 0.000000000000000000e+00
-2.578957776326982199e-01 9.661727422563864964e-01 0.000000000000000000e+00 -1.986550000000000038e+00 -9.661727422563864964e-01 -2.578957776326982199e-01 0.000000000000000000e+00 -2.350150000000000183e+00 0.000000000000000000e+00 0.000000000000000000e+00 1.000000000000000000e+00 0.000000000000000000e+00
-2.930292866657124851e-01 9.561034657170653928e-01 0.000000000000000000e+00 -2.058679999999999843e+00 -9.561034657170653928e-01 -2.930292866657124851e-01 0.000000000000000000e+00 -2.588789999999999925e+00 0.000000000000000000e+00 0.000000000000000000e+00 1.000000000000000000e+00 0.000000000000000000e+00
-2.042658375949058525e-01 9.789154547720919641e-01 0.000000000000000000e+00 -2.118720000000000159e+00 -9.789154547720919641e-01 -2.042658375949058525e-01 0.000000000000000000e+00 -2.838550000000000129e+00 0.000000000000000000e+00 0.000000000000000000e+00 1.000000000000000000e+00 0.000000000000000000e+00
-1.115212053153904204e-01 9.937620543998459954e-01 0.000000000000000000e+00 -2.151510000000000034e+00 -9.937620543998459954e-01 -1.115212053153904204e-01 0.000000000000000000e+00 -3.063180000000000014e+00 0.000000000000000000e+00 0.000000000000000000e+00 1.000000000000000000e+00 0.000000000000000000e+00
-7.203610902007047227e-03 9.999740536583798800e-01 0.000000000000000000e+00 -2.160670000000000091e+00 -9.999740536583798800e-01 -7.203610902007047227e-03 0.000000000000000000e+00 -3.277730000000000032e+00 0.000000000000000000e+00 0.000000000000000000e+00 1.000000000000000000e+00 0.000000000000000000e+00
-1.518308979454130458e-02 9.998847302485877053e-01 0.000000000000000000e+00 -2.165070000000000050e+00 -9.998847302485877053e-01 -1.518308979454130458e-02 0.000000000000000000e+00 -3.510670000000000179e+00 0.000000000000000000e+00 0.000000000000000000e+00 1.000000000000000000e+00 0.000000000000000000e+00
-8.401452270461916283e-02 9.964645302140539007e-01 0.000000000000000000e+00 -2.184600000000000097e+00 -9.964645302140539007e-01 -8.401452270461916283e-02 0.000000000000000000e+00 -3.751609999999999889e+00 0.000000000000000000e+00 0.000000000000000000e+00 1.000000000000000000e+00 0.000000000000000000e+00
-1.010210550517354061e-01 9.948842879632958658e-01 0.000000000000000000e+00 -2.209360000000000213e+00 -9.948842879632958658e-01 -1.010210550517354061e-01 0.000000000000000000e+00 -3.993180000000000174e+00 0.000000000000000000e+00 0.000000000000000000e+00 1.000000000000000000e+00 0.000000000000000000e+00
-1.013792068415016040e-01 9.948478559157616363e-01 0.000000000000000000e+00 -2.236349999999999838e+00 -9.948478559157616363e-01 -1.013792068415016040e-01 0.000000000000000000e+00 -4.229300000000000281e+00 0.000000000000000000e+00 0.000000000000000000e+00 1.000000000000000000e+00 0.000000000000000000e+00
-6.994651154648595659e-02 9.975507433321261219e-01 0.000000000000000000e+00 -2.257249999999999979e+00 -9.975507433321261219e-01 -6.994651154648595659e-02 0.000000000000000000e+00 -4.462250000000000050e+00 0.000000000000000000e+00 0.000000000000000000e+00 1.000000000000000000e+00 0.000000000000000000e+00
-5.340824990988690679e-02 9.985727609150787387e-01 0.000000000000000000e+00 -2.275199999999999889e+00 -9.985727609150787387e-01 -5.340824990988690679e-02 0.000000000000000000e+00 -4.692960000000000242e+00 0.000000000000000000e+00 0.000000000000000000e+00 1.000000000000000000e+00 0.000000000000000000e+00
-5.140101212465018193e-02 9.986780942588865395e-01 0.000000000000000000e+00 -2.294169999999999821e+00 -9.986780942588865395e-01 -5.140101212465018193e-02 0.000000000000000000e+00 -4.930860000000000021e+00 0.000000000000000000e+00 0.000000000000000000e+00 1.000000000000000000e+00 0.000000000000000000e+00
-6.387016798414582586e-02 9.979582163806643980e-01 0.000000000000000000e+00 -2.314509999999999845e+00 -9.979582163806643980e-01 -6.387016798414582586e-02 0.000000000000000000e+00 -5.170119999999999827e+00 0.000000000000000000e+00 0.000000000000000000e+00 1.000000000000000000e+00 0.000000000000000000e+00
-4.477869515733692851e-02 9.989969311564507182e-01 0.000000000000000000e+00 -2.330150000000000166e+00 -9.989969311564507182e-01 -4.477869515733692851e-02 0.000000000000000000e+00 -5.406880000000000130e+00 0.000000000000000000e+00 0.000000000000000000e+00 1.000000000000000000e+00 0.000000000000000000e+00
