-3.504649488752759751e-02 9.993856829053028301e-01 0.000000000000000000e+00 4.143720000000000042e-02 -9.993856829053028301e-01 -3.504649488752759751e-02 0.000000000000000000e+00 9.082650000000000445e-02 0.000000000000000000e+00 0.000000000000000000e+00 1.000000000000000000e+00 0.000000000000000000e+00
-3.507647644223930994e-02 9.993846310607328309e-01 0.000000000000000000e+00 4.143730000000000330e-02 -9.993846310607328309e-01 -3.507647644223930994e-02 0.000000000000000000e+00 9.082659999999999345e-02 0.000000000000000000e+00 0.000000000000000000e+00 1.000000000000000000e+00 0.000000000000000000e+00
-2.865974832458897947e-02 9.995892250449537331e-01 0.000000000000000000e+00 4.392569999999999808e-02 -9.995892250449537331e-01 -2.865974832458897947e-02 0.000000000000000000e+00 9.468540000000000290e-02 0.000000000000000000e+00 0.000000000000000000e+00 1.000000000000000000e+00 0.000000000000000000e+00
-2.238180410767579703e-02 9.997494960463274571e-01 0.000000000000000000e+00 4.641409999999999980e-02 -9.997494960463274571e-01 -2.238180410767579703e-02 0.000000000000000000e+00 9.854419999999999846e-02 0.000000000000000000e+00 0.000000000000000000e+00 1.000000000000000000e+00 0.000000000000000000e+00
-1.589300406647521299e-02 9.998736982348035429e-01 0.000000000000000000e+00 4.890250000000000152e-02 -9.998736982348035429e-01 -1.589300406647521299e-02 0.000000000000000000e+00 1.024029999999999940e-01 0.000000000000000000e+00 0.000000000000000000e+00 1.000000000000000000e+00 0.000000000000000000e+00
-2.539094415615052169e-02 9.996775980059067201e-01 0.000000000000000000e+00 4.269429999999999753e-02 -9.996775980059067201e-01 -2.539094415615052169e-02 0.000000000000000000e+00 -1.314819999999999878e-01 0.000000000000000000e+00 0.000000000000000000e+00 1.000000000000000000e+00 0.000000000000000000e+00
-5.086171848569231990e-02 9.987057051968223353e-01 0.000000000000000000e+00 3.428640000000000160e-02 -9.987057051968223353e-01 -5.086171848569231990e-02 0.000000000000000000e+00 -3.543049999999999811e-01 0.000000000000000000e+00 0.000000000000000000e+00 1.000000000000000000e+00 0.000000000000000000e+00
-9.234193328872648820e-02 9.957273559345953817e-01 0.000000000000000000e+00 1.559460000000000013e-02 -9.957273559345953817e-01 -9.234193328872648820e-02 0.000000000000000000e+00 -5.705010000000000359e-01 0.000000000000000000e+00 0.000000000000000000e+00 1.000000000000000000e+00 0.000000000000000000e+00
-1.341381221813652269e-01 9.909626451979192119e-01 0.000000000000000000e+00 -1.417629999999999932e-02 -9.909626451979192119e-01 -1.341381221813652269e-01 0.000000000000000000e+00 -8.000369999999999981e-01 0.000000000000000000e+00 0.000000000000000000e+00 1.000000000000000000e+00 0.000000000000000000e+00
-1.467715425319870426e-01 9.891704172197939293e-01 0.000000000000000000e+00 -4.682170000000000082e-02 -9.891704172197939293e-01 -1.467715425319870426e-01 0.000000000000000000e+00 -1.018839999999999968e+00 0.000000000000000000e+00 0.000000000000000000e+00 1.000000000000000000e+00 0.000000000000000000e+00
-1.115212053153904204e-01 9.937620543998459954e-01 0.000000000000000000e+00 -7.173499999999999321e-02 -9.937620543998459954e-01 -1.115212053153904204e-01 0.000000000000000000e+00 -1.236359999999999904e+00 0.000000000000000000e+00 0.000000000000000000e+00 1.000000000000000000e+00 0.000000000000000000e+00
-1.713283491601602995e-02 9.998532222120107837e-01 0.000000000000000000e+00 -7.760380000000000056e-02 -9.998532222120107837e-01 -1.713283491601602995e-02 0.000000000000000000e+00 -1.445589999999999931e+00 0.000000000000000000e+00 0.000000000000000000e+00 1.000000000000000000e+00 0.000000000000000000e+00
-4.422924010012471013e-02 9.990214083392635613e-01 0.000000000000000000e+00 -8.187769999999999770e-02 -9.990214083392635613e-01 -4.422924010012471013e-02 0.000000000000000000e+00 -1.659450000000000092e+00 0.000000000000000000e+00 0.000000000000000000e+00 1.000000000000000000e+00 0.000000000000000000e+00
-7.393614430793543635e-02 9.972629776367295529e-01 0.000000000000000000e+00 -9.578269999999999840e-02 -9.972629776367295529e-01 -7.393614430793543635e-02 0.000000000000000000e+00 -1.883550000000000058e+00 0.000000000000000000e+00 0.000000000000000000e+00 1.000000000000000000e+00 0.000000000000000000e+00
-8.803954283088540056e-02 9.961169805289581403e-01 0.000000000000000000e+00 -1.132849999999999968e-01 -9.961169805289581403e-01 -8.803954283088540056e-02 0.000000000000000000e+00 -2.099369999999999958e+00 0.000000000000000000e+00 0.000000000000000000e+00 1.000000000000000000e+00 0.000000000000000000e+00
-7.181180805137697687e-02 9.974181992646776740e-01 0.000000000000000000e+00 -1.277069999999999872e-01 -9.974181992646776740e-01 -7.181180805137697687e-02 0.000000000000000000e+00 -2.315170000000000172e+00 0.000000000000000000e+00 0.000000000000000000e+00 1.000000000000000000e+00 0.000000000000000000e+00
-2.510103658910323512e-02 9.996849193431660563e-01 0.000000000000000000e+00 -1.337409999999999988e-01 -9.996849193431660563e-01 -2.510103658910323512e-02 0.000000000000000000e+00 -2.526679999999999815e+00 0.000000000000000000e+00 0.000000000000000000e+00 1.000000000000000000e+00 0.000000000000000000e+00
-2.523099541614800059e-02 9.996816477610811491e-01 0.000000000000000000e+00 -1.382799999999999863e-01 -9.996816477610811491e-01 -2.523099541614800059e-02 0.000000000000000000e+00 -2.745880000000000098e+00 0.000000000000000000e+00 0.000000000000000000e+00 1.000000000000000000e+00 0.000000000000000000e+00
-4.179149862100094842e-02 9.991263536925701905e-01 0.000000000000000000e+00 -1.453679999999999972e-01 -9.991263536925701905e-01 -4.179149862100094842e-02 0.000000000000000000e+00 -2.962169999999999970e+00 0.000000000000000000e+00 0.000000000000000000e+00 1.000000000000000000e+00 0.000000000000000000e+00
-4.316026207814951249e-02 9.990681617273895476e-01 0.000000000000000000e+00 -1.522249999999999992e-01 -9.990681617273895476e-01 -4.316026207814951249e-02 0.000000000000000000e+00 -3.186020000000000074e+00 0.000000000000000000e+00 0.000000000000000000e+00 1.000000000000000000e+00 0.000000000000000000e+00
-4.493853409247261510e-02 9.989897537780954018e-01 0.000000000000000000e+00 -1.578340000000000021e-01 -9.989897537780954018e-01 -4.493853409247261510e-02 0.000000000000000000e+00 -3.400209999999999955e+00 0.000000000000000000e+00 0.000000000000000000e+00 1.000000000000000000e+00 0.000000000000000000e+00
-4.678658718171289921e-02 9.989049080167180517e-01 0.000000000000000000e+00 -1.647980000000000000e-01 -9.989049080167180517e-01 -4.678658718171289921e-02 0.000000000000000000e+00 -3.619149999999999867e+00 0.000000000000000000e+00 0.000000000000000000e+00 1.000000000000000000e+00 0.000000000000000000e+00
-3.454679768608376333e-02 9.994030812288087207e-01 0.000000000000000000e+00 -1.705419999999999991e-01 -9.994030812288087207e-01 -3.454679768608376333e-02 0.000000000000000000e+00 -3.840539999999999843e+00 0.000000000000000000e+00 0.000000000000000000e+00 1.000000000000000000e+00 0.000000000000000000e+00
-2.245178651750648000e-02 9.997479268706548350e-01 0.000000000000000000e+00 -1.743800000000000072e-01 -9.997479268706548350e-01 -2.245178651750648000e-02 0.000000000000000000e+00 -4.057299999999999685e+00 0.000000000000000000e+00 0.000000000000000000e+00 1.000000000000000000e+00 0.000000000000000000e+00
-2.612070197246270029e-02 9.996587962542348160e-01 0.000000000000000000e+00 -1.778899999999999926e-01 -9.996587962542348160e-01 -2.612070197246270029e-02 0.000000000000000000e+00 -4.275739999999999874e+00 0.000000000000000000e+00 0.000000000000000000e+00 1.000000000000000000e+00 0.000000000000000000e+00
1.579566987614212936e-02 9.998752406241310231e-01 0.000000000000000000e+00 -1.719090000000000062e-01 -9.998752406241310231e-01 1.579566987614212936e-02 0.000000000000000000e+00 -4.487400000000000055e+00 0.000000000000000000e+00 0.000000000000000000e+00 1.000000000000000000e+00 0.000000000000000000e+00
1.074611995878169655e-02 9.999422587858918243e-01 0.000000000000000000e+00 -1.660619999999999874e-01 -9.999422587858918243e-01 1.074611995878169655e-02 0.000000000000000000e+00 -4.711540000000000283e+00 0.000000000000000000e+00 0.000000000000000000e+00 1.000000000000000000e+00 0.000000000000000000e+00
-2.443124210932706361e-02 9.997015126571507926e-01 0.000000000000000000e+00 -1.662889999999999924e-01 -9.997015126571507926e-01 -2.443124210932706361e-02 0.000000000000000000e+00 -4.930679999999999730e+00 0.000000000000000000e+00 0.000000000000000000e+00 1.000000000000000000e+00 0.000000000000000000e+00
-8.436731050177284251e-04 9.999996441077826370e-01 0.000000000000000000e+00 -1.643179999999999918e-01 -9.999996441077826370e-01 -8.436731050177284251e-04 0.000000000000000000e+00 -5.149189999999999934e+00 0.000000000000000000e+00 0.000000000000000000e+00 1.000000000000000000e+00 0.000000000000000000e+00
-2.336154770923367513e-02 9.997270818021432026e-01 0.000000000000000000e+00 -1.634049999999999947e-01 -9.997270818021432026e-01 -2.336154770923367513e-02 0.000000000000000000e+00 -5.360100000000000087e+00 0.000000000000000000e+00 0.000000000000000000e+00 1.000000000000000000e+00 0.000000000000000000e+00
-1.535306997846918285e-02 9.998821346750006445e-01 0.000000000000000000e+00 -1.625719999999999943e-01 -9.998821346750006445e-01 -1.535306997846918285e-02 0.000000000000000000e+00 -5.577149999999999608e+00 0.000000000000000000e+00 0.000000000000000000e+00 1.000000000000000000e+00 0.000000000000000000e+00
-2.241179658248084947e-02 9.997488241423170274e-01 0.000000000000000000e+00 -1.643699999999999883e-01 -9.997488241423170274e-01 -2.241179658248084947e-02 0.000000000000000000e+00 -5.790429999999999744e+00 0.000000000000000000e+00 0.000000000000000000e+00 1.000000000000000000e+00 0.000000000000000000e+00
-2.996918524337636655e-02 9.995508230879749378e-01 0.000000000000000000e+00 -1.669680000000000053e-01 -9.995508230879749378e-01 -2.996918524337636655e-02 0.000000000000000000e+00 -6.006990000000000052e+00 0.000000000000000000e+00 0.000000000000000000e+00 1.000000000000000000e+00 0.000000000000000000e+00
-3.822435880095147870e-02 9.992691821497629023e-01 0.000000000000000000e+00 -1.720039999999999902e-01 -9.992691821497629023e-01 -3.822435880095147870e-02 0.000000000000000000e+00 -6.218860000000000277e+00 0.000000000000000000e+00 0.000000000000000000e+00 1.000000000000000000e+00 0.000000000000000000e+00
-4.365979074316680281e-02 9.990464567137320451e-01 0.000000000000000000e+00 -1.823019999999999918e-01 -9.990464567137320451e-01 -4.365979074316680281e-02 0.000000000000000000e+00 -6.449869999999999770e+00 0.000000000000000000e+00 0.000000000000000000e+00 1.000000000000000000e+00 0.000000000000000000e+00
-4.842472757791989324e-02 9.988268347211163301e-01 0.000000000000000000e+00 -1.948479999999999934e-01 -9.988268347211163301e-01 -4.842472757791989324e-02 0.000000000000000000e+00 -6.685349999999999682e+00 0.000000000000000000e+00 0.000000000000000000e+00 1.000000000000000000e+00 0.000000000000000000e+00
-6.920830491243815108e-02 9.976022306165653886e-01 0.000000000000000000e+00 -2.104449999999999932e-01 -9.976022306165653886e-01 -6.920830491243815108e-02 0.000000000000000000e+00 -6.917639999999999567e+00 0.000000000000000000e+00 0.000000000000000000e+00 1.000000000000000000e+00 0.000000000000000000e+00
-5.680308205629740897e-02 9.983854014702466806e-01 0.000000000000000000e+00 -2.235370000000000135e-01 -9.983854014702466806e-01 -5.680308205629740897e-02 0.000000000000000000e+00 -7.150610000000000355e+00 0.000000000000000000e+00 0.000000000000000000e+00 1.000000000000000000e+00 0.000000000000000000e+00
-1.753277482360891468e-02 9.998462890899704192e-01 0.000000000000000000e+00 -2.307369999999999977e-01 -9.998462890899704192e-01 -1.753277482360891468e-02 0.000000000000000000e+00 -7.388270000000000337e+00 0.000000000000000000e+00 0.000000000000000000e+00 1.000000000000000000e+00 0.000000000000000000e+00
-6.663623888988411993e-03 9.999777978118644661e-01 0.000000000000000000e+00 -2.339680000000000093e-01 -9.999777978118644661e-01 -6.663623888988411993e-03 0.000000000000000000e+00 -7.616310000000000358e+00 0.000000000000000000e+00 0.000000000000000000e+00 1.000000000000000000e+00 0.000000000000000000e+00
-1.061347393440713500e-02 9.999436754992971910e-01 0.000000000000000000e+00 -2.395639999999999992e-01 -9.999436754992971910e-01 -1.061347393440713500e-02 0.000000000000000000e+00 -7.856790000000000163e+00 0.000000000000000000e+00 0.000000000000000000e+00 1.000000000000000000e+00 0.000000000000000000e+00
-2.885966559507019760e-02 9.995834731035426746e-01 0.000000000000000000e+00 -2.472229999999999983e-01 -9.995834731035426746e-01 -2.885966559507019760e-02 0.000000000000000000e+00 -8.089019999999999655e+00 0.000000000000000000e+00 0.000000000000000000e+00 1.000000000000000000e+00 0.000000000000000000e+00
-3.229805520407791342e-02 9.994782817200353886e-01 0.000000000000000000e+00 -2.560390000000000166e-01 -9.994782817200353886e-01 -3.229805520407791342e-02 0.000000000000000000e+00 -8.319869999999999877e+00 0.000000000000000000e+00 0.000000000000000000e+00 1.000000000000000000e+00 0.000000000000000000e+00
-2.772012192954447993e-02 9.996157235859244317e-01 0.000000000000000000e+00 -2.691140000000000199e-01 -9.996157235859244317e-01 -2.772012192954447993e-02 0.000000000000000000e+00 -8.523880000000000123e+00 0.000000000000000000e+00 0.000000000000000000e+00 1.000000000000000000e+00 0.000000000000000000e+00
-9.823515200996788335e-03 9.999517481104254202e-01 0.000000000000000000e+00 -2.803700000000000081e-01 -9.999517481104254202e-01 -9.823515200996788335e-03 0.000000000000000000e+00 -8.725839999999999819e+00 0.000000000000000000e+00 0.000000000000000000e+00 1.000000000000000000e+00 0.000000000000000000e+00
-1.339327275911336018e-02 9.999103060999021686e-01 0.000000000000000000e+00 -2.928399999999999892e-01 -9.999103060999021686e-01 -1.339327275911336018e-02 0.000000000000000000e+00 -8.936719999999999331e+00 0.000000000000000000e+00 0.000000000000000000e+00 1.000000000000000000e+00 0.000000000000000000e+00
-1.980237877833117624e-02 9.998039136724358178e-01 0.000000000000000000e+00 -3.040789999999999882e-01 -9.998039136724358178e-01 -1.980237877833117624e-02 0.000000000000000000e+00 -9.135979999999999990e+00 0.000000000000000000e+00 0.000000000000000000e+00 1.000000000000000000e+00 0.000000000000000000e+00
-1.411320464576677584e-02 9.999004037676085810e-01 0.000000000000000000e+00 -3.126869999999999927e-01 -9.999004037676085810e-01 -1.411320464576677584e-02 0.000000000000000000e+00 -9.334659999999999513e+00 0.000000000000000000e+00 0.000000000000000000e+00 1.000000000000000000e+00 0.000000000000000000e+00
-4.366069311536828201e-01 8.996523704568133439e-01 0.000000000000000000e+00 -3.667569999999999997e-01 -8.996523704568133439e-01 -4.366069311536828201e-01 0.000000000000000000e+00 -9.508190000000000808e+00 0.000000000000000000e+00 0.000000000000000000e+00 1.000000000000000000e+00 0.000000000000000000e+00
-8.346371422839427012e-01 5.508001822077527310e-01 0.000000000000000000e+00 -3.957390000000000074e-01 -5.508001822077527310e-01 -8.346371422839427012e-01 0.000000000000000000e+00 -9.477159999999999584e+00 0.000000000000000000e+00 0.000000000000000000e+00 1.000000000000000000e+00 0.000000000000000000e+00
-9.998749825982032879e-01 -1.581199463201215724e-02 0.000000000000000000e+00 -4.029380000000000184e-01 1.581199463201215724e-02 -9.998749825982032879e-01 0.000000000000000000e+00 -9.422890000000000654e+00 0.000000000000000000e+00 0.000000000000000000e+00 1.000000000000000000e+00 0.000000000000000000e+00
-8.243900095406416773e-01 -5.660221834606666835e-01 0.000000000000000000e+00 -3.969210000000000238e-01 5.660221834606666835e-01 -8.243900095406416773e-01 0.000000000000000000e+00 -9.376189999999999358e+00 0.000000000000000000e+00 0.000000000000000000e+00 1.000000000000000000e+00 0.000000000000000000e+00
-3.784893397724951591e-01 -9.256056501980639561e-01 0.000000000000000000e+00 -3.744080000000000186e-01 9.256056501980639561e-01 -3.784893397724951591e-01 0.000000000000000000e+00 -9.341100000000000847e+00 0.000000000000000000e+00 0.000000000000000000e+00 1.000000000000000000e+00 0.000000000000000000e+00
1.425787797112694488e-01 -9.897834569116849002e-01 0.000000000000000000e+00 -3.472950000000000204e-01 9.897834569116849002e-01 1.425787797112694488e-01 0.000000000000000000e+00 -9.324630000000000862e+00 0.000000000000000000e+00 0.000000000000000000e+00 1.000000000000000000e+00 0.000000000000000000e+00
3.176321453878314886e-03 -9.999949554782872063e-01 0.000000000000000000e+00 -3.521099999999999786e-01 9.999949554782872063e-01 3.176321453878314886e-03 0.000000000000000000e+00 -9.057850000000000179e+00 0.000000000000000000e+00 0.000000000000000000e+00 1.000000000000000000e+00 0.000000000000000000e+00
1.417968063699368841e-01 -9.898957852740289942e-01 0.000000000000000000e+00 -3.294509999999999939e-01 9.898957852740289942e-01 1.417968063699368841e-01 0.000000000000000000e+00 -8.834929999999999950e+00 0.000000000000000000e+00 0.000000000000000000e+00 1.000000000000000000e+00 0.000000000000000000e+00
2.375824961290139703e-01 -9.713673648692893181e-01 0.000000000000000000e+00 -2.765029999999999988e-01 9.713673648692893181e-01 2.375824961290139703e-01 0.000000000000000000e+00 -8.599389999999999645e+00 0.000000000000000000e+00 0.000000000000000000e+00 1.000000000000000000e+00 0.000000000000000000e+00
2.463053704556093237e-01 -9.691922742597183227e-01 0.000000000000000000e+00 -2.183609999999999995e-01 9.691922742597183227e-01 2.463053704556093237e-01 0.000000000000000000e+00 -8.375000000000000000e+00 0.000000000000000000e+00 0.000000000000000000e+00 1.000000000000000000e+00 0.000000000000000000e+00
-9.427346937854635955e-02 -9.955463389372350980e-01 0.000000000000000000e+00 -2.213299999999999990e-01 9.955463389372350980e-01 -9.427346937854635955e-02 0.000000000000000000e+00 -8.122230000000000061e+00 0.000000000000000000e+00 0.000000000000000000e+00 1.000000000000000000e+00 0.000000000000000000e+00
-1.606347031107480949e-01 -9.870139270327049630e-01 0.000000000000000000e+00 -2.631760000000000210e-01 9.870139270327049630e-01 -1.606347031107480949e-01 0.000000000000000000e+00 -7.902529999999999610e+00 0.000000000000000000e+00 0.000000000000000000e+00 1.000000000000000000e+00 0.000000000000000000e+00
-6.930806478929199543e-02 -9.975953047980745669e-01 0.000000000000000000e+00 -2.908830000000000027e-01 9.975953047980745669e-01 -6.930806478929199543e-02 0.000000000000000000e+00 -7.670460000000000278e+00 0.000000000000000000e+00 0.000000000000000000e+00 1.000000000000000000e+00 0.000000000000000000e+00
5.482881850603834456e-02 -9.984957689751278176e-01 0.000000000000000000e+00 -2.873539999999999983e-01 9.984957689751278176e-01 5.482881850603834456e-02 0.000000000000000000e+00 -7.443970000000000198e+00 0.000000000000000000e+00 0.000000000000000000e+00 1.000000000000000000e+00 0.000000000000000000e+00
1.105300249970878612e-01 -9.938727854077418211e-01 0.000000000000000000e+00 -2.665310000000000179e-01 9.938727854077418211e-01 1.105300249970878612e-01 0.000000000000000000e+00 -7.208759999999999835e+00 0.000000000000000000e+00 0.000000000000000000e+00 1.000000000000000000e+00 0.000000000000000000e+00
1.291347030405168850e-01 -9.916270611831030646e-01 0.000000000000000000e+00 -2.411300000000000110e-01 9.916270611831030646e-01 1.291347030405168850e-01 0.000000000000000000e+00 -6.979759999999999742e+00 0.000000000000000000e+00 0.000000000000000000e+00 1.000000000000000000e+00 0.000000000000000000e+00
8.775330856170063254e-02 -9.961422372515257306e-01 0.000000000000000000e+00 -2.233360000000000067e-01 9.961422372515257306e-01 8.775330856170063254e-02 0.000000000000000000e+00 -6.754900000000000126e+00 0.000000000000000000e+00 0.000000000000000000e+00 1.000000000000000000e+00 0.000000000000000000e+00
1.612562783948506481e-02 -9.998699736099601054e-01 0.000000000000000000e+00 -2.223749999999999893e-01 9.998699736099601054e-01 1.612562783948506481e-02 0.000000000000000000e+00 -6.544179999999999886e+00 0.000000000000000000e+00 0.000000000000000000e+00 1.000000000000000000e+00 0.000000000000000000e+00
-9.357656390120316914e-02 -9.956120864515677349e-01 0.000000000000000000e+00 -2.448909999999999976e-01 9.956120864515677349e-01 -9.357656390120316914e-02 0.000000000000000000e+00 -6.335020000000000095e+00 0.000000000000000000e+00 0.000000000000000000e+00 1.000000000000000000e+00 0.000000000000000000e+00
-1.169653196078584839e-01 -9.931359997548329099e-01 0.000000000000000000e+00 -2.783599999999999963e-01 9.931359997548329099e-01 -1.169653196078584839e-01 0.000000000000000000e+00 -6.115499999999999936e+00 0.000000000000000000e+00 0.000000000000000000e+00 1.000000000000000000e+00 0.000000000000000000e+00
-9.308870276449787706e-02 -9.956578194428158390e-01 0.000000000000000000e+00 -3.054580000000000073e-01 9.956578194428158390e-01 -9.308870276449787706e-02 0.000000000000000000e+00 -5.897809999999999775e+00 0.000000000000000000e+00 0.000000000000000000e+00 1.000000000000000000e+00 0.000000000000000000e+00
-8.384512252128885346e-02 -9.964787982839323766e-01 0.000000000000000000e+00 -3.306740000000000235e-01 9.964787982839323766e-01 -8.384512252128885346e-02 0.000000000000000000e+00 -5.672360000000000291e+00 0.000000000000000000e+00 0.000000000000000000e+00 1.000000000000000000e+00 0.000000000000000000e+00
-3.327752825385517366e-02 -9.994461496815693069e-01 0.000000000000000000e+00 -3.466529999999999889e-01 9.994461496815693069e-01 -3.327752825385517366e-02 0.000000000000000000e+00 -5.444939999999999891e+00 0.000000000000000000e+00 0.000000000000000000e+00 1.000000000000000000e+00 0.000000000000000000e+00
1.647558133540902303e-02 -9.998642683982963408e-01 0.000000000000000000e+00 -3.528029999999999777e-01 9.998642683982963408e-01 1.647558133540902303e-02 0.000000000000000000e+00 -5.217080000000000162e+00 0.000000000000000000e+00 0.000000000000000000e+00 1.000000000000000000e+00 0.000000000000000000e+00
8.634866124141524213e-02 -9.962649791605722172e-01 0.000000000000000000e+00 -3.447819999999999774e-01 9.962649791605722172e-01 8.634866124141524213e-02 0.000000000000000000e+00 -4.986849999999999561e+00 0.000000000000000000e+00 0.000000000000000000e+00 1.000000000000000000e+00 0.000000000000000000e+00
1.527954538372084115e-01 -9.882578354289337508e-01 0.000000000000000000e+00 -3.197999999999999732e-01 9.882578354289337508e-01 1.527954538372084115e-01 0.000000000000000000e+00 -4.748730000000000118e+00 0.000000000000000000e+00 0.000000000000000000e+00 1.000000000000000000e+00 0.000000000000000000e+00
1.887669066639194593e-01 -9.820219218268679828e-01 0.000000000000000000e+00 -2.837060000000000137e-01 9.820219218268679828e-01 1.887669066639194593e-01 0.000000000000000000e+00 -4.513639999999999652e+00 0.000000000000000000e+00 0.000000000000000000e+00 1.000000000000000000e+00 0.000000000000000000e+00
2.028194179775610617e-01 -9.792161577972676723e-01 0.000000000000000000e+00 -2.437930000000000097e-01 9.792161577972676723e-01 2.028194179775610617e-01 0.000000000000000000e+00 -4.285960000000000214e+00 0.000000000000000000e+00 0.000000000000000000e+00 1.000000000000000000e+00 0.000000000000000000e+00
1.796850950480144704e-01 -9.837241821860363000e-01 0.000000000000000000e+00 -2.116349999999999898e-01 9.837241821860363000e-01 1.796850950480144704e-01 0.000000000000000000e+00 -4.071970000000000312e+00 0.000000000000000000e+00 0.000000000000000000e+00 1.000000000000000000e+00 0.000000000000000000e+00
9.713293623097229990e-02 -9.952714165990852457e-01 0.000000000000000000e+00 -1.971090000000000064e-01 9.952714165990852457e-01 9.713293623097229990e-02 0.000000000000000000e+00 -3.862729999999999997e+00 0.000000000000000000e+00 0.000000000000000000e+00 1.000000000000000000e+00 0.000000000000000000e+00
1.912516069563112431e-02 -9.998170973875003531e-01 0.000000000000000000e+00 -2.010969999999999980e-01 9.998170973875003531e-01 1.912516069563112431e-02 0.000000000000000000e+00 -3.657020000000000159e+00 0.000000000000000000e+00 0.000000000000000000e+00 1.000000000000000000e+00 0.000000000000000000e+00
3.112130092398427902e-02 -9.995156149999853135e-01 0.000000000000000000e+00 -2.040649999999999964e-01 9.995156149999853135e-01 3.112130092398427902e-02 0.000000000000000000e+00 -3.434070000000000178e+00 0.000000000000000000e+00 0.000000000000000000e+00 1.000000000000000000e+00 0.000000000000000000e+00
8.488405895409792401e-02 -9.963908352325794304e-01 0.000000000000000000e+00 -1.942750000000000032e-01 9.963908352325794304e-01 8.488405895409792401e-02 0.000000000000000000e+00 -3.211559999999999970e+00 0.000000000000000000e+00 0.000000000000000000e+00 1.000000000000000000e+00 0.000000000000000000e+00
1.231131847714196370e-01 -9.923926358732405584e-01 0.000000000000000000e+00 -1.750079999999999969e-01 9.923926358732405584e-01 1.231131847714196370e-01 0.000000000000000000e+00 -2.987499999999999822e+00 0.000000000000000000e+00 0.000000000000000000e+00 1.000000000000000000e+00 0.000000000000000000e+00
1.329019444528252158e-01 -9.911291909537616185e-01 0.000000000000000000e+00 -1.524679999999999924e-01 9.911291909537616185e-01 1.329019444528252158e-01 0.000000000000000000e+00 -2.765359999999999818e+00 0.000000000000000000e+00 0.000000000000000000e+00 1.000000000000000000e+00 0.000000000000000000e+00
1.155277857754829079e-01 -9.933042488149409488e-01 0.000000000000000000e+00 -1.335040000000000115e-01 9.933042488149409488e-01 1.155277857754829079e-01 0.000000000000000000e+00 -2.542060000000000208e+00 0.000000000000000000e+00 0.000000000000000000e+00 1.000000000000000000e+00 0.000000000000000000e+00
9.772012942671080837e-02 -9.952139349430487725e-01 0.000000000000000000e+00 -1.184930000000000011e-01 9.952139349430487725e-01 9.772012942671080837e-02 0.000000000000000000e+00 -2.322810000000000041e+00 0.000000000000000000e+00 0.000000000000000000e+00 1.000000000000000000e+00 0.000000000000000000e+00
9.851626921930049796e-02 -9.951354403794039349e-01 0.000000000000000000e+00 -1.042970000000000008e-01 9.951354403794039349e-01 9.851626921930049796e-02 0.000000000000000000e+00 -2.106360000000000010e+00 0.000000000000000000e+00 0.000000000000000000e+00 1.000000000000000000e+00 0.000000000000000000e+00
7.038807409686578809e-02 -9.975196835275653706e-01 0.000000000000000000e+00 -9.848850000000000660e-02 9.975196835275653706e-01 7.038807409686578809e-02 0.000000000000000000e+00 -1.898959999999999981e+00 0.000000000000000000e+00 0.000000000000000000e+00 1.000000000000000000e+00 0.000000000000000000e+00
5.965089477192610928e-02 -9.982192999300848468e-01 0.000000000000000000e+00 -9.696069999999999689e-02 9.982192999300848468e-01 5.965089477192610928e-02 0.000000000000000000e+00 -1.673810000000000020e+00 0.000000000000000000e+00 0.000000000000000000e+00 1.000000000000000000e+00 0.000000000000000000e+00
8.206393674054274223e-02 -9.966270668041502523e-01 0.000000000000000000e+00 -8.972220000000000195e-02 9.966270668041502523e-01 8.206393674054274223e-02 0.000000000000000000e+00 -1.454099999999999948e+00 0.000000000000000000e+00 0.000000000000000000e+00 1.000000000000000000e+00 0.000000000000000000e+00
1.061360419115720821e-01 -9.943516181951659316e-01 0.000000000000000000e+00 -7.835399999999999310e-02 9.943516181951659316e-01 1.061360419115720821e-01 0.000000000000000000e+00 -1.234499999999999931e+00 0.000000000000000000e+00 0.000000000000000000e+00 1.000000000000000000e+00 0.000000000000000000e+00
1.172956833856387132e-01 -9.930970358726763925e-01 0.000000000000000000e+00 -6.374639999999999473e-02 9.930970358726763925e-01 1.172956833856387132e-01 0.000000000000000000e+00 -1.012780000000000014e+00 0.000000000000000000e+00 0.000000000000000000e+00 1.000000000000000000e+00 0.000000000000000000e+00
1.150410528439299584e-01 -9.933607381815330317e-01 0.000000000000000000e+00 -4.840010000000000145e-02 9.933607381815330317e-01 1.150410528439299584e-01 0.000000000000000000e+00 -7.943829999999999503e-01 0.000000000000000000e+00 0.000000000000000000e+00 1.000000000000000000e+00 0.000000000000000000e+00
9.850631785997121526e-02 -9.951364254923393826e-01 0.000000000000000000e+00 -3.498380000000000239e-02 9.951364254923393826e-01 9.850631785997121526e-02 0.000000000000000000e+00 -5.727170000000000316e-01 0.000000000000000000e+00 0.000000000000000000e+00 1.000000000000000000e+00 0.000000000000000000e+00
2.025494156478269484e-02 -9.997948476273555984e-01 0.000000000000000000e+00 -3.953559999999999713e-02 9.997948476273555984e-01 2.025494156478269484e-02 0.000000000000000000e+00 -3.562359999999999971e-01 0.000000000000000000e+00 0.000000000000000000e+00 1.000000000000000000e+00 0.000000000000000000e+00
-6.154081433350852004e-01 -7.882086126888383504e-01 0.000000000000000000e+00 -1.035780000000000034e-01 7.882086126888383504e-01 -6.154081433350852004e-01 0.000000000000000000e+00 -2.845869999999999789e-01 0.000000000000000000e+00 0.000000000000000000e+00 1.000000000000000000e+00 0.000000000000000000e+00
-9.162325877181535239e-01 -4.006467835928501087e-01 0.000000000000000000e+00 -1.769979999999999887e-01 4.006467835928501087e-01 -9.162325877181535239e-01 0.000000000000000000e+00 -2.765929999999999778e-01 0.000000000000000000e+00 0.000000000000000000e+00 1.000000000000000000e+00 0.000000000000000000e+00
-9.335469111881010695e-01 -3.584552477104439028e-01 0.000000000000000000e+00 -4.418770000000000198e-01 3.584552477104439028e-01 -9.335469111881010695e-01 0.000000000000000000e+00 -1.852900000000000102e-01 0.000000000000000000e+00 0.000000000000000000e+00 1.000000000000000000e+00 0.000000000000000000e+00
-9.478636049522872753e-01 -3.186763034912611370e-01 0.000000000000000000e+00 -6.569570000000000132e-01 3.186763034912611370e-01 -9.478636049522872753e-01 0.000000000000000000e+00 -1.186870000000000008e-01 0.000000000000000000e+00 0.000000000000000000e+00 1.000000000000000000e+00 0.000000000000000000e+00
-9.567635662179005962e-01 -2.908667708041003386e-01 0.000000000000000000e+00 -8.725169999999999870e-01 2.908667708041003386e-01 -9.567635662179005962e-01 0.000000000000000000e+00 -5.752990000000000187e-02 0.000000000000000000e+00 0.000000000000000000e+00 1.000000000000000000e+00 0.000000000000000000e+00
-9.783295334211934424e-01 -2.070539157704339717e-01 0.000000000000000000e+00 -1.091809999999999947e+00 2.070539157704339717e-01 -9.783295334211934424e-01 0.000000000000000000e+00 -1.295430000000000019e-02 0.000000000000000000e+00 0.000000000000000000e+00 1.000000000000000000e+00 0.000000000000000000e+00
-9.968206456916037794e-01 -7.967810441378508912e-02 0.000000000000000000e+00 -1.299250000000000016e+00 7.967810441378508912e-02 -9.968206456916037794e-01 0.000000000000000000e+00 2.653739999999999918e-03 0.000000000000000000e+00 0.000000000000000000e+00 1.000000000000000000e+00 0.000000000000000000e+00
-9.999436863204378412e-01 -1.061245437652071945e-02 0.000000000000000000e+00 -1.512070000000000025e+00 1.061245437652071945e-02 -9.999436863204378412e-01 0.000000000000000000e+00 4.583899999999999802e-04 0.000000000000000000e+00 0.000000000000000000e+00 1.000000000000000000e+00 0.000000000000000000e+00
-9.992218450041752131e-01 -3.944241963231901599e-02 0.000000000000000000e+00 -1.734129999999999949e+00 3.944241963231901599e-02 -9.992218450041752131e-01 0.000000000000000000e+00 5.411300000000000181e-04 0.000000000000000000e+00 0.000000000000000000e+00 1.000000000000000000e+00 0.000000000000000000e+00
-9.982527649584994611e-01 -5.908821585317047126e-02 0.000000000000000000e+00 -1.944190000000000085e+00 5.908821585317047126e-02 -9.982527649584994611e-01 0.000000000000000000e+00 1.029159999999999971e-02 0.000000000000000000e+00 0.000000000000000000e+00 1.000000000000000000e+00 0.000000000000000000e+00
-9.996068305562249012e-01 -2.803897832194854681e-02 0.000000000000000000e+00 -2.155079999999999885e+00 2.803897832194854681e-02 -9.996068305562249012e-01 0.000000000000000000e+00 1.432510000000000033e-02 0.000000000000000000e+00 0.000000000000000000e+00 1.000000000000000000e+00 0.000000000000000000e+00
-5.589621834875152517e-01 8.291931484466507074e-01 0.000000000000000000e+00 -2.141199999999999992e+00 -8.291931484466507074e-01 -5.589621834875152517e-01 0.000000000000000000e+00 3.996750000000000025e-01 0.000000000000000000e+00 0.000000000000000000e+00 1.000000000000000000e+00 0.000000000000000000e+00
-8.539952679337946273e-02 9.963467874306951577e-01 0.000000000000000000e+00 -2.148390000000000022e+00 -9.963467874306951577e-01 -8.539952679337946273e-02 0.000000000000000000e+00 2.169989999999999974e-01 0.000000000000000000e+00 0.000000000000000000e+00 1.000000000000000000e+00 0.000000000000000000e+00
-3.899378466356290263e-02 9.992394531630602872e-01 0.000000000000000000e+00 -2.157960000000000100e+00 -9.992394531630602872e-01 -3.899378466356290263e-02 0.000000000000000000e+00 9.872270000000000698e-03 0.000000000000000000e+00 0.000000000000000000e+00 1.000000000000000000e+00 0.000000000000000000e+00
-2.075218341762943841e-02 9.997846502539439184e-01 0.000000000000000000e+00 -2.165249999999999897e+00 -9.997846502539439184e-01 -2.075218341762943841e-02 0.000000000000000000e+00 -2.275399999999999923e-01 0.000000000000000000e+00 0.000000000000000000e+00 1.000000000000000000e+00 0.000000000000000000e+00
2.958510475563732589e-01 9.552340852690488493e-01 0.000000000000000000e+00 -2.125550000000000050e+00 -9.552340852690488493e-01 2.958510475563732589e-01 0.000000000000000000e+00 -4.636129999999999973e-01 0.000000000000000000e+00 0.000000000000000000e+00 1.000000000000000000e+00 0.000000000000000000e+00
3.681758835624211468e-01 9.297561609169526786e-01 0.000000000000000000e+00 -2.047439999999999927e+00 -9.297561609169526786e-01 3.681758835624211468e-01 0.000000000000000000e+00 -6.781559999999999810e-01 0.000000000000000000e+00 0.000000000000000000e+00 1.000000000000000000e+00 0.000000000000000000e+00
2.737370257974188759e-01 9.618045751126281795e-01 0.000000000000000000e+00 -1.982660000000000089e+00 -9.618045751126281795e-01 2.737370257974188759e-01 0.000000000000000000e+00 -9.035290000000000266e-01 0.000000000000000000e+00 0.000000000000000000e+00 1.000000000000000000e+00 0.000000000000000000e+00
3.200086250149367095e-02 9.994878412462857575e-01 0.000000000000000000e+00 -1.960159999999999902e+00 -9.994878412462857575e-01 3.200086250149367095e-02 0.000000000000000000e+00 -1.178889999999999993e+00 0.000000000000000000e+00 0.000000000000000000e+00 1.000000000000000000e+00 0.000000000000000000e+00
-4.889417082444419416e-02 9.988039647795707854e-01 0.000000000000000000e+00 -1.971919999999999895e+00 -9.988039647795707854e-01 -4.889417082444419416e-02 0.000000000000000000e+00 -1.416819999999999968e+00 0.000000000000000000e+00 0.000000000000000000e+00 1.000000000000000000e+00 0.000000000000000000e+00
3.956874998218650186e-01 9.183852146483639789e-01 0.000000000000000000e+00 -1.915429999999999966e+00 -9.183852146483639789e-01 3.956874998218650186e-01 0.000000000000000000e+00 -1.660039999999999960e+00 0.000000000000000000e+00 0.000000000000000000e+00 1.000000000000000000e+00 0.000000000000000000e+00
-3.145795396772751440e-01 9.492311168606061278e-01 0.000000000000000000e+00 -1.900770000000000071e+00 -9.492311168606061278e-01 -3.145795396772751440e-01 0.000000000000000000e+00 -1.845380000000000020e+00 0.000000000000000000e+00 0.000000000000000000e+00 1.000000000000000000e+00 0.000000000000000000e+00
-1.707134209000120140e-01 9.853207233812832921e-01 0.000000000000000000e+00 -1.925149999999999917e+00 -9.853207233812832921e-01 -1.707134209000120140e-01 0.000000000000000000e+00 -2.107499999999999929e+00 0.000000000000000000e+00 0.000000000000000000e+00 1.000000000000000000e+00 0.000000000000000000e+00
-2.578184829881338125e-01 9.661933708268223286e-01 0.000000000000000000e+00 -1.986979999999999968e+00 -9.661933708268223286e-01 -2.578184829881338125e-01 0.000000000000000000e+00 -2.349940000000000140e+00 0.000000000000000000e+00 0.000000000000000000e+00 1.000000000000000000e+00 0.000000000000000000e+00
-2.929527974508429611e-01 9.561269050004426173e-01 0.000000000000000000e+00 -2.059089999999999865e+00 -9.561269050004426173e-01 -2.929527974508429611e-01 0.000000000000000000e+00 -2.588600000000000012e+00 0.000000000000000000e+00 0.000000000000000000e+00 1.000000000000000000e+00 0.000000000000000000e+00
-2.041875237049568526e-01 9.789317929065526336e-01 0.000000000000000000e+00 -2.119110000000000049e+00 -9.789317929065526336e-01 -2.041875237049568526e-01 0.000000000000000000e+00 -2.838369999999999838e+00 0.000000000000000000e+00 0.000000000000000000e+00 1.000000000000000000e+00 0.000000000000000000e+00
-1.114417039942553062e-01 9.937709729162231831e-01 0.000000000000000000e+00 -2.151879999999999793e+00 -9.937709729162231831e-01 -1.114417039942553062e-01 0.000000000000000000e+00 -3.063009999999999788e+00 0.000000000000000000e+00 0.000000000000000000e+00 1.000000000000000000e+00 0.000000000000000000e+00
-7.133612700659265095e-03 9.999745554612061715e-01 0.000000000000000000e+00 -2.161029999999999784e+00 -9.999745554612061715e-01 -7.133612700659265095e-03 0.000000000000000000e+00 -3.277569999999999872e+00 0.000000000000000000e+00 0.000000000000000000e+00 1.000000000000000000e+00 0.000000000000000000e+00
-1.510309896762099605e-02 9.998859416961387581e-01 0.000000000000000000e+00 -2.165410000000000057e+00 -9.998859416961387581e-01 -1.510309896762099605e-02 0.000000000000000000e+00 -3.510520000000000085e+00 0.000000000000000000e+00 0.000000000000000000e+00 1.000000000000000000e+00 0.000000000000000000e+00
-8.393480527344052144e-02 9.964712481871765837e-01 0.000000000000000000e+00 -2.184919999999999973e+00 -9.964712481871765837e-01 -8.393480527344052144e-02 0.000000000000000000e+00 -3.751469999999999860e+00 0.000000000000000000e+00 0.000000000000000000e+00 1.000000000000000000e+00 0.000000000000000000e+00
-1.009514129041332586e-01 9.948913569996772344e-01 0.000000000000000000e+00 -2.209659999999999958e+00 -9.948913569996772344e-01 -1.009514129041332586e-01 0.000000000000000000e+00 -3.993050000000000210e+00 0.000000000000000000e+00 0.000000000000000000e+00 1.000000000000000000e+00 0.000000000000000000e+00
-1.012996186886996886e-01 9.948559630687872080e-01 0.000000000000000000e+00 -2.236629999999999896e+00 -9.948559630687872080e-01 -1.012996186886996886e-01 0.000000000000000000e+00 -4.229169999999999874e+00 0.000000000000000000e+00 0.000000000000000000e+00 1.000000000000000000e+00 0.000000000000000000e+00
-6.986670726327559588e-02 9.975563358608814379e-01 0.000000000000000000e+00 -2.257519999999999971e+00 -9.975563358608814379e-01 -6.986670726327559588e-02 0.000000000000000000e+00 -4.462139999999999773e+00 0.000000000000000000e+00 0.000000000000000000e+00 1.000000000000000000e+00 0.000000000000000000e+00
-5.332836391819243543e-02 9.985770303796341896e-01 0.000000000000000000e+00 -2.275450000000000195e+00 -9.985770303796341896e-01 -5.332836391819243543e-02 0.000000000000000000e+00 -4.692849999999999966e+00 0.000000000000000000e+00 0.000000000000000000e+00 1.000000000000000000e+00 0.000000000000000000e+00
-5.132111771271136852e-02 9.986822031440822922e-01 0.000000000000000000e+00 -2.294399999999999995e+00 -9.986822031440822922e-01 -5.132111771271136852e-02 0.000000000000000000e+00 -4.930769999999999875e+00 0.000000000000000000e+00 0.000000000000000000e+00 1.000000000000000000e+00 0.000000000000000000e+00
-6.380031075257430739e-02 9.979626848474220102e-01 0.000000000000000000e+00 -2.314719999999999889e+00 -9.979626848474220102e-01 -6.380031075257430739e-02 0.000000000000000000e+00 -5.170029999999999681e+00 0.000000000000000000e+00 0.000000000000000000e+00 1.000000000000000000e+00 0.000000000000000000e+00
-4.470876526250526506e-02 9.990000632175666251e-01 0.000000000000000000e+00 -2.330340000000000078e+00 -9.990000632175666251e-01 -4.470876526250526506e-02 0.000000000000000000e+00 -5.406810000000000116e+00 0.000000000000000000e+00 0.000000000000000000e+00 1.000000000000000000e+00 0.000000000000000000e+00
