-3.504649488752759751e-02 9.993856829053028301e-01 0.000000000000000000e+00 4.143720000000000042e-02 -9.993856829053028301e-01 -3.504649488752759751e-02 0.000000000000000000e+00 9.082650000000000445e-02 0.000000000000000000e+00 0.000000000000000000e+00 1.000000000000000000e+00 0.000000000000000000e+00
-3.507647644223930994e-02 9.993846310607328309e-01 0.000000000000000000e+00 4.143730000000000330e-02 -9.993846310607328309e-01 -3.507647644223930994e-02 0.000000000000000000e+00 9.082659999999999345e-02 0.000000000000000000e+00 0.000000000000000000e+00 1.000000000000000000e+00 0.000000000000000000e+00
-3.530633397758384251e-02 9.993765370374988466e-01 0.000000000000000000e+00 4.143739999999999923e-02 -9.993765370374988466e-01 -3.530633397758384251e-02 0.000000000000000000e+00 9.082679999999999920e-02 0.000000000000000000e+00 0.000000000000000000e+00 1.000000000000000000e+00 0.000000000000000000e+00
-3.566610723529591714e-02 9.993637619979425235e-01 0.000000000000000000e+00 4.143750000000000211e-02 -9.993637619979425235e-01 -3.566610723529591714e-02 0.000000000000000000e+00 9.082700000000000495e-02 0.000000000000000000e+00 0.000000000000000000e+00 1.000000000000000000e+00 0.000000000000000000e+00
-3.582600498000711869e-02 9.993580426289531138e-01 0.000000000000000000e+00 4.143759999999999805e-02 -9.993580426289531138e-01 -3.582600498000711869e-02 0.000000000000000000e+00 9.082719999999999683e-02 0.000000000000000000e+00 0.000000000000000000e+00 1.000000000000000000e+00 0.000000000000000000e+00
-5.138103855248622037e-02 9.986791220793933554e-01 0.000000000000000000e+00 2.801129999999999939e-02 -9.986791220793933554e-01 -5.138103855248622037e-02 0.000000000000000000e+00 -1.466820000000000068e-01 0.000000000000000000e+00 0.000000000000000000e+00 1.000000000000000000e+00 0.000000000000000000e+00
-8.233037847327050185e-02 9.966050916890040190e-01 0.000000000000000000e+00 1.124099999999999926e-02 -9.966050916890040190e-01 -8.233037847327050185e-02 0.000000000000000000e+00 -3.729779999999999762e-01 0.000000000000000000e+00 0.000000000000000000e+00 1.000000000000000000e+00 0.000000000000000000e+00
-1.287056599598387363e-01 9.916828389632958984e-01 0.000000000000000000e+00 -1.684369999999999964e-02 -9.916828389632958984e-01 -1.287056599598387363e-01 0.000000000000000000e+00 -5.922199999999999687e-01 0.000000000000000000e+00 0.000000000000000000e+00 1.000000000000000000e+00 0.000000000000000000e+00
-1.748305581455838753e-01 9.845985354135479151e-01 0.000000000000000000e+00 -5.759029999999999705e-02 -9.845985354135479151e-01 -1.748305581455838753e-01 0.000000000000000000e+00 -8.242359999999999687e-01 0.000000000000000000e+00 0.000000000000000000e+00 1.000000000000000000e+00 0.000000000000000000e+00
-1.914739602605384228e-01 9.814976936000133767e-01 0.000000000000000000e+00 -1.018270000000000008e-01 -9.814976936000133767e-01 -1.914739602605384228e-01 0.000000000000000000e+00 -1.045209999999999972e+00 0.000000000000000000e+00 0.000000000000000000e+00 1.000000000000000000e+00 0.000000000000000000e+00
-1.601411760884571267e-01 9.870941210041754843e-01 0.000000000000000000e+00 -1.391979999999999884e-01 -9.870941210041754843e-01 -1.601411760884571267e-01 0.000000000000000000e+00 -1.265060000000000073e+00 0.000000000000000000e+00 0.000000000000000000e+00 1.000000000000000000e+00 0.000000000000000000e+00
-6.938787219180476973e-02 9.975897569605923776e-01 0.000000000000000000e+00 -1.579550000000000121e-01 -9.975897569605923776e-01 -6.938787219180476973e-02 0.000000000000000000e+00 -1.477419999999999956e+00 0.000000000000000000e+00 0.000000000000000000e+00 1.000000000000000000e+00 0.000000000000000000e+00
-9.911069219050731849e-02 9.950764144996697702e-01 0.000000000000000000e+00 -1.760430000000000050e-01 -9.950764144996697702e-01 -9.911069219050731849e-02 0.000000000000000000e+00 -1.694420000000000037e+00 0.000000000000000000e+00 0.000000000000000000e+00 1.000000000000000000e+00 0.000000000000000000e+00
-1.308771349986677379e-01 9.913985956892114038e-01 0.000000000000000000e+00 -2.048969999999999958e-01 -9.913985956892114038e-01 -1.308771349986677379e-01 0.000000000000000000e+00 -1.921059999999999990e+00 0.000000000000000000e+00 0.000000000000000000e+00 1.000000000000000000e+00 0.000000000000000000e+00
-1.466330572356674966e-01 9.891909555418111344e-01 0.000000000000000000e+00 -2.373689999999999967e-01 -9.891909555418111344e-01 -1.466330572356674966e-01 0.000000000000000000e+00 -2.139159999999999950e+00 0.000000000000000000e+00 0.000000000000000000e+00 1.000000000000000000e+00 0.000000000000000000e+00
-1.317792534065559962e-01 9.912790870242399466e-01 0.000000000000000000e+00 -2.671470000000000233e-01 -9.912790870242399466e-01 -1.317792534065559962e-01 0.000000000000000000e+00 -2.357359999999999900e+00 0.000000000000000000e+00 0.000000000000000000e+00 1.000000000000000000e+00 0.000000000000000000e+00
-8.607702281224841045e-02 9.962884854015826575e-01 0.000000000000000000e+00 -2.885730000000000239e-01 -9.962884854015826575e-01 -8.607702281224841045e-02 0.000000000000000000e+00 -2.571750000000000203e+00 0.000000000000000000e+00 0.000000000000000000e+00 1.000000000000000000e+00 0.000000000000000000e+00
-8.648549384504522486e-02 9.962531100851723664e-01 0.000000000000000000e+00 -3.091450000000000031e-01 -9.962531100851723664e-01 -8.648549384504522486e-02 0.000000000000000000e+00 -2.793880000000000141e+00 0.000000000000000000e+00 0.000000000000000000e+00 1.000000000000000000e+00 0.000000000000000000e+00
-1.027619469785605033e-01 9.947059777910131073e-01 0.000000000000000000e+00 -3.321439999999999948e-01 -9.947059777910131073e-01 -1.027619469785605033e-01 0.000000000000000000e+00 -3.012950000000000017e+00 0.000000000000000000e+00 0.000000000000000000e+00 1.000000000000000000e+00 0.000000000000000000e+00
-1.033786448944343656e-01 9.946420742054854491e-01 0.000000000000000000e+00 -3.553259999999999752e-01 -9.946420742054854491e-01 -1.033786448944343656e-01 0.000000000000000000e+00 -3.239580000000000126e+00 0.000000000000000000e+00 0.000000000000000000e+00 1.000000000000000000e+00 0.000000000000000000e+00
-1.039157365157958729e-01 9.945861047211446149e-01 0.000000000000000000e+00 -3.765120000000000133e-01 -9.945861047211446149e-01 -1.039157365157958729e-01 0.000000000000000000e+00 -3.456659999999999844e+00 0.000000000000000000e+00 0.000000000000000000e+00 1.000000000000000000e+00 0.000000000000000000e+00
-1.040151946065235311e-01 9.945757081745798533e-01 0.000000000000000000e+00 -3.990639999999999743e-01 -9.945757081745798533e-01 -1.040151946065235311e-01 0.000000000000000000e+00 -3.678440000000000154e+00 0.000000000000000000e+00 0.000000000000000000e+00 1.000000000000000000e+00 0.000000000000000000e+00
-8.956349817062038421e-02 9.959811141760878117e-01 0.000000000000000000e+00 -4.201520000000000254e-01 -9.959811141760878117e-01 -8.956349817062038421e-02 0.000000000000000000e+00 -3.902769999999999850e+00 0.000000000000000000e+00 0.000000000000000000e+00 1.000000000000000000e+00 0.000000000000000000e+00
-7.472395890654763562e-02 9.972042568929058159e-01 0.000000000000000000e+00 -4.385760000000000214e-01 -9.972042568929058159e-01 -7.472395890654763562e-02 0.000000000000000000e+00 -4.122639999999999638e+00 0.000000000000000000e+00 0.000000000000000000e+00 1.000000000000000000e+00 0.000000000000000000e+00
-7.507297581249171292e-02 9.971780424290623834e-01 0.000000000000000000e+00 -4.561509999999999732e-01 -9.971780424290623834e-01 -7.507297581249171292e-02 0.000000000000000000e+00 -4.344260000000000232e+00 0.000000000000000000e+00 0.000000000000000000e+00 1.000000000000000000e+00 0.000000000000000000e+00
-2.934945801268802612e-02 9.995692118679734284e-01 0.000000000000000000e+00 -4.631839999999999846e-01 -9.995692118679734284e-01 -2.934945801268802612e-02 0.000000000000000000e+00 -4.559639999999999915e+00 0.000000000000000000e+00 0.000000000000000000e+00 1.000000000000000000e+00 0.000000000000000000e+00
-2.995918973364712634e-02 9.995511227298498058e-01 0.000000000000000000e+00 -4.700889999999999791e-01 -9.995511227298498058e-01 -2.995918973364712634e-02 0.000000000000000000e+00 -4.787510000000000154e+00 0.000000000000000000e+00 0.000000000000000000e+00 1.000000000000000000e+00 0.000000000000000000e+00
-6.010742053097146986e-02 9.981919144118093223e-01 0.000000000000000000e+00 -4.818520000000000025e-01 -9.981919144118093223e-01 -6.010742053097146986e-02 0.000000000000000000e+00 -5.010180000000000078e+00 0.000000000000000000e+00 0.000000000000000000e+00 1.000000000000000000e+00 0.000000000000000000e+00
-3.098871131616876343e-02 9.995197345580342230e-01 0.000000000000000000e+00 -4.902909999999999768e-01 -9.995197345580342230e-01 -3.098871131616876343e-02 0.000000000000000000e+00 -5.232359999999999900e+00 0.000000000000000000e+00 0.000000000000000000e+00 1.000000000000000000e+00 0.000000000000000000e+00
-4.738592166897707264e-02 9.988766562632153123e-01 0.000000000000000000e+00 -4.983299999999999952e-01 -9.988766562632153123e-01 -4.738592166897707264e-02 0.000000000000000000e+00 -5.446970000000000312e+00 0.000000000000000000e+00 0.000000000000000000e+00 1.000000000000000000e+00 0.000000000000000000e+00
-3.271783322137043065e-02 9.994646283832653300e-01 0.000000000000000000e+00 -5.052959999999999674e-01 -9.994646283832653300e-01 -3.271783322137043065e-02 0.000000000000000000e+00 -5.667779999999999596e+00 0.000000000000000000e+00 0.000000000000000000e+00 1.000000000000000000e+00 0.000000000000000000e+00
-3.310762192836740059e-02 9.994517924193484504e-01 0.000000000000000000e+00 -5.136979999999999880e-01 -9.994517924193484504e-01 -3.310762192836740059e-02 0.000000000000000000e+00 -5.891160000000000174e+00 0.000000000000000000e+00 0.000000000000000000e+00 1.000000000000000000e+00 0.000000000000000000e+00
-3.338746712876944356e-02 9.994424831068196013e-01 0.000000000000000000e+00 -5.214550000000000018e-01 -9.994424831068196013e-01 -3.338746712876944356e-02 0.000000000000000000e+00 -6.117899999999999672e+00 0.000000000000000000e+00 0.000000000000000000e+00 1.000000000000000000e+00 0.000000000000000000e+00
-3.381722429659024531e-02 9.994280340979404542e-01 0.000000000000000000e+00 -5.299970000000000514e-01 -9.994280340979404542e-01 -3.381722429659024531e-02 0.000000000000000000e+00 -6.340040000000000120e+00 0.000000000000000000e+00 0.000000000000000000e+00 1.000000000000000000e+00 0.000000000000000000e+00
-3.379723572914625912e-02 9.994287102425407632e-01 0.000000000000000000e+00 -5.380190000000000250e-01 -9.994287102425407632e-01 -3.379723572914625912e-02 0.000000000000000000e+00 -6.558239999999999625e+00 0.000000000000000000e+00 0.000000000000000000e+00 1.000000000000000000e+00 0.000000000000000000e+00
-3.325753932420746212e-02 9.994468150322450839e-01 0.000000000000000000e+00 -5.470549999999999580e-01 -9.994468150322450839e-01 -3.325753932420746212e-02 0.000000000000000000e+00 -6.780990000000000073e+00 0.000000000000000000e+00 0.000000000000000000e+00 1.000000000000000000e+00 0.000000000000000000e+00
-4.886420668350294899e-02 9.988054311552334585e-01 0.000000000000000000e+00 -5.580079999999999485e-01 -9.988054311552334585e-01 -4.886420668350294899e-02 0.000000000000000000e+00 -7.000639999999999752e+00 0.000000000000000000e+00 0.000000000000000000e+00 1.000000000000000000e+00 0.000000000000000000e+00
-3.138851672023351691e-02 9.995072591122605710e-01 0.000000000000000000e+00 -5.653000000000000247e-01 -9.995072591122605710e-01 -3.138851672023351691e-02 0.000000000000000000e+00 -7.220989999999999576e+00 0.000000000000000000e+00 0.000000000000000000e+00 1.000000000000000000e+00 0.000000000000000000e+00
1.273598246256068753e-02 9.999188940862721031e-01 0.000000000000000000e+00 -5.654709999999999459e-01 -9.999188940862721031e-01 1.273598246256068753e-02 0.000000000000000000e+00 -7.445929999999999715e+00 0.000000000000000000e+00 0.000000000000000000e+00 1.000000000000000000e+00 0.000000000000000000e+00
2.817259871992662881e-02 9.996030735653856913e-01 0.000000000000000000e+00 -5.608790000000000164e-01 -9.996030735653856913e-01 2.817259871992662881e-02 0.000000000000000000e+00 -7.661139999999999617e+00 0.000000000000000000e+00 0.000000000000000000e+00 1.000000000000000000e+00 0.000000000000000000e+00
2.854244992029284986e-02 9.995925812812676003e-01 0.000000000000000000e+00 -5.572340000000000071e-01 -9.995925812812676003e-01 2.854244992029284986e-02 0.000000000000000000e+00 -7.888869999999999827e+00 0.000000000000000000e+00 0.000000000000000000e+00 1.000000000000000000e+00 0.000000000000000000e+00
1.441582744140351181e-02 9.998960865605883708e-01 0.000000000000000000e+00 -5.549910000000000121e-01 -9.998960865605883708e-01 1.441582744140351181e-02 0.000000000000000000e+00 -8.108420000000000627e+00 0.000000000000000000e+00 0.000000000000000000e+00 1.000000000000000000e+00 0.000000000000000000e+00
1.489577588381925562e-02 9.998890517756552354e-01 0.000000000000000000e+00 -5.530620000000000536e-01 -9.998890517756552354e-01 1.489577588381925562e-02 0.000000000000000000e+00 -8.326639999999999375e+00 0.000000000000000000e+00 0.000000000000000000e+00 1.000000000000000000e+00 0.000000000000000000e+00
1.547570899586466972e-02 9.998802440447932538e-01 0.000000000000000000e+00 -5.500150000000000317e-01 -9.998802440447932538e-01 1.547570899586466972e-02 0.000000000000000000e+00 -8.548840000000000217e+00 0.000000000000000000e+00 0.000000000000000000e+00 1.000000000000000000e+00 0.000000000000000000e+00
2.799266971126052744e-02 9.996081284395581523e-01 0.000000000000000000e+00 -5.460770000000000346e-01 -9.996081284395581523e-01 2.799266971126052744e-02 0.000000000000000000e+00 -8.769059999999999633e+00 0.000000000000000000e+00 0.000000000000000000e+00 1.000000000000000000e+00 0.000000000000000000e+00
1.755542492679756233e-02 9.998458916531285379e-01 0.000000000000000000e+00 -5.441279999999999450e-01 -9.998458916531285379e-01 1.755542492679756233e-02 0.000000000000000000e+00 -8.998459999999999681e+00 0.000000000000000000e+00 0.000000000000000000e+00 1.000000000000000000e+00 0.000000000000000000e+00
2.806323111374290323e-03 9.999960622675444499e-01 0.000000000000000000e+00 -5.428020000000000067e-01 -9.999960622675444499e-01 2.806323111374290323e-03 0.000000000000000000e+00 -9.216450000000000031e+00 0.000000000000000000e+00 0.000000000000000000e+00 1.000000000000000000e+00 0.000000000000000000e+00
-8.736730939567834836e-04 9.999996183475896583e-01 0.000000000000000000e+00 -5.408380000000000409e-01 -9.999996183475896583e-01 -8.736730939567834836e-04 0.000000000000000000e+00 -9.430059999999999221e+00 0.000000000000000000e+00 0.000000000000000000e+00 1.000000000000000000e+00 0.000000000000000000e+00
-4.349868504582851680e-01 9.004368050720613637e-01 0.000000000000000000e+00 -5.865270000000000206e-01 -9.004368050720613637e-01 -4.349868504582851680e-01 0.000000000000000000e+00 -9.619479999999999364e+00 0.000000000000000000e+00 0.000000000000000000e+00 1.000000000000000000e+00 0.000000000000000000e+00
-8.380033014594983065e-01 5.456651599130928343e-01 0.000000000000000000e+00 -6.097310000000000230e-01 -5.456651599130928343e-01 -8.380033014594983065e-01 0.000000000000000000e+00 -9.601119999999999877e+00 0.000000000000000000e+00 0.000000000000000000e+00 1.000000000000000000e+00 0.000000000000000000e+00
-9.995605496152957237e-01 -2.964300343703401078e-02 0.000000000000000000e+00 -6.108749999999999458e-01 2.964300343703401078e-02 -9.995605496152957237e-01 0.000000000000000000e+00 -9.559450000000000003e+00 0.000000000000000000e+00 0.000000000000000000e+00 1.000000000000000000e+00 0.000000000000000000e+00
-8.122265847714337239e-01 -5.833420737359281683e-01 0.000000000000000000e+00 -5.986040000000000250e-01 5.833420737359281683e-01 -8.122265847714337239e-01 0.000000000000000000e+00 -9.525489999999999569e+00 0.000000000000000000e+00 0.000000000000000000e+00 1.000000000000000000e+00 0.000000000000000000e+00
-3.524510931253180268e-01 -9.358302340460946667e-01 0.000000000000000000e+00 -5.698600000000000332e-01 9.358302340460946667e-01 -3.524510931253180268e-01 0.000000000000000000e+00 -9.503519999999999968e+00 0.000000000000000000e+00 0.000000000000000000e+00 1.000000000000000000e+00 0.000000000000000000e+00
1.764772050846200868e-01 -9.843047272494026556e-01 0.000000000000000000e+00 -5.369080000000000519e-01 9.843047272494026556e-01 1.764772050846200868e-01 0.000000000000000000e+00 -9.500450000000000728e+00 0.000000000000000000e+00 0.000000000000000000e+00 1.000000000000000000e+00 0.000000000000000000e+00
4.235365400574511718e-02 -9.991026814058511230e-01 0.000000000000000000e+00 -5.272999999999999909e-01 9.991026814058511230e-01 4.235365400574511718e-02 0.000000000000000000e+00 -9.246219999999999217e+00 0.000000000000000000e+00 0.000000000000000000e+00 1.000000000000000000e+00 0.000000000000000000e+00
1.868319584366153197e-01 -9.823918868286417583e-01 0.000000000000000000e+00 -4.915249999999999897e-01 9.823918868286417583e-01 1.868319584366153197e-01 0.000000000000000000e+00 -9.027540000000000120e+00 0.000000000000000000e+00 0.000000000000000000e+00 1.000000000000000000e+00 0.000000000000000000e+00
2.866673084805670957e-01 -9.580301948521807720e-01 0.000000000000000000e+00 -4.235349999999999948e-01 9.580301948521807720e-01 2.866673084805670957e-01 0.000000000000000000e+00 -8.797850000000000392e+00 0.000000000000000000e+00 0.000000000000000000e+00 1.000000000000000000e+00 0.000000000000000000e+00
2.990971271714640833e-01 -9.542226723976836578e-01 0.000000000000000000e+00 -3.497529999999999806e-01 9.542226723976836578e-01 2.990971271714640833e-01 0.000000000000000000e+00 -8.579900000000000304e+00 0.000000000000000000e+00 0.000000000000000000e+00 1.000000000000000000e+00 0.000000000000000000e+00
-3.665077005281874162e-02 -9.993281348258615804e-01 0.000000000000000000e+00 -3.345759999999999845e-01 9.993281348258615804e-01 -3.665077005281874162e-02 0.000000000000000000e+00 -8.330550000000000566e+00 0.000000000000000000e+00 0.000000000000000000e+00 1.000000000000000000e+00 0.000000000000000000e+00
-1.013844866763064234e-01 -9.948473178640940828e-01 0.000000000000000000e+00 -3.594120000000000092e-01 9.948473178640940828e-01 -1.013844866763064234e-01 0.000000000000000000e+00 -8.112000000000000099e+00 0.000000000000000000e+00 0.000000000000000000e+00 1.000000000000000000e+00 0.000000000000000000e+00
-8.508877706135793695e-03 -9.999637988448292214e-01 0.000000000000000000e+00 -3.689600000000000102e-01 9.999637988448292214e-01 -8.508877706135793695e-03 0.000000000000000000e+00 -7.881899999999999906e+00 0.000000000000000000e+00 0.000000000000000000e+00 1.000000000000000000e+00 0.000000000000000000e+00
1.155079196674022451e-01 -9.933065591719955068e-01 0.000000000000000000e+00 -3.474249999999999838e-01 9.933065591719955068e-01 1.155079196674022451e-01 0.000000000000000000e+00 -7.659250000000000114e+00 0.000000000000000000e+00 0.000000000000000000e+00 1.000000000000000000e+00 0.000000000000000000e+00
1.697897591963331843e-01 -9.854803081097314177e-01 0.000000000000000000e+00 -3.080820000000000225e-01 9.854803081097314177e-01 1.697897591963331843e-01 0.000000000000000000e+00 -7.428950000000000387e+00 0.000000000000000000e+00 0.000000000000000000e+00 1.000000000000000000e+00 0.000000000000000000e+00
1.861344131645753242e-01 -9.825242898961221716e-01 0.000000000000000000e+00 -2.647740000000000093e-01 9.825242898961221716e-01 1.861344131645753242e-01 0.000000000000000000e+00 -7.205099999999999838e+00 0.000000000000000000e+00 0.000000000000000000e+00 1.000000000000000000e+00 0.000000000000000000e+00
1.419155928429478020e-01 -9.898787625300558002e-01 0.000000000000000000e+00 -2.297659999999999980e-01 9.898787625300558002e-01 1.419155928429478020e-01 0.000000000000000000e+00 -6.984849999999999781e+00 0.000000000000000000e+00 0.000000000000000000e+00 1.000000000000000000e+00 0.000000000000000000e+00
6.645731037485944070e-02 -9.977892692837198041e-01 0.000000000000000000e+00 -2.130259999999999931e-01 9.977892692837198041e-01 6.645731037485944070e-02 0.000000000000000000e+00 -6.777709999999999901e+00 0.000000000000000000e+00 0.000000000000000000e+00 1.000000000000000000e+00 0.000000000000000000e+00
-4.836011055158927902e-02 -9.988299653631933506e-01 0.000000000000000000e+00 -2.206529999999999880e-01 9.988299653631933506e-01 -4.836011055158927902e-02 0.000000000000000000e+00 -6.570879999999999832e+00 0.000000000000000000e+00 0.000000000000000000e+00 1.000000000000000000e+00 0.000000000000000000e+00
-7.777037072179526778e-02 -9.969712982016054603e-01 0.000000000000000000e+00 -2.397729999999999861e-01 9.969712982016054603e-01 -7.777037072179526778e-02 0.000000000000000000e+00 -6.353270000000000195e+00 0.000000000000000000e+00 0.000000000000000000e+00 1.000000000000000000e+00 0.000000000000000000e+00
-6.070164065837432149e-02 -9.981559551600048819e-01 0.000000000000000000e+00 -2.538690000000000113e-01 9.981559551600048819e-01 -6.070164065837432149e-02 0.000000000000000000e+00 -6.137880000000000003e+00 0.000000000000000000e+00 0.000000000000000000e+00 1.000000000000000000e+00 0.000000000000000000e+00
-5.932412807736454213e-02 -9.982387729535756593e-01 0.000000000000000000e+00 -2.672829999999999928e-01 9.982387729535756593e-01 -5.932412807736454213e-02 0.000000000000000000e+00 -5.914909999999999890e+00 0.000000000000000000e+00 0.000000000000000000e+00 1.000000000000000000e+00 0.000000000000000000e+00
-1.765806260413819648e-02 -9.998440842576747922e-01 0.000000000000000000e+00 -2.731350000000000167e-01 9.998440842576747922e-01 -1.765806260413819648e-02 0.000000000000000000e+00 -5.690349999999999575e+00 0.000000000000000000e+00 0.000000000000000000e+00 1.000000000000000000e+00 0.000000000000000000e+00
2.199455305990782178e-02 -9.997580905577583277e-01 0.000000000000000000e+00 -2.711180000000000256e-01 9.997580905577583277e-01 2.199455305990782178e-02 0.000000000000000000e+00 -5.465589999999999726e+00 0.000000000000000000e+00 0.000000000000000000e+00 1.000000000000000000e+00 0.000000000000000000e+00
8.053900187153237300e-02 -9.967514580764541554e-01 0.000000000000000000e+00 -2.571280000000000232e-01 9.967514580764541554e-01 8.053900187153237300e-02 0.000000000000000000e+00 -5.238570000000000171e+00 0.000000000000000000e+00 0.000000000000000000e+00 1.000000000000000000e+00 0.000000000000000000e+00
1.344182159682997812e-01 -9.909246909911466616e-01 0.000000000000000000e+00 -2.287240000000000106e-01 9.909246909911466616e-01 1.344182159682997812e-01 0.000000000000000000e+00 -5.003470000000000084e+00 0.000000000000000000e+00 0.000000000000000000e+00 1.000000000000000000e+00 0.000000000000000000e+00
1.564311998557080530e-01 -9.876888577440283701e-01 0.000000000000000000e+00 -1.920590000000000075e-01 9.876888577440283701e-01 1.564311998557080530e-01 0.000000000000000000e+00 -4.770909999999999762e+00 0.000000000000000000e+00 0.000000000000000000e+00 1.000000000000000000e+00 0.000000000000000000e+00
1.549396119079198275e-01 -9.879239427515780214e-01 0.000000000000000000e+00 -1.545439999999999869e-01 9.879239427515780214e-01 1.549396119079198275e-01 0.000000000000000000e+00 -4.545200000000000351e+00 0.000000000000000000e+00 0.000000000000000000e+00 1.000000000000000000e+00 0.000000000000000000e+00
1.115834678565715138e-01 -9.937550652455068301e-01 0.000000000000000000e+00 -1.272260000000000058e-01 9.937550652455068301e-01 1.115834678565715138e-01 0.000000000000000000e+00 -4.329880000000000173e+00 0.000000000000000000e+00 0.000000000000000000e+00 1.000000000000000000e+00 0.000000000000000000e+00
6.366283790322287139e-03 -9.999797350100155802e-01 0.000000000000000000e+00 -1.213319999999999954e-01 9.999797350100155802e-01 6.366283790322287139e-03 0.000000000000000000e+00 -4.119989999999999597e+00 0.000000000000000000e+00 0.000000000000000000e+00 1.000000000000000000e+00 0.000000000000000000e+00
-9.584164305108924808e-02 -9.953965940554888592e-01 0.000000000000000000e+00 -1.379569999999999963e-01 9.953965940554888592e-01 -9.584164305108924808e-02 0.000000000000000000e+00 -3.915220000000000145e+00 0.000000000000000000e+00 0.000000000000000000e+00 1.000000000000000000e+00 0.000000000000000000e+00
-6.748764542836370450e-02 -9.977201099078515378e-01 0.000000000000000000e+00 -1.567179999999999962e-01 9.977201099078515378e-01 -6.748764542836370450e-02 0.000000000000000000e+00 -3.692460000000000075e+00 0.000000000000000000e+00 0.000000000000000000e+00 1.000000000000000000e+00 0.000000000000000000e+00
2.632679489357847192e-05 -9.999999996534499891e-01 0.000000000000000000e+00 -1.594470000000000054e-01 9.999999996534499891e-01 2.632679489357847192e-05 0.000000000000000000e+00 -3.468649999999999789e+00 0.000000000000000000e+00 0.000000000000000000e+00 1.000000000000000000e+00 0.000000000000000000e+00
4.968586092962572198e-02 -9.987648948694992646e-01 0.000000000000000000e+00 -1.500749999999999862e-01 9.987648948694992646e-01 4.968586092962572198e-02 0.000000000000000000e+00 -3.242519999999999847e+00 0.000000000000000000e+00 0.000000000000000000e+00 1.000000000000000000e+00 0.000000000000000000e+00
6.850263730083684666e-02 -9.976509352889065818e-01 0.000000000000000000e+00 -1.349609999999999976e-01 9.976509352889065818e-01 6.850263730083684666e-02 0.000000000000000000e+00 -3.018209999999999837e+00 0.000000000000000000e+00 0.000000000000000000e+00 1.000000000000000000e+00 0.000000000000000000e+00
5.787397085741263075e-02 -9.983238970881120888e-01 0.000000000000000000e+00 -1.216269999999999990e-01 9.983238970881120888e-01 5.787397085741263075e-02 0.000000000000000000e+00 -2.793140000000000178e+00 0.000000000000000000e+00 0.000000000000000000e+00 1.000000000000000000e+00 0.000000000000000000e+00
4.483129586985819953e-02 -9.989945720125956719e-01 0.000000000000000000e+00 -1.105690000000000006e-01 9.989945720125956719e-01 4.483129586985819953e-02 0.000000000000000000e+00 -2.572439999999999838e+00 0.000000000000000000e+00 0.000000000000000000e+00 1.000000000000000000e+00 0.000000000000000000e+00
4.855722511667459607e-02 -9.988204022190217968e-01 0.000000000000000000e+00 -9.917330000000000589e-02 9.988204022190217968e-01 4.855722511667459607e-02 0.000000000000000000e+00 -2.354649999999999910e+00 0.000000000000000000e+00 0.000000000000000000e+00 1.000000000000000000e+00 0.000000000000000000e+00
2.146467820758399606e-02 -9.997696072543138524e-01 0.000000000000000000e+00 -9.509539999999999660e-02 9.997696072543138524e-01 2.146467820758399606e-02 0.000000000000000000e+00 -2.146349999999999980e+00 0.000000000000000000e+00 0.000000000000000000e+00 1.000000000000000000e+00 0.000000000000000000e+00
9.866166723724844809e-03 -9.999513281926174502e-01 0.000000000000000000e+00 -9.593169999999999475e-02 9.999513281926174502e-01 9.866166723724844809e-03 0.000000000000000000e+00 -1.920539999999999914e+00 0.000000000000000000e+00 0.000000000000000000e+00 1.000000000000000000e+00 0.000000000000000000e+00
2.958201058166883002e-02 -9.995623565590823212e-01 0.000000000000000000e+00 -9.095150000000000456e-02 9.995623565590823212e-01 2.958201058166883002e-02 0.000000000000000000e+00 -1.699880000000000058e+00 0.000000000000000000e+00 0.000000000000000000e+00 1.000000000000000000e+00 0.000000000000000000e+00
4.904664126488200021e-02 -9.987964892712799525e-01 0.000000000000000000e+00 -8.238420000000000465e-02 9.987964892712799525e-01 4.904664126488200021e-02 0.000000000000000000e+00 -1.479090000000000016e+00 0.000000000000000000e+00 0.000000000000000000e+00 1.000000000000000000e+00 0.000000000000000000e+00
5.355069935498778244e-02 -9.985651318760292439e-01 0.000000000000000000e+00 -7.163799999999999335e-02 9.985651318760292439e-01 5.355069935498778244e-02 0.000000000000000000e+00 -1.255949999999999900e+00 0.000000000000000000e+00 0.000000000000000000e+00 1.000000000000000000e+00 0.000000000000000000e+00
4.249352796561923357e-02 -9.990967421031033968e-01 0.000000000000000000e+00 -6.129729999999999901e-02 9.990967421031033968e-01 4.249352796561923357e-02 0.000000000000000000e+00 -1.035989999999999966e+00 0.000000000000000000e+00 0.000000000000000000e+00 1.000000000000000000e+00 0.000000000000000000e+00
1.483578251393636790e-02 -9.998899437224074704e-01 0.000000000000000000e+00 -5.485480000000000217e-02 9.998899437224074704e-01 1.483578251393636790e-02 0.000000000000000000e+00 -8.128060000000000285e-01 0.000000000000000000e+00 0.000000000000000000e+00 1.000000000000000000e+00 0.000000000000000000e+00
-7.691294675154940197e-02 -9.970378120322184179e-01 0.000000000000000000e+00 -6.808500000000000663e-02 9.970378120322184179e-01 -7.691294675154940197e-02 0.000000000000000000e+00 -5.962009999999999810e-01 0.000000000000000000e+00 0.000000000000000000e+00 1.000000000000000000e+00 0.000000000000000000e+00
-6.833702022794433395e-01 -7.300720283893586959e-01 0.000000000000000000e+00 -1.362450000000000050e-01 7.300720283893586959e-01 -6.833702022794433395e-01 0.000000000000000000e+00 -5.262080000000000091e-01 0.000000000000000000e+00 0.000000000000000000e+00 1.000000000000000000e+00 0.000000000000000000e+00
-9.459945866818273430e-01 -3.241824208199431401e-01 0.000000000000000000e+00 -2.075190000000000090e-01 3.241824208199431401e-01 -9.459945866818273430e-01 0.000000000000000000e+00 -5.199390000000000400e-01 0.000000000000000000e+00 0.000000000000000000e+00 1.000000000000000000e+00 0.000000000000000000e+00
-9.581359042473018839e-01 -2.863137946243686782e-01 0.000000000000000000e+00 -4.764160000000000061e-01 2.863137946243686782e-01 -9.581359042473018839e-01 0.000000000000000000e+00 -4.458599999999999786e-01 0.000000000000000000e+00 0.000000000000000000e+00 1.000000000000000000e+00 0.000000000000000000e+00
-9.693445467763717183e-01 -2.457054123028436510e-01 0.000000000000000000e+00 -6.942089999999999650e-01 2.457054123028436510e-01 -9.693445467763717183e-01 0.000000000000000000e+00 -3.902450000000000085e-01 0.000000000000000000e+00 0.000000000000000000e+00 1.000000000000000000e+00 0.000000000000000000e+00
-9.763541529981167866e-01 -2.161771679047765904e-01 0.000000000000000000e+00 -9.120570000000000066e-01 2.161771679047765904e-01 -9.763541529981167866e-01 0.000000000000000000e+00 -3.400590000000000002e-01 0.000000000000000000e+00 0.000000000000000000e+00 1.000000000000000000e+00 0.000000000000000000e+00
-9.917080882210226322e-01 -1.285109635673327977e-01 0.000000000000000000e+00 -1.132400000000000073e+00 1.285109635673327977e-01 -9.917080882210226322e-01 0.000000000000000000e+00 -3.069319999999999826e-01 0.000000000000000000e+00 0.000000000000000000e+00 1.000000000000000000e+00 0.000000000000000000e+00
-9.999936893328729148e-01 3.552646116585190736e-03 0.000000000000000000e+00 -1.338700000000000001e+00 -3.552646116585190736e-03 -9.999936893328729148e-01 0.000000000000000000e+00 -3.022569999999999979e-01 0.000000000000000000e+00 0.000000000000000000e+00 1.000000000000000000e+00 0.000000000000000000e+00
-9.969966236736444998e-01 7.744502813837228494e-02 0.000000000000000000e+00 -1.548880000000000035e+00 -7.744502813837228494e-02 -9.969966236736444998e-01 0.000000000000000000e+00 -3.164910000000000223e-01 0.000000000000000000e+00 0.000000000000000000e+00 1.000000000000000000e+00 0.000000000000000000e+00
-9.985009005855467468e-01 5.473528596666078772e-02 0.000000000000000000e+00 -1.768389999999999906e+00 -5.473528596666078772e-02 -9.985009005855467468e-01 0.000000000000000000e+00 -3.302419999999999800e-01 0.000000000000000000e+00 0.000000000000000000e+00 1.000000000000000000e+00 0.000000000000000000e+00
-9.991915801928854535e-01 4.020181677044630530e-02 0.000000000000000000e+00 -1.989419999999999966e+00 -4.020181677044630530e-02 -9.991915801928854535e-01 0.000000000000000000e+00 -3.382029999999999759e-01 0.000000000000000000e+00 0.000000000000000000e+00 1.000000000000000000e+00 0.000000000000000000e+00
-9.970329127172543604e-01 7.697643118869436363e-02 0.000000000000000000e+00 -2.210710000000000175e+00 -7.697643118869436363e-02 -9.970329127172543604e-01 0.000000000000000000e+00 -3.530610000000000137e-01 0.000000000000000000e+00 0.000000000000000000e+00 1.000000000000000000e+00 0.000000000000000000e+00
-6.884455674673806147e-01 7.252880121955114223e-01 0.000000000000000000e+00 -2.276930000000000121e+00 -7.252880121955114223e-01 -6.884455674673806147e-01 0.000000000000000000e+00 -4.185599999999999876e-01 0.000000000000000000e+00 0.000000000000000000e+00 1.000000000000000000e+00 0.000000000000000000e+00
-2.508649484302715171e-01 9.680220956409399946e-01 0.000000000000000000e+00 -2.315389999999999837e+00 -9.680220956409399946e-01 -2.508649484302715171e-01 0.000000000000000000e+00 -6.005740000000000522e-01 0.000000000000000000e+00 0.000000000000000000e+00 1.000000000000000000e+00 0.000000000000000000e+00
-2.073288373802106843e-01 9.782713085798694364e-01 0.000000000000000000e+00 -2.360619999999999941e+00 -9.782713085798694364e-01 -2.073288373802106843e-01 0.000000000000000000e+00 -8.062240000000000517e-01 0.000000000000000000e+00 0.000000000000000000e+00 1.000000000000000000e+00 0.000000000000000000e+00
-1.573371867363492771e-01 9.875449405823976123e-01 0.000000000000000000e+00 -2.395540000000000003e+00 -9.875449405823976123e-01 -1.573371867363492771e-01 0.000000000000000000e+00 -1.014680000000000026e+00 0.000000000000000000e+00 0.000000000000000000e+00 1.000000000000000000e+00 0.000000000000000000e+00
1.855939966795477070e-01 9.826265152114063151e-01 0.000000000000000000e+00 -2.379300000000000193e+00 -9.826265152114063151e-01 1.855939966795477070e-01 0.000000000000000000e+00 -1.234329999999999927e+00 0.000000000000000000e+00 0.000000000000000000e+00 1.000000000000000000e+00 0.000000000000000000e+00
2.781776257559266385e-01 9.605296499998298154e-01 0.000000000000000000e+00 -2.318160000000000220e+00 -9.605296499998298154e-01 2.781776257559266385e-01 0.000000000000000000e+00 -1.438479999999999981e+00 0.000000000000000000e+00 0.000000000000000000e+00 1.000000000000000000e+00 0.000000000000000000e+00
1.959207671635019299e-01 9.806197290459053306e-01 0.000000000000000000e+00 -2.267980000000000107e+00 -9.806197290459053306e-01 1.959207671635019299e-01 0.000000000000000000e+00 -1.652030000000000109e+00 0.000000000000000000e+00 0.000000000000000000e+00 1.000000000000000000e+00 0.000000000000000000e+00
-3.534630901080965809e-02 9.993751239846389023e-01 0.000000000000000000e+00 -2.260969999999999924e+00 -9.993751239846389023e-01 -3.534630901080965809e-02 0.000000000000000000e+00 -1.911829999999999918e+00 0.000000000000000000e+00 0.000000000000000000e+00 1.000000000000000000e+00 0.000000000000000000e+00
-1.046019761364581496e-01 9.945141661074254902e-01 0.000000000000000000e+00 -2.282420000000000115e+00 -9.945141661074254902e-01 -1.046019761364581496e-01 0.000000000000000000e+00 -2.132140000000000146e+00 0.000000000000000000e+00 0.000000000000000000e+00 1.000000000000000000e+00 0.000000000000000000e+00
3.522240001855231339e-01 9.359157300170291016e-01 0.000000000000000000e+00 -2.233659999999999979e+00 -9.359157300170291016e-01 3.522240001855231339e-01 0.000000000000000000e+00 -2.362220000000000208e+00 0.000000000000000000e+00 0.000000000000000000e+00 1.000000000000000000e+00 0.000000000000000000e+00
-3.514633086861055355e-01 9.362016570415880867e-01 0.000000000000000000e+00 -2.221979999999999844e+00 -9.362016570415880867e-01 -3.514633086861055355e-01 0.000000000000000000e+00 -2.532270000000000021e+00 0.000000000000000000e+00 0.000000000000000000e+00 1.000000000000000000e+00 0.000000000000000000e+00
-2.024740812797148903e-01 9.792876219017248030e-01 0.000000000000000000e+00 -2.251020000000000021e+00 -9.792876219017248030e-01 -2.024740812797148903e-01 0.000000000000000000e+00 -2.777540000000000120e+00 0.000000000000000000e+00 0.000000000000000000e+00 1.000000000000000000e+00 0.000000000000000000e+00
-2.826385196973508762e-01 9.592264942042052489e-01 0.000000000000000000e+00 -2.315209999999999990e+00 -9.592264942042052489e-01 -2.826385196973508762e-01 0.000000000000000000e+00 -3.002149999999999874e+00 0.000000000000000000e+00 0.000000000000000000e+00 1.000000000000000000e+00 0.000000000000000000e+00
-3.113123297730368000e-01 9.503076519376679743e-01 0.000000000000000000e+00 -2.388110000000000177e+00 -9.503076519376679743e-01 -3.113123297730368000e-01 0.000000000000000000e+00 -3.223129999999999828e+00 0.000000000000000000e+00 0.000000000000000000e+00 1.000000000000000000e+00 0.000000000000000000e+00
-2.169253107045479301e-01 9.761882039728483340e-01 0.000000000000000000e+00 -2.447700000000000209e+00 -9.761882039728483340e-01 -2.169253107045479301e-01 0.000000000000000000e+00 -3.455960000000000143e+00 0.000000000000000000e+00 0.000000000000000000e+00 1.000000000000000000e+00 0.000000000000000000e+00
-1.188024200025316890e-01 9.929179145334935397e-01 0.000000000000000000e+00 -2.478289999999999882e+00 -9.929179145334935397e-01 -1.188024200025316890e-01 0.000000000000000000e+00 -3.664449999999999985e+00 0.000000000000000000e+00 0.000000000000000000e+00 1.000000000000000000e+00 0.000000000000000000e+00
-9.853513749015215678e-03 9.999514529549912156e-01 0.000000000000000000e+00 -2.484030000000000182e+00 -9.999514529549912156e-01 -9.853513749015215678e-03 0.000000000000000000e+00 -3.863290000000000113e+00 0.000000000000000000e+00 0.000000000000000000e+00 1.000000000000000000e+00 0.000000000000000000e+00
-1.423319259231574201e-02 9.998987029837722584e-01 0.000000000000000000e+00 -2.484150000000000080e+00 -9.998987029837722584e-01 -1.423319259231574201e-02 0.000000000000000000e+00 -4.080630000000000202e+00 0.000000000000000000e+00 0.000000000000000000e+00 1.000000000000000000e+00 0.000000000000000000e+00
-8.034697263157127012e-02 9.967669557067697639e-01 0.000000000000000000e+00 -2.498629999999999907e+00 -9.967669557067697639e-01 -8.034697263157127012e-02 0.000000000000000000e+00 -4.306040000000000312e+00 0.000000000000000000e+00 0.000000000000000000e+00 1.000000000000000000e+00 0.000000000000000000e+00
-9.543819380388741946e-02 9.954353576016132799e-01 0.000000000000000000e+00 -2.517729999999999801e+00 -9.954353576016132799e-01 -9.543819380388741946e-02 0.000000000000000000e+00 -4.532169999999999810e+00 0.000000000000000000e+00 0.000000000000000000e+00 1.000000000000000000e+00 0.000000000000000000e+00
-9.458208420883348899e-02 9.955170663261947439e-01 0.000000000000000000e+00 -2.538660000000000139e+00 -9.955170663261947439e-01 -9.458208420883348899e-02 0.000000000000000000e+00 -4.752909999999999968e+00 0.000000000000000000e+00 0.000000000000000000e+00 1.000000000000000000e+00 0.000000000000000000e+00
-6.271249374091815432e-02 9.980316343326975925e-01 0.000000000000000000e+00 -2.553259999999999863e+00 -9.980316343326975925e-01 -6.271249374091815432e-02 0.000000000000000000e+00 -4.970489999999999853e+00 0.000000000000000000e+00 0.000000000000000000e+00 1.000000000000000000e+00 0.000000000000000000e+00
-4.658680526570971314e-02 9.989142453559939350e-01 0.000000000000000000e+00 -2.564830000000000165e+00 -9.989142453559939350e-01 -4.658680526570971314e-02 0.000000000000000000e+00 -5.185800000000000409e+00 0.000000000000000000e+00 0.000000000000000000e+00 1.000000000000000000e+00 0.000000000000000000e+00
-4.584759603614361329e-02 9.989484460860362791e-01 0.000000000000000000e+00 -2.577459999999999862e+00 -9.989484460860362791e-01 -4.584759603614361329e-02 0.000000000000000000e+00 -5.408299999999999663e+00 0.000000000000000000e+00 0.000000000000000000e+00 1.000000000000000000e+00 0.000000000000000000e+00
-6.043682058389961836e-02 9.981720246118449547e-01 0.000000000000000000e+00 -2.591730000000000089e+00 -9.981720246118449547e-01 -6.043682058389961836e-02 0.000000000000000000e+00 -5.632119999999999571e+00 0.000000000000000000e+00 0.000000000000000000e+00 1.000000000000000000e+00 0.000000000000000000e+00
-4.435911250910588854e-02 9.990156500963358610e-01 0.000000000000000000e+00 -2.601760000000000073e+00 -9.990156500963358610e-01 -4.435911250910588854e-02 0.000000000000000000e+00 -5.853360000000000340e+00 0.000000000000000000e+00 0.000000000000000000e+00 1.000000000000000000e+00 0.000000000000000000e+00
