-5.534607168921947817e-01 8.328752816941908943e-01 0.000000000000000000e+00 5.626750000000000362e+00 -8.328752816941908943e-01 -5.534607168921947817e-01 0.000000000000000000e+00 -5.169480000000000075e+00 0.000000000000000000e+00 0.000000000000000000e+00 1.000000000000000000e+00 0.000000000000000000e+00
-5.747623227620102249e-01 8.183203971142468669e-01 0.000000000000000000e+00 5.494760000000000311e+00 -8.183203971142468669e-01 -5.747623227620102249e-01 0.000000000000000000e+00 -5.353180000000000049e+00 0.000000000000000000e+00 0.000000000000000000e+00 1.000000000000000000e+00 0.000000000000000000e+00
-5.743940204010526962e-01 8.185789572958219740e-01 0.000000000000000000e+00 5.366769999999999818e+00 -8.185789572958219740e-01 -5.743940204010526962e-01 0.000000000000000000e+00 -5.528660000000000352e+00 0.000000000000000000e+00 0.000000000000000000e+00 1.000000000000000000e+00 0.000000000000000000e+00
-5.835746120554216043e-01 8.120595250130153708e-01 0.000000000000000000e+00 5.231690000000000396e+00 -8.120595250130153708e-01 -5.835746120554216043e-01 0.000000000000000000e+00 -5.710119999999999862e+00 0.000000000000000000e+00 0.000000000000000000e+00 1.000000000000000000e+00 0.000000000000000000e+00
-5.863565379195201377e-01 8.100530911236832887e-01 0.000000000000000000e+00 5.097730000000000317e+00 -8.100530911236832887e-01 -5.863565379195201377e-01 0.000000000000000000e+00 -5.891219999999999679e+00 0.000000000000000000e+00 0.000000000000000000e+00 1.000000000000000000e+00 0.000000000000000000e+00
-5.608181722630209975e-01 8.279389939238063212e-01 0.000000000000000000e+00 4.971619999999999706e+00 -8.279389939238063212e-01 -5.608181722630209975e-01 0.000000000000000000e+00 -6.067709999999999937e+00 0.000000000000000000e+00 0.000000000000000000e+00 1.000000000000000000e+00 0.000000000000000000e+00
-5.733211894149833343e-01 8.193307108657582605e-01 0.000000000000000000e+00 4.840860000000000163e+00 -8.193307108657582605e-01 -5.733211894149833343e-01 0.000000000000000000e+00 -6.249760000000000204e+00 0.000000000000000000e+00 0.000000000000000000e+00 1.000000000000000000e+00 0.000000000000000000e+00
-6.105728119022811873e-01 7.919601261210955645e-01 0.000000000000000000e+00 4.701559999999999739e+00 -7.919601261210955645e-01 -6.105728119022811873e-01 0.000000000000000000e+00 -6.429310000000000080e+00 0.000000000000000000e+00 0.000000000000000000e+00 1.000000000000000000e+00 0.000000000000000000e+00
-6.227430621877196870e-01 7.824264045244523347e-01 0.000000000000000000e+00 4.560469999999999580e+00 -7.824264045244523347e-01 -6.227430621877196870e-01 0.000000000000000000e+00 -6.602190000000000225e+00 0.000000000000000000e+00 0.000000000000000000e+00 1.000000000000000000e+00 0.000000000000000000e+00
-6.105728119022811873e-01 7.919601261210955645e-01 0.000000000000000000e+00 4.424260000000000304e+00 -7.919601261210955645e-01 -6.105728119022811873e-01 0.000000000000000000e+00 -6.772319999999999673e+00 0.000000000000000000e+00 0.000000000000000000e+00 1.000000000000000000e+00 0.000000000000000000e+00
-5.983127203924835102e-01 8.012626839036907089e-01 0.000000000000000000e+00 4.287399999999999878e+00 -8.012626839036907089e-01 -5.983127203924835102e-01 0.000000000000000000e+00 -6.948850000000000193e+00 0.000000000000000000e+00 0.000000000000000000e+00 1.000000000000000000e+00 0.000000000000000000e+00
-6.096220203666482540e-01 7.926922431083111009e-01 0.000000000000000000e+00 4.145830000000000126e+00 -7.926922431083111009e-01 -6.096220203666482540e-01 0.000000000000000000e+00 -7.133090000000000153e+00 0.000000000000000000e+00 0.000000000000000000e+00 1.000000000000000000e+00 0.000000000000000000e+00
-6.589813635988870377e-01 7.521592666645484648e-01 0.000000000000000000e+00 3.998650000000000038e+00 -7.521592666645484648e-01 -6.589813635988870377e-01 0.000000000000000000e+00 -7.298869999999999969e+00 0.000000000000000000e+00 0.000000000000000000e+00 1.000000000000000000e+00 0.000000000000000000e+00
-6.476100243608439166e-01 7.619719524676398237e-01 0.000000000000000000e+00 3.853330000000000144e+00 -7.619719524676398237e-01 -6.476100243608439166e-01 0.000000000000000000e+00 -7.461579999999999657e+00 0.000000000000000000e+00 0.000000000000000000e+00 1.000000000000000000e+00 0.000000000000000000e+00
-6.361697448823863121e-01 7.715491272085527319e-01 0.000000000000000000e+00 3.708120000000000083e+00 -7.715491272085527319e-01 -6.361697448823863121e-01 0.000000000000000000e+00 -7.630919999999999703e+00 0.000000000000000000e+00 0.000000000000000000e+00 1.000000000000000000e+00 0.000000000000000000e+00
-6.251421728331940653e-01 7.805108991842413246e-01 0.000000000000000000e+00 3.565760000000000041e+00 -7.805108991842413246e-01 -6.251421728331940653e-01 0.000000000000000000e+00 -7.802649999999999864e+00 0.000000000000000000e+00 0.000000000000000000e+00 1.000000000000000000e+00 0.000000000000000000e+00
-6.009855955153335927e-01 7.992598538542267095e-01 0.000000000000000000e+00 3.428539999999999921e+00 -7.992598538542267095e-01 -6.009855955153335927e-01 0.000000000000000000e+00 -7.975830000000000197e+00 0.000000000000000000e+00 0.000000000000000000e+00 1.000000000000000000e+00 0.000000000000000000e+00
-6.138147074649760171e-01 7.894501281903030243e-01 0.000000000000000000e+00 3.292949999999999822e+00 -7.894501281903030243e-01 -6.138147074649760171e-01 0.000000000000000000e+00 -8.147169999999999135e+00 0.000000000000000000e+00 0.000000000000000000e+00 1.000000000000000000e+00 0.000000000000000000e+00
-6.267097358661641859e-01 7.792527875924235570e-01 0.000000000000000000e+00 3.151990000000000069e+00 -7.792527875924235570e-01 -6.267097358661641859e-01 0.000000000000000000e+00 -8.320109999999999673e+00 0.000000000000000000e+00 0.000000000000000000e+00 1.000000000000000000e+00 0.000000000000000000e+00
-6.270058066698802612e-01 7.790145816364754117e-01 0.000000000000000000e+00 3.006839999999999957e+00 -7.790145816364754117e-01 -6.270058066698802612e-01 0.000000000000000000e+00 -8.499750000000000583e+00 0.000000000000000000e+00 0.000000000000000000e+00 1.000000000000000000e+00 0.000000000000000000e+00
-6.173138042787342794e-01 7.867170184042776571e-01 0.000000000000000000e+00 2.868160000000000043e+00 -7.867170184042776571e-01 -6.173138042787342794e-01 0.000000000000000000e+00 -8.674269999999999925e+00 0.000000000000000000e+00 0.000000000000000000e+00 1.000000000000000000e+00 0.000000000000000000e+00
-6.173924728938744444e-01 7.866552830903676963e-01 0.000000000000000000e+00 2.729420000000000179e+00 -7.866552830903676963e-01 -6.173924728938744444e-01 0.000000000000000000e+00 -8.846339999999999648e+00 0.000000000000000000e+00 0.000000000000000000e+00 1.000000000000000000e+00 0.000000000000000000e+00
-6.181473773552145223e-01 7.860622239167012193e-01 0.000000000000000000e+00 2.587730000000000086e+00 -7.860622239167012193e-01 -6.181473773552145223e-01 0.000000000000000000e+00 -9.022180000000000533e+00 0.000000000000000000e+00 0.000000000000000000e+00 1.000000000000000000e+00 0.000000000000000000e+00
-6.187917404854547110e-01 7.855550788499694459e-01 0.000000000000000000e+00 2.445770000000000000e+00 -7.855550788499694459e-01 -6.187917404854547110e-01 0.000000000000000000e+00 -9.197929999999999495e+00 0.000000000000000000e+00 0.000000000000000000e+00 1.000000000000000000e+00 0.000000000000000000e+00
-6.433098813432012175e-01 7.656059016009453266e-01 0.000000000000000000e+00 2.300149999999999917e+00 -7.656059016009453266e-01 -6.433098813432012175e-01 0.000000000000000000e+00 -9.370929999999999538e+00 0.000000000000000000e+00 0.000000000000000000e+00 1.000000000000000000e+00 0.000000000000000000e+00
-6.808435047529607376e-01 7.324289194424978833e-01 0.000000000000000000e+00 2.147180000000000089e+00 -7.324289194424978833e-01 -6.808435047529607376e-01 0.000000000000000000e+00 -9.535759999999999792e+00 0.000000000000000000e+00 0.000000000000000000e+00 1.000000000000000000e+00 0.000000000000000000e+00
-6.877344547376663675e-01 7.259623404603607888e-01 0.000000000000000000e+00 1.989060000000000050e+00 -7.259623404603607888e-01 -6.877344547376663675e-01 0.000000000000000000e+00 -9.697340000000000515e+00 0.000000000000000000e+00 0.000000000000000000e+00 1.000000000000000000e+00 0.000000000000000000e+00
-6.677363227773162047e-01 7.443978796610235538e-01 0.000000000000000000e+00 1.842030000000000056e+00 -7.443978796610235538e-01 -6.677363227773162047e-01 0.000000000000000000e+00 -9.856389999999999318e+00 0.000000000000000000e+00 0.000000000000000000e+00 1.000000000000000000e+00 0.000000000000000000e+00
-6.531172526948193502e-01 7.572567954349247454e-01 0.000000000000000000e+00 1.692460000000000075e+00 -7.572567954349247454e-01 -6.531172526948193502e-01 0.000000000000000000e+00 -1.002330000000000076e+01 0.000000000000000000e+00 0.000000000000000000e+00 1.000000000000000000e+00 0.000000000000000000e+00
-6.564654806562638667e-01 7.543560649366719550e-01 0.000000000000000000e+00 1.544589999999999907e+00 -7.543560649366719550e-01 -6.564654806562638667e-01 0.000000000000000000e+00 -1.019110000000000049e+01 0.000000000000000000e+00 0.000000000000000000e+00 1.000000000000000000e+00 0.000000000000000000e+00
-6.565182839724259534e-01 7.543101105048911625e-01 0.000000000000000000e+00 1.397650000000000059e+00 -7.543101105048911625e-01 -6.565182839724259534e-01 0.000000000000000000e+00 -1.035769999999999946e+01 0.000000000000000000e+00 0.000000000000000000e+00 1.000000000000000000e+00 0.000000000000000000e+00
-6.447480827334569620e-01 7.643951267580997300e-01 0.000000000000000000e+00 1.251609999999999889e+00 -7.643951267580997300e-01 -6.447480827334569620e-01 0.000000000000000000e+00 -1.052459999999999951e+01 0.000000000000000000e+00 0.000000000000000000e+00 1.000000000000000000e+00 0.000000000000000000e+00
-6.563749532021373456e-01 7.544348353627978732e-01 0.000000000000000000e+00 1.102149999999999963e+00 -7.544348353627978732e-01 -6.563749532021373456e-01 0.000000000000000000e+00 -1.069270000000000032e+01 0.000000000000000000e+00 0.000000000000000000e+00 1.000000000000000000e+00 0.000000000000000000e+00
-6.561863239835442618e-01 7.545989055233005560e-01 0.000000000000000000e+00 9.489109999999999490e-01 -7.545989055233005560e-01 -6.561863239835442618e-01 0.000000000000000000e+00 -1.086529999999999951e+01 0.000000000000000000e+00 0.000000000000000000e+00 1.000000000000000000e+00 0.000000000000000000e+00
-6.835999168637580947e-01 7.298569405464765403e-01 0.000000000000000000e+00 7.936680000000000401e-01 -7.298569405464765403e-01 -6.835999168637580947e-01 0.000000000000000000e+00 -1.103069999999999951e+01 0.000000000000000000e+00 0.000000000000000000e+00 1.000000000000000000e+00 0.000000000000000000e+00
-7.011461360950818067e-01 7.130175985478458545e-01 0.000000000000000000e+00 6.405300000000000438e-01 -7.130175985478458545e-01 -7.011461360950818067e-01 0.000000000000000000e+00 -1.118099999999999916e+01 0.000000000000000000e+00 0.000000000000000000e+00 1.000000000000000000e+00 0.000000000000000000e+00
-6.896992848784768704e-01 7.240959166009137693e-01 0.000000000000000000e+00 4.843770000000000020e-01 -7.240959166009137693e-01 -6.896992848784768704e-01 0.000000000000000000e+00 -1.134070000000000000e+01 0.000000000000000000e+00 0.000000000000000000e+00 1.000000000000000000e+00 0.000000000000000000e+00
-6.780553658731919286e-01 7.350108304035878337e-01 0.000000000000000000e+00 3.321790000000000020e-01 -7.350108304035878337e-01 -6.780553658731919286e-01 0.000000000000000000e+00 -1.150409999999999933e+01 0.000000000000000000e+00 0.000000000000000000e+00 1.000000000000000000e+00 0.000000000000000000e+00
-6.662536498236381055e-01 7.457252001217882231e-01 0.000000000000000000e+00 1.820199999999999874e-01 -7.457252001217882231e-01 -6.662536498236381055e-01 0.000000000000000000e+00 -1.166929999999999978e+01 0.000000000000000000e+00 0.000000000000000000e+00 1.000000000000000000e+00 0.000000000000000000e+00
-6.773641562295220631e-01 7.356478776258840169e-01 0.000000000000000000e+00 2.976660000000000070e-02 -7.356478776258840169e-01 -6.773641562295220631e-01 0.000000000000000000e+00 -1.183239999999999981e+01 0.000000000000000000e+00 0.000000000000000000e+00 1.000000000000000000e+00 0.000000000000000000e+00
-6.882714785188922546e-01 7.254532182418229613e-01 0.000000000000000000e+00 -1.264309999999999878e-01 -7.254532182418229613e-01 -6.882714785188922546e-01 0.000000000000000000e+00 -1.199210000000000065e+01 0.000000000000000000e+00 0.000000000000000000e+00 1.000000000000000000e+00 0.000000000000000000e+00
-6.766060797417594586e-01 7.363451723590559439e-01 0.000000000000000000e+00 -2.782149999999999901e-01 -7.363451723590559439e-01 -6.766060797417594586e-01 0.000000000000000000e+00 -1.214850000000000030e+01 0.000000000000000000e+00 0.000000000000000000e+00 1.000000000000000000e+00 0.000000000000000000e+00
-6.647758089021875705e-01 7.470429197164257795e-01 0.000000000000000000e+00 -4.309259999999999757e-01 -7.470429197164257795e-01 -6.647758089021875705e-01 0.000000000000000000e+00 -1.231439999999999912e+01 0.000000000000000000e+00 0.000000000000000000e+00 1.000000000000000000e+00 0.000000000000000000e+00
-6.871389344688901835e-01 7.265260385815214272e-01 0.000000000000000000e+00 -5.815409999999999746e-01 -7.265260385815214272e-01 -6.871389344688901835e-01 0.000000000000000000e+00 -1.247289999999999921e+01 0.000000000000000000e+00 0.000000000000000000e+00 1.000000000000000000e+00 0.000000000000000000e+00
-7.088409553188144141e-01 7.053683435359929810e-01 0.000000000000000000e+00 -7.431839999999999558e-01 -7.053683435359929810e-01 -7.088409553188144141e-01 0.000000000000000000e+00 -1.263030000000000008e+01 0.000000000000000000e+00 0.000000000000000000e+00 1.000000000000000000e+00 0.000000000000000000e+00
-6.973931482506670054e-01 7.166887726014850024e-01 0.000000000000000000e+00 -9.021160000000000290e-01 -7.166887726014850024e-01 -6.973931482506670054e-01 0.000000000000000000e+00 -1.278659999999999997e+01 0.000000000000000000e+00 0.000000000000000000e+00 1.000000000000000000e+00 0.000000000000000000e+00
-6.969988639648984075e-01 7.170722304145107362e-01 0.000000000000000000e+00 -1.057800000000000074e+00 -7.170722304145107362e-01 -6.969988639648984075e-01 0.000000000000000000e+00 -1.294319999999999915e+01 0.000000000000000000e+00 0.000000000000000000e+00 1.000000000000000000e+00 0.000000000000000000e+00
-6.853932946910288315e-01 7.281730780470920816e-01 0.000000000000000000e+00 -1.213659999999999961e+00 -7.281730780470920816e-01 -6.853932946910288315e-01 0.000000000000000000e+00 -1.310560000000000080e+01 0.000000000000000000e+00 0.000000000000000000e+00 1.000000000000000000e+00 0.000000000000000000e+00
-6.962168413363839514e-01 7.178315330490772084e-01 0.000000000000000000e+00 -1.368230000000000057e+00 -7.178315330490772084e-01 -6.962168413363839514e-01 0.000000000000000000e+00 -1.326379999999999981e+01 0.000000000000000000e+00 0.000000000000000000e+00 1.000000000000000000e+00 0.000000000000000000e+00
-6.958291108189632590e-01 7.182073854652923917e-01 0.000000000000000000e+00 -1.528329999999999966e+00 -7.182073854652923917e-01 -6.958291108189632590e-01 0.000000000000000000e+00 -1.342319999999999958e+01 0.000000000000000000e+00 0.000000000000000000e+00 1.000000000000000000e+00 0.000000000000000000e+00
-7.031327237201393521e-01 7.110586282676683023e-01 0.000000000000000000e+00 -1.682520000000000016e+00 -7.110586282676683023e-01 -7.031327237201393521e-01 0.000000000000000000e+00 -1.357670000000000066e+01 0.000000000000000000e+00 0.000000000000000000e+00 1.000000000000000000e+00 0.000000000000000000e+00
-7.061200405139866909e-01 7.080921468174363742e-01 0.000000000000000000e+00 -1.840389999999999970e+00 -7.080921468174363742e-01 -7.061200405139866909e-01 0.000000000000000000e+00 -1.373179999999999978e+01 0.000000000000000000e+00 0.000000000000000000e+00 1.000000000000000000e+00 0.000000000000000000e+00
-6.947510173371539421e-01 7.192503207569598267e-01 0.000000000000000000e+00 -1.999030000000000085e+00 -7.192503207569598267e-01 -6.947510173371539421e-01 0.000000000000000000e+00 -1.389429999999999943e+01 0.000000000000000000e+00 0.000000000000000000e+00 1.000000000000000000e+00 0.000000000000000000e+00
-6.803599534135136295e-01 7.328781165999989078e-01 0.000000000000000000e+00 -2.152569999999999872e+00 -7.328781165999989078e-01 -6.803599534135136295e-01 0.000000000000000000e+00 -1.405719999999999992e+01 0.000000000000000000e+00 0.000000000000000000e+00 1.000000000000000000e+00 0.000000000000000000e+00
-6.942041865019167313e-01 7.197781237598236403e-01 0.000000000000000000e+00 -2.305210000000000203e+00 -7.197781237598236403e-01 -6.942041865019167313e-01 0.000000000000000000e+00 -1.421380000000000088e+01 0.000000000000000000e+00 0.000000000000000000e+00 1.000000000000000000e+00 0.000000000000000000e+00
-7.453126593503056618e-01 6.667151114322932282e-01 0.000000000000000000e+00 -2.470670000000000144e+00 -6.667151114322932282e-01 -7.453126593503056618e-01 0.000000000000000000e+00 -1.436340000000000039e+01 0.000000000000000000e+00 0.000000000000000000e+00 1.000000000000000000e+00 0.000000000000000000e+00
-7.388038220566850445e-01 6.739205535628320920e-01 0.000000000000000000e+00 -2.638149999999999995e+00 -6.739205535628320920e-01 -7.388038220566850445e-01 0.000000000000000000e+00 -1.451110000000000078e+01 0.000000000000000000e+00 0.000000000000000000e+00 1.000000000000000000e+00 0.000000000000000000e+00
-7.153841075178147824e-01 6.987314067014159802e-01 0.000000000000000000e+00 -2.800159999999999982e+00 -6.987314067014159802e-01 -7.153841075178147824e-01 0.000000000000000000e+00 -1.466169999999999973e+01 0.000000000000000000e+00 0.000000000000000000e+00 1.000000000000000000e+00 0.000000000000000000e+00
-7.135299595662658589e-01 7.006247189482847082e-01 0.000000000000000000e+00 -2.963709999999999845e+00 -7.006247189482847082e-01 -7.135299595662658589e-01 0.000000000000000000e+00 -1.481670000000000087e+01 0.000000000000000000e+00 0.000000000000000000e+00 1.000000000000000000e+00 0.000000000000000000e+00
-7.149787229970460123e-01 6.991462119338939241e-01 0.000000000000000000e+00 -3.121410000000000018e+00 -6.991462119338939241e-01 -7.149787229970460123e-01 0.000000000000000000e+00 -1.496630000000000038e+01 0.000000000000000000e+00 0.000000000000000000e+00 1.000000000000000000e+00 0.000000000000000000e+00
-7.148878279481805098e-01 6.992391532598362103e-01 0.000000000000000000e+00 -3.287619999999999987e+00 -6.992391532598362103e-01 -7.148878279481805098e-01 0.000000000000000000e+00 -1.512480000000000047e+01 0.000000000000000000e+00 0.000000000000000000e+00 1.000000000000000000e+00 0.000000000000000000e+00
-7.147409719637985992e-01 6.993892642843786422e-01 0.000000000000000000e+00 -3.451919999999999877e+00 -6.993892642843786422e-01 -7.147409719637985992e-01 0.000000000000000000e+00 -1.527940000000000076e+01 0.000000000000000000e+00 0.000000000000000000e+00 1.000000000000000000e+00 0.000000000000000000e+00
-7.146290605333063262e-01 6.995036138872221532e-01 0.000000000000000000e+00 -3.615930000000000089e+00 -6.995036138872221532e-01 -7.146290605333063262e-01 0.000000000000000000e+00 -1.543420000000000059e+01 0.000000000000000000e+00 0.000000000000000000e+00 1.000000000000000000e+00 0.000000000000000000e+00
-7.352623516496603617e-01 6.777826157748597646e-01 0.000000000000000000e+00 -3.779469999999999885e+00 -6.777826157748597646e-01 -7.352623516496603617e-01 0.000000000000000000e+00 -1.558309999999999995e+01 0.000000000000000000e+00 0.000000000000000000e+00 1.000000000000000000e+00 0.000000000000000000e+00
-7.252267511729237892e-01 6.885101011482446243e-01 0.000000000000000000e+00 -3.943140000000000089e+00 -6.885101011482446243e-01 -7.252267511729237892e-01 0.000000000000000000e+00 -1.573440000000000083e+01 0.000000000000000000e+00 0.000000000000000000e+00 1.000000000000000000e+00 0.000000000000000000e+00
-7.252267511729237892e-01 6.885101011482446243e-01 0.000000000000000000e+00 -4.108530000000000015e+00 -6.885101011482446243e-01 -7.252267511729237892e-01 0.000000000000000000e+00 -1.588790000000000013e+01 0.000000000000000000e+00 0.000000000000000000e+00 1.000000000000000000e+00 0.000000000000000000e+00
-7.253024828962757464e-01 6.884303220402901990e-01 0.000000000000000000e+00 -4.278030000000000221e+00 -6.884303220402901990e-01 -7.253024828962757464e-01 0.000000000000000000e+00 -1.604420000000000002e+01 0.000000000000000000e+00 0.000000000000000000e+00 1.000000000000000000e+00 0.000000000000000000e+00
-7.253162513576548731e-01 6.884158158529474214e-01 0.000000000000000000e+00 -4.444499999999999673e+00 -6.884158158529474214e-01 -7.253162513576548731e-01 0.000000000000000000e+00 -1.619660000000000011e+01 0.000000000000000000e+00 0.000000000000000000e+00 1.000000000000000000e+00 0.000000000000000000e+00
-7.253782058434673496e-01 6.883505346023292004e-01 0.000000000000000000e+00 -4.603769999999999918e+00 -6.883505346023292004e-01 -7.253782058434673496e-01 0.000000000000000000e+00 -1.634219999999999828e+01 0.000000000000000000e+00 0.000000000000000000e+00 1.000000000000000000e+00 0.000000000000000000e+00
-7.254195055698379191e-01 6.883070106709737734e-01 0.000000000000000000e+00 -4.774210000000000065e+00 -6.883070106709737734e-01 -7.254195055698379191e-01 0.000000000000000000e+00 -1.649769999999999825e+01 0.000000000000000000e+00 0.000000000000000000e+00 1.000000000000000000e+00 0.000000000000000000e+00
-7.255089793511781959e-01 6.882127003193210246e-01 0.000000000000000000e+00 -4.940769999999999662e+00 -6.882127003193210246e-01 -7.255089793511781959e-01 0.000000000000000000e+00 -1.664949999999999974e+01 0.000000000000000000e+00 0.000000000000000000e+00 1.000000000000000000e+00 0.000000000000000000e+00
-7.361699199645554970e-01 6.767967560053608223e-01 0.000000000000000000e+00 -5.103279999999999816e+00 -6.767967560053608223e-01 -7.361699199645554970e-01 0.000000000000000000e+00 -1.679540000000000077e+01 0.000000000000000000e+00 0.000000000000000000e+00 1.000000000000000000e+00 0.000000000000000000e+00
-7.362984980595557172e-01 6.766568715052277971e-01 0.000000000000000000e+00 -5.272990000000000066e+00 -6.766568715052277971e-01 -7.362984980595557172e-01 0.000000000000000000e+00 -1.694480000000000075e+01 0.000000000000000000e+00 0.000000000000000000e+00 1.000000000000000000e+00 0.000000000000000000e+00
-7.365420468158938583e-01 6.763917602042869293e-01 0.000000000000000000e+00 -5.440900000000000070e+00 -6.763917602042869293e-01 -7.365420468158938583e-01 0.000000000000000000e+00 -1.709519999999999840e+01 0.000000000000000000e+00 0.000000000000000000e+00 1.000000000000000000e+00 0.000000000000000000e+00
-7.456792399145691919e-01 6.663050886496594272e-01 0.000000000000000000e+00 -5.612119999999999997e+00 -6.663050886496594272e-01 -7.456792399145691919e-01 0.000000000000000000e+00 -1.724630000000000152e+01 0.000000000000000000e+00 0.000000000000000000e+00 1.000000000000000000e+00 0.000000000000000000e+00
-7.383251522883607088e-01 6.744449343707528133e-01 0.000000000000000000e+00 -5.774939999999999962e+00 -6.744449343707528133e-01 -7.383251522883607088e-01 0.000000000000000000e+00 -1.739150000000000063e+01 0.000000000000000000e+00 0.000000000000000000e+00 1.000000000000000000e+00 0.000000000000000000e+00
-7.031327237201393521e-01 7.110586282676683023e-01 0.000000000000000000e+00 -5.937529999999999752e+00 -7.110586282676683023e-01 -7.031327237201393521e-01 0.000000000000000000e+00 -1.754410000000000025e+01 0.000000000000000000e+00 0.000000000000000000e+00 1.000000000000000000e+00 0.000000000000000000e+00
-5.053725683542431568e-01 8.629012499440685824e-01 0.000000000000000000e+00 -6.051330000000000098e+00 -8.629012499440685824e-01 -5.053725683542431568e-01 0.000000000000000000e+00 -1.770779999999999887e+01 0.000000000000000000e+00 0.000000000000000000e+00 1.000000000000000000e+00 0.000000000000000000e+00
1.534377891069653721e-01 9.881583096214727746e-01 0.000000000000000000e+00 -6.037449999999999761e+00 -9.881583096214727746e-01 1.534377891069653721e-01 0.000000000000000000e+00 -1.780379999999999896e+01 0.000000000000000000e+00 0.000000000000000000e+00 1.000000000000000000e+00 0.000000000000000000e+00
4.594504040346893969e-01 8.882034261543696463e-01 0.000000000000000000e+00 -5.934879999999999711e+00 -8.882034261543696463e-01 4.594504040346893969e-01 0.000000000000000000e+00 -1.800430000000000064e+01 0.000000000000000000e+00 0.000000000000000000e+00 1.000000000000000000e+00 0.000000000000000000e+00
6.631521540911409218e-01 7.484846160905911372e-01 0.000000000000000000e+00 -5.808749999999999858e+00 -7.484846160905911372e-01 6.631521540911409218e-01 0.000000000000000000e+00 -1.816689999999999827e+01 0.000000000000000000e+00 0.000000000000000000e+00 1.000000000000000000e+00 0.000000000000000000e+00
7.553796739138312066e-01 6.552873783599331148e-01 0.000000000000000000e+00 -5.644339999999999691e+00 -6.552873783599331148e-01 7.553796739138312066e-01 0.000000000000000000e+00 -1.831840000000000046e+01 0.000000000000000000e+00 0.000000000000000000e+00 1.000000000000000000e+00 0.000000000000000000e+00
7.420634024791156191e-01 6.703296999992749416e-01 0.000000000000000000e+00 -5.471149999999999736e+00 -6.703296999992749416e-01 7.420634024791156191e-01 0.000000000000000000e+00 -1.847569999999999979e+01 0.000000000000000000e+00 0.000000000000000000e+00 1.000000000000000000e+00 0.000000000000000000e+00
6.652072299900795294e-01 7.466587849673540500e-01 0.000000000000000000e+00 -5.322739999999999583e+00 -7.466587849673540500e-01 6.652072299900795294e-01 0.000000000000000000e+00 -1.863350000000000151e+01 0.000000000000000000e+00 0.000000000000000000e+00 1.000000000000000000e+00 0.000000000000000000e+00
5.807651869069678785e-01 8.140711256867636525e-01 0.000000000000000000e+00 -5.198229999999999684e+00 -8.140711256867636525e-01 5.807651869069678785e-01 0.000000000000000000e+00 -1.880880000000000152e+01 0.000000000000000000e+00 0.000000000000000000e+00 1.000000000000000000e+00 0.000000000000000000e+00
6.389406191225283083e-01 7.692560596026007946e-01 0.000000000000000000e+00 -5.068290000000000184e+00 -7.692560596026007946e-01 6.389406191225283083e-01 0.000000000000000000e+00 -1.898079999999999856e+01 0.000000000000000000e+00 0.000000000000000000e+00 1.000000000000000000e+00 0.000000000000000000e+00
8.023321843821679122e-01 5.968777646256718805e-01 0.000000000000000000e+00 -4.892850000000000144e+00 -5.968777646256718805e-01 8.023321843821679122e-01 0.000000000000000000e+00 -1.913159999999999883e+01 0.000000000000000000e+00 0.000000000000000000e+00 1.000000000000000000e+00 0.000000000000000000e+00
9.413635919697579402e-01 3.373938169465987569e-01 0.000000000000000000e+00 -4.701240000000000308e+00 -3.373938169465987569e-01 9.413635919697579402e-01 0.000000000000000000e+00 -1.922070000000000078e+01 0.000000000000000000e+00 0.000000000000000000e+00 1.000000000000000000e+00 0.000000000000000000e+00
9.849893551638005951e-01 -1.726150926599418767e-01 0.000000000000000000e+00 -4.485120000000000218e+00 1.726150926599418767e-01 9.849893551638005951e-01 0.000000000000000000e+00 -1.921600000000000108e+01 0.000000000000000000e+00 0.000000000000000000e+00 1.000000000000000000e+00 0.000000000000000000e+00
8.322480494871707934e-01 -5.544034488752750400e-01 0.000000000000000000e+00 -4.267380000000000173e+00 5.544034488752750400e-01 8.322480494871707934e-01 0.000000000000000000e+00 -1.908909999999999840e+01 0.000000000000000000e+00 0.000000000000000000e+00 1.000000000000000000e+00 0.000000000000000000e+00
7.842164544156198236e-01 -6.204873508974972918e-01 0.000000000000000000e+00 -4.084660000000000402e+00 6.204873508974972918e-01 7.842164544156198236e-01 0.000000000000000000e+00 -1.895139999999999958e+01 0.000000000000000000e+00 0.000000000000000000e+00 1.000000000000000000e+00 0.000000000000000000e+00
7.834290462245814268e-01 -6.214812382780695588e-01 0.000000000000000000e+00 -3.912770000000000081e+00 6.214812382780695588e-01 7.834290462245814268e-01 0.000000000000000000e+00 -1.881719999999999970e+01 0.000000000000000000e+00 0.000000000000000000e+00 1.000000000000000000e+00 0.000000000000000000e+00
8.014186207732956202e-01 -5.981038323550758040e-01 0.000000000000000000e+00 -3.738840000000000163e+00 5.981038323550758040e-01 8.014186207732956202e-01 0.000000000000000000e+00 -1.868959999999999866e+01 0.000000000000000000e+00 0.000000000000000000e+00 1.000000000000000000e+00 0.000000000000000000e+00
7.518373787390572049e-01 -6.593485845368771692e-01 0.000000000000000000e+00 -3.567769999999999886e+00 6.593485845368771692e-01 7.518373787390572049e-01 0.000000000000000000e+00 -1.855039999999999978e+01 0.000000000000000000e+00 0.000000000000000000e+00 1.000000000000000000e+00 0.000000000000000000e+00
7.034395892145144380e-01 -7.107550522688637074e-01 0.000000000000000000e+00 -3.404049999999999798e+00 7.107550522688637074e-01 7.034395892145144380e-01 0.000000000000000000e+00 -1.839069999999999894e+01 0.000000000000000000e+00 0.000000000000000000e+00 1.000000000000000000e+00 0.000000000000000000e+00
7.291029467603081793e-01 -6.844040422334128904e-01 0.000000000000000000e+00 -3.238249999999999851e+00 6.844040422334128904e-01 7.291029467603081793e-01 0.000000000000000000e+00 -1.823570000000000135e+01 0.000000000000000000e+00 0.000000000000000000e+00 1.000000000000000000e+00 0.000000000000000000e+00
7.489521688549237721e-01 -6.626240629252048153e-01 0.000000000000000000e+00 -3.072700000000000209e+00 6.626240629252048153e-01 7.489521688549237721e-01 0.000000000000000000e+00 -1.809390000000000143e+01 0.000000000000000000e+00 0.000000000000000000e+00 1.000000000000000000e+00 0.000000000000000000e+00
7.478239623582086937e-01 -6.638970713317453587e-01 0.000000000000000000e+00 -2.905749999999999833e+00 6.638970713317453587e-01 7.478239623582086937e-01 0.000000000000000000e+00 -1.794969999999999999e+01 0.000000000000000000e+00 0.000000000000000000e+00 1.000000000000000000e+00 0.000000000000000000e+00
7.363699851774229144e-01 -6.765790751492407606e-01 0.000000000000000000e+00 -2.689150000000000151e+00 6.765790751492407606e-01 7.363699851774229144e-01 0.000000000000000000e+00 -1.775359999999999872e+01 0.000000000000000000e+00 0.000000000000000000e+00 1.000000000000000000e+00 0.000000000000000000e+00
7.247002791520159581e-01 -6.890642244355675849e-01 0.000000000000000000e+00 -2.520789999999999864e+00 6.890642244355675849e-01 7.247002791520159581e-01 0.000000000000000000e+00 -1.760020000000000095e+01 0.000000000000000000e+00 0.000000000000000000e+00 1.000000000000000000e+00 0.000000000000000000e+00
7.394192435410360531e-01 -6.732452616106570087e-01 0.000000000000000000e+00 -2.354280000000000150e+00 6.732452616106570087e-01 7.394192435410360531e-01 0.000000000000000000e+00 -1.745060000000000144e+01 0.000000000000000000e+00 0.000000000000000000e+00 1.000000000000000000e+00 0.000000000000000000e+00
7.787308904262268960e-01 -6.273581116842085192e-01 0.000000000000000000e+00 -2.182040000000000202e+00 6.273581116842085192e-01 7.787308904262268960e-01 0.000000000000000000e+00 -1.731279999999999930e+01 0.000000000000000000e+00 0.000000000000000000e+00 1.000000000000000000e+00 0.000000000000000000e+00
7.873121583408487778e-01 -6.165545923344292190e-01 0.000000000000000000e+00 -2.008129999999999971e+00 6.165545923344292190e-01 7.873121583408487778e-01 0.000000000000000000e+00 -1.718090000000000117e+01 0.000000000000000000e+00 0.000000000000000000e+00 1.000000000000000000e+00 0.000000000000000000e+00
7.713109377775588804e-01 -6.364585118173082812e-01 0.000000000000000000e+00 -1.832729999999999970e+00 6.364585118173082812e-01 7.713109377775588804e-01 0.000000000000000000e+00 -1.704119999999999990e+01 0.000000000000000000e+00 0.000000000000000000e+00 1.000000000000000000e+00 0.000000000000000000e+00
7.754751620201357776e-01 -6.313780746033584856e-01 0.000000000000000000e+00 -1.654309999999999947e+00 6.313780746033584856e-01 7.754751620201357776e-01 0.000000000000000000e+00 -1.689780000000000015e+01 0.000000000000000000e+00 0.000000000000000000e+00 1.000000000000000000e+00 0.000000000000000000e+00
8.420310020355294967e-01 -5.394291349297347660e-01 0.000000000000000000e+00 -1.467589999999999950e+00 5.394291349297347660e-01 8.420310020355294967e-01 0.000000000000000000e+00 -1.677400000000000091e+01 0.000000000000000000e+00 0.000000000000000000e+00 1.000000000000000000e+00 0.000000000000000000e+00
8.049631315084184724e-01 -5.933248325429844039e-01 0.000000000000000000e+00 -1.285369999999999902e+00 5.933248325429844039e-01 8.049631315084184724e-01 0.000000000000000000e+00 -1.665449999999999875e+01 0.000000000000000000e+00 0.000000000000000000e+00 1.000000000000000000e+00 0.000000000000000000e+00
6.864263571917303963e-01 -7.271993235368766628e-01 0.000000000000000000e+00 -1.133250000000000091e+00 7.271993235368766628e-01 6.864263571917303963e-01 0.000000000000000000e+00 -1.650639999999999930e+01 0.000000000000000000e+00 0.000000000000000000e+00 1.000000000000000000e+00 0.000000000000000000e+00
7.135430286082327100e-01 -7.006114089312212023e-01 0.000000000000000000e+00 -9.593930000000000513e-01 7.006114089312212023e-01 7.135430286082327100e-01 0.000000000000000000e+00 -1.633200000000000074e+01 0.000000000000000000e+00 0.000000000000000000e+00 1.000000000000000000e+00 0.000000000000000000e+00
7.862159163002695461e-01 -6.179518856319863307e-01 0.000000000000000000e+00 -7.936039999999999761e-01 6.179518856319863307e-01 7.862159163002695461e-01 0.000000000000000000e+00 -1.619709999999999894e+01 0.000000000000000000e+00 0.000000000000000000e+00 1.000000000000000000e+00 0.000000000000000000e+00
8.616557653617430423e-01 -5.074931940616237425e-01 0.000000000000000000e+00 -6.208010000000000472e-01 5.074931940616237425e-01 8.616557653617430423e-01 0.000000000000000000e+00 -1.609410000000000096e+01 0.000000000000000000e+00 0.000000000000000000e+00 1.000000000000000000e+00 0.000000000000000000e+00
8.219927262197381790e-01 -5.694979877416974645e-01 0.000000000000000000e+00 -4.417539999999999800e-01 5.694979877416974645e-01 8.219927262197381790e-01 0.000000000000000000e+00 -1.598339999999999961e+01 0.000000000000000000e+00 0.000000000000000000e+00 1.000000000000000000e+00 0.000000000000000000e+00
7.406621374798895152e-01 -6.718776660253868993e-01 0.000000000000000000e+00 -2.679179999999999895e-01 6.718776660253868993e-01 7.406621374798895152e-01 0.000000000000000000e+00 -1.583610000000000007e+01 0.000000000000000000e+00 0.000000000000000000e+00 1.000000000000000000e+00 0.000000000000000000e+00
7.498671997976381620e-01 -6.615883785766260017e-01 0.000000000000000000e+00 -9.470130000000000214e-02 6.615883785766260017e-01 7.498671997976381620e-01 0.000000000000000000e+00 -1.568479999999999919e+01 0.000000000000000000e+00 0.000000000000000000e+00 1.000000000000000000e+00 0.000000000000000000e+00
7.883677759137071028e-01 -6.152042343001833391e-01 0.000000000000000000e+00 7.589629999999999987e-02 6.152042343001833391e-01 7.883677759137071028e-01 0.000000000000000000e+00 -1.555499999999999972e+01 0.000000000000000000e+00 0.000000000000000000e+00 1.000000000000000000e+00 0.000000000000000000e+00
7.874126462799059256e-01 -6.164262522625684193e-01 0.000000000000000000e+00 2.523349999999999760e-01 6.164262522625684193e-01 7.874126462799059256e-01 0.000000000000000000e+00 -1.542220000000000013e+01 0.000000000000000000e+00 0.000000000000000000e+00 1.000000000000000000e+00 0.000000000000000000e+00
7.768736499578386967e-01 -6.296565190651054467e-01 0.000000000000000000e+00 4.241449999999999942e-01 6.296565190651054467e-01 7.768736499578386967e-01 0.000000000000000000e+00 -1.528739999999999988e+01 0.000000000000000000e+00 0.000000000000000000e+00 1.000000000000000000e+00 0.000000000000000000e+00
7.560627276560686338e-01 -6.544991610760593215e-01 0.000000000000000000e+00 5.943319999999999714e-01 6.544991610760593215e-01 7.560627276560686338e-01 0.000000000000000000e+00 -1.514739999999999931e+01 0.000000000000000000e+00 0.000000000000000000e+00 1.000000000000000000e+00 0.000000000000000000e+00
7.651358710205770075e-01 -6.438688522343529730e-01 0.000000000000000000e+00 7.698629999999999640e-01 6.438688522343529730e-01 7.651358710205770075e-01 0.000000000000000000e+00 -1.500319999999999965e+01 0.000000000000000000e+00 0.000000000000000000e+00 1.000000000000000000e+00 0.000000000000000000e+00
7.642801387455466777e-01 -6.448843846140857039e-01 0.000000000000000000e+00 9.459920000000000551e-01 6.448843846140857039e-01 7.642801387455466777e-01 0.000000000000000000e+00 -1.486030000000000051e+01 0.000000000000000000e+00 0.000000000000000000e+00 1.000000000000000000e+00 0.000000000000000000e+00
7.752484473242153840e-01 -6.316564294942254021e-01 0.000000000000000000e+00 1.113609999999999989e+00 6.316564294942254021e-01 7.752484473242153840e-01 0.000000000000000000e+00 -1.472789999999999999e+01 0.000000000000000000e+00 0.000000000000000000e+00 1.000000000000000000e+00 0.000000000000000000e+00
7.727022963946124090e-01 -6.347685886577033587e-01 0.000000000000000000e+00 1.289979999999999905e+00 6.347685886577033587e-01 7.727022963946124090e-01 0.000000000000000000e+00 -1.458779999999999966e+01 0.000000000000000000e+00 0.000000000000000000e+00 1.000000000000000000e+00 0.000000000000000000e+00
7.719915067183510393e-01 -6.356328449307273587e-01 0.000000000000000000e+00 1.462919999999999998e+00 6.356328449307273587e-01 7.719915067183510393e-01 0.000000000000000000e+00 -1.445120000000000005e+01 0.000000000000000000e+00 0.000000000000000000e+00 1.000000000000000000e+00 0.000000000000000000e+00
7.796466291927528491e-01 -6.262197167036328560e-01 0.000000000000000000e+00 1.638940000000000063e+00 6.262197167036328560e-01 7.796466291927528491e-01 0.000000000000000000e+00 -1.431320000000000014e+01 0.000000000000000000e+00 0.000000000000000000e+00 1.000000000000000000e+00 0.000000000000000000e+00
8.165120008945367935e-01 -5.773284614456486441e-01 0.000000000000000000e+00 1.821469999999999922e+00 5.773284614456486441e-01 8.165120008945367935e-01 0.000000000000000000e+00 -1.418180000000000085e+01 0.000000000000000000e+00 0.000000000000000000e+00 1.000000000000000000e+00 0.000000000000000000e+00
8.502875139918867342e-01 -5.263184811019816500e-01 0.000000000000000000e+00 2.009209999999999940e+00 5.263184811019816500e-01 8.502875139918867342e-01 0.000000000000000000e+00 -1.406620000000000026e+01 0.000000000000000000e+00 0.000000000000000000e+00 1.000000000000000000e+00 0.000000000000000000e+00
8.342941921561725094e-01 -5.513195089369498092e-01 0.000000000000000000e+00 2.200450000000000017e+00 5.513195089369498092e-01 8.342941921561725094e-01 0.000000000000000000e+00 -1.394630000000000081e+01 0.000000000000000000e+00 0.000000000000000000e+00 1.000000000000000000e+00 0.000000000000000000e+00
8.253327916869945824e-01 -5.646466000660518292e-01 0.000000000000000000e+00 2.387399999999999967e+00 5.646466000660518292e-01 8.253327916869945824e-01 0.000000000000000000e+00 -1.382469999999999999e+01 0.000000000000000000e+00 0.000000000000000000e+00 1.000000000000000000e+00 0.000000000000000000e+00
8.250870923369146848e-01 -5.650055663964874686e-01 0.000000000000000000e+00 2.567810000000000148e+00 5.650055663964874686e-01 8.250870923369146848e-01 0.000000000000000000e+00 -1.370609999999999928e+01 0.000000000000000000e+00 0.000000000000000000e+00 1.000000000000000000e+00 0.000000000000000000e+00
8.161174951391008126e-01 -5.778860044402180929e-01 0.000000000000000000e+00 2.750950000000000006e+00 5.778860044402180929e-01 8.161174951391008126e-01 0.000000000000000000e+00 -1.357949999999999946e+01 0.000000000000000000e+00 0.000000000000000000e+00 1.000000000000000000e+00 0.000000000000000000e+00
8.069822757510248801e-01 -5.905756569853661819e-01 0.000000000000000000e+00 2.932300000000000129e+00 5.905756569853661819e-01 8.069822757510248801e-01 0.000000000000000000e+00 -1.344940000000000069e+01 0.000000000000000000e+00 0.000000000000000000e+00 1.000000000000000000e+00 0.000000000000000000e+00
