-3.230335961435672892e-02 -9.994781102943802731e-01 0.000000000000000000e+00 -2.304410000000000025e+01 9.994781102943800510e-01 -3.230335961435656933e-02 0.000000000000000000e+00 -1.348210000000000264e+01 0.000000000000000000e+00 0.000000000000000000e+00 1.000000000000000000e+00 0.000000000000000000e+00
-6.508934423980736010e-03 -9.999788166619651975e-01 0.000000000000000000e+00 -2.304314602591882633e+01 9.999788166619647534e-01 -6.508934423980516568e-03 0.000000000000000000e+00 -1.325590066305700532e+01 0.000000000000000000e+00 0.000000000000000000e+00 1.000000000000000000e+00 0.000000000000000000e+00
-6.958924217262130174e-03 -9.999757863937197566e-01 0.000000000000000000e+00 -2.304068207055750506e+01 9.999757863937195346e-01 -6.958924217261901191e-03 0.000000000000000000e+00 -1.303871733168929126e+01 0.000000000000000000e+00 0.000000000000000000e+00 1.000000000000000000e+00 0.000000000000000000e+00
4.301006354727241951e-03 -9.999907506293927995e-01 0.000000000000000000e+00 -2.303591172853033697e+01 9.999907506293924664e-01 4.301006354727411954e-03 0.000000000000000000e+00 -1.281255017705152710e+01 0.000000000000000000e+00 0.000000000000000000e+00 1.000000000000000000e+00 0.000000000000000000e+00
7.730942603421316582e-03 -9.999701158166990345e-01 0.000000000000000000e+00 -2.303184486835708000e+01 9.999701158166987014e-01 7.730942603421477911e-03 0.000000000000000000e+00 -1.258732595044983071e+01 0.000000000000000000e+00 0.000000000000000000e+00 1.000000000000000000e+00 0.000000000000000000e+00
-2.344683152182997984e-02 -9.997250852567354240e-01 0.000000000000000000e+00 -2.303149816680987882e+01 9.997250852567350909e-01 -2.344683152182973004e-02 0.000000000000000000e+00 -1.237041045538772721e+01 0.000000000000000000e+00 0.000000000000000000e+00 1.000000000000000000e+00 0.000000000000000000e+00
-8.268886151660759937e-03 -9.999658121765018226e-01 0.000000000000000000e+00 -2.303058897766142721e+01 9.999658121765013785e-01 -8.268886151660551770e-03 0.000000000000000000e+00 -1.214626863984432603e+01 0.000000000000000000e+00 0.000000000000000000e+00 1.000000000000000000e+00 0.000000000000000000e+00
3.795190305384566615e-02 -9.992795670154530630e-01 0.000000000000000000e+00 -2.302127323791838620e+01 9.992795670154527299e-01 3.795190305384582574e-02 0.000000000000000000e+00 -1.191920937556946924e+01 0.000000000000000000e+00 0.000000000000000000e+00 1.000000000000000000e+00 0.000000000000000000e+00
5.339561437551662570e-02 -9.985734366412223340e-01 0.000000000000000000e+00 -2.300663032171564026e+01 9.985734366412220009e-01 5.339561437551664652e-02 0.000000000000000000e+00 -1.169654490263972946e+01 0.000000000000000000e+00 0.000000000000000000e+00 1.000000000000000000e+00 0.000000000000000000e+00
3.795190305384566615e-02 -9.992795670154530630e-01 0.000000000000000000e+00 -2.299436725744844168e+01 9.992795670154527299e-01 3.795190305384582574e-02 0.000000000000000000e+00 -1.147895124865419092e+01 0.000000000000000000e+00 0.000000000000000000e+00 1.000000000000000000e+00 0.000000000000000000e+00
2.256910319298488163e-02 -9.997452853507557968e-01 0.000000000000000000e+00 -2.298528721776293793e+01 9.997452853507554638e-01 2.256910319298510020e-02 0.000000000000000000e+00 -1.125576734829551384e+01 0.000000000000000000e+00 0.000000000000000000e+00 1.000000000000000000e+00 0.000000000000000000e+00
3.675274053585238926e-02 -9.993243898069856801e-01 0.000000000000000000e+00 -2.297684298132139347e+01 9.993243898069852360e-01 3.675274053585248640e-02 0.000000000000000000e+00 -1.102357101462308364e+01 0.000000000000000000e+00 0.000000000000000000e+00 1.000000000000000000e+00 0.000000000000000000e+00
1.004712132793247337e-01 -9.949399656774173817e-01 0.000000000000000000e+00 -2.295312083926625135e+01 9.949399656774169376e-01 1.004712132793248169e-01 0.000000000000000000e+00 -1.080315726555938483e+01 0.000000000000000000e+00 0.000000000000000000e+00 1.000000000000000000e+00 0.000000000000000000e+00
8.551644392395400807e-02 -9.963367592428783448e-01 0.000000000000000000e+00 -2.292913294749776654e+01 9.963367592428779007e-01 8.551644392395402194e-02 0.000000000000000000e+00 -1.058632316411659247e+01 0.000000000000000000e+00 0.000000000000000000e+00 1.000000000000000000e+00 0.000000000000000000e+00
7.064213291275298068e-02 -9.975017238368747430e-01 0.000000000000000000e+00 -2.290908056501423928e+01 9.975017238368745209e-01 7.064213291275318884e-02 0.000000000000000000e+00 -1.036415232521838448e+01 0.000000000000000000e+00 0.000000000000000000e+00 1.000000000000000000e+00 0.000000000000000000e+00
5.646097838651400330e-02 -9.984048066388890863e-01 0.000000000000000000e+00 -2.289273606708458431e+01 9.984048066388887532e-01 5.646097838651416290e-02 0.000000000000000000e+00 -1.014168790134924336e+01 0.000000000000000000e+00 0.000000000000000000e+00 1.000000000000000000e+00 0.000000000000000000e+00
2.590812035186431522e-02 -9.996643283121755541e-01 0.000000000000000000e+00 -2.288141952867617235e+01 9.996643283121753321e-01 2.590812035186444706e-02 0.000000000000000000e+00 -9.921023956042244407e+00 0.000000000000000000e+00 0.000000000000000000e+00 1.000000000000000000e+00 0.000000000000000000e+00
4.204861881476235769e-02 -9.991155657158838910e-01 0.000000000000000000e+00 -2.287036338544649539e+01 9.991155657158835579e-01 4.204861881476248953e-02 0.000000000000000000e+00 -9.702804329526006910e+00 0.000000000000000000e+00 0.000000000000000000e+00 1.000000000000000000e+00 0.000000000000000000e+00
5.846765664262328077e-02 -9.982893033217977719e-01 0.000000000000000000e+00 -2.285586116689259129e+01 9.982893033217975498e-01 5.846765664262337098e-02 0.000000000000000000e+00 -9.480166392828294875e+00 0.000000000000000000e+00 0.000000000000000000e+00 1.000000000000000000e+00 0.000000000000000000e+00
5.884700234739097952e-02 -9.982670135363214126e-01 0.000000000000000000e+00 -2.284183244650154165e+01 9.982670135363210795e-01 5.884700234739112523e-02 0.000000000000000000e+00 -9.249640370210045148e+00 0.000000000000000000e+00 0.000000000000000000e+00 1.000000000000000000e+00 0.000000000000000000e+00
4.648426288724855082e-02 -9.989190223956240233e-01 0.000000000000000000e+00 -2.283010395017906191e+01 9.989190223956236903e-01 4.648426288724864797e-02 0.000000000000000000e+00 -9.027038000110323424e+00 0.000000000000000000e+00 0.000000000000000000e+00 1.000000000000000000e+00 0.000000000000000000e+00
4.658415455690010504e-02 -9.989143689747479460e-01 0.000000000000000000e+00 -2.281690539261236950e+01 9.989143689747476129e-01 4.658415455690024382e-02 0.000000000000000000e+00 -8.806396502249747016e+00 0.000000000000000000e+00 0.000000000000000000e+00 1.000000000000000000e+00 0.000000000000000000e+00
4.754309073784318551e-02 -9.988691878935365143e-01 0.000000000000000000e+00 -2.280349076578826484e+01 9.988691878935361812e-01 4.754309073784335898e-02 0.000000000000000000e+00 -8.580972879957915467e+00 0.000000000000000000e+00 0.000000000000000000e+00 1.000000000000000000e+00 0.000000000000000000e+00
4.836214739613897695e-02 -9.988298667436983358e-01 0.000000000000000000e+00 -2.278980400034298626e+01 9.988298667436978917e-01 4.836214739613915042e-02 0.000000000000000000e+00 -8.355465947577460639e+00 0.000000000000000000e+00 0.000000000000000000e+00 1.000000000000000000e+00 0.000000000000000000e+00
7.990574230316847826e-02 -9.968024239271188192e-01 0.000000000000000000e+00 -2.277154072759162062e+01 9.968024239271185971e-01 7.990574230316867255e-02 0.000000000000000000e+00 -8.130075980479517739e+00 0.000000000000000000e+00 0.000000000000000000e+00 1.000000000000000000e+00 0.000000000000000000e+00
1.297243936647111684e-01 -9.915500903576798253e-01 0.000000000000000000e+00 -2.274255119900396238e+01 9.915500903576793812e-01 1.297243936647113072e-01 0.000000000000000000e+00 -7.907077422115872167e+00 0.000000000000000000e+00 0.000000000000000000e+00 1.000000000000000000e+00 0.000000000000000000e+00
1.390886102430414772e-01 -9.902799394618974071e-01 0.000000000000000000e+00 -2.270748142750121801e+01 9.902799394618970741e-01 1.390886102430415605e-01 0.000000000000000000e+00 -7.683738795974434765e+00 0.000000000000000000e+00 0.000000000000000000e+00 1.000000000000000000e+00 0.000000000000000000e+00
1.121048686210242840e-01 -9.936963814120803873e-01 0.000000000000000000e+00 -2.267997755461974307e+01 9.936963814120800542e-01 1.121048686210242978e-01 0.000000000000000000e+00 -7.468894060464069895e+00 0.000000000000000000e+00 0.000000000000000000e+00 1.000000000000000000e+00 0.000000000000000000e+00
9.273757467907645102e-02 -9.956905855950647366e-01 0.000000000000000000e+00 -2.265496409594284088e+01 9.956905855950642925e-01 9.273757467907658980e-02 0.000000000000000000e+00 -7.246173473438489054e+00 0.000000000000000000e+00 0.000000000000000000e+00 1.000000000000000000e+00 0.000000000000000000e+00
9.714755956467431564e-02 -9.952699893348678772e-01 0.000000000000000000e+00 -2.263185166074014276e+01 9.952699893348674332e-01 9.714755956467435727e-02 0.000000000000000000e+00 -7.023714056377752257e+00 0.000000000000000000e+00 0.000000000000000000e+00 1.000000000000000000e+00 0.000000000000000000e+00
9.721722822585937562e-02 -9.952631865672924016e-01 0.000000000000000000e+00 -2.260880067632206547e+01 9.952631865672921796e-01 9.721722822585950052e-02 0.000000000000000000e+00 -6.802771584866828647e+00 0.000000000000000000e+00 0.000000000000000000e+00 1.000000000000000000e+00 0.000000000000000000e+00
8.177958854686136203e-02 -9.966504396713554703e-01 0.000000000000000000e+00 -2.258665682064122748e+01 9.966504396713550262e-01 8.177958854686140366e-02 0.000000000000000000e+00 -6.582106813651332544e+00 0.000000000000000000e+00 0.000000000000000000e+00 1.000000000000000000e+00 0.000000000000000000e+00
9.702812646677849706e-02 -9.952816398760436778e-01 0.000000000000000000e+00 -2.256242325486525857e+01 9.952816398760433447e-01 9.702812646677852482e-02 0.000000000000000000e+00 -6.358480706298497154e+00 0.000000000000000000e+00 0.000000000000000000e+00 1.000000000000000000e+00 0.000000000000000000e+00
9.677930302727257017e-02 -9.953058658048566931e-01 0.000000000000000000e+00 -2.253772180383207768e+01 9.953058658048563601e-01 9.677930302727262568e-02 0.000000000000000000e+00 -6.128996960822142626e+00 0.000000000000000000e+00 0.000000000000000000e+00 1.000000000000000000e+00 0.000000000000000000e+00
1.334616067715627963e-01 -9.910539841592649335e-01 0.000000000000000000e+00 -2.250721141951033744e+01 9.910539841592646004e-01 1.334616067715629906e-01 0.000000000000000000e+00 -5.904215588156304761e+00 0.000000000000000000e+00 0.000000000000000000e+00 1.000000000000000000e+00 0.000000000000000000e+00
1.575221969736394501e-01 -9.875154466946822751e-01 0.000000000000000000e+00 -2.246965653236802396e+01 9.875154466946818310e-01 1.575221969736396721e-01 0.000000000000000000e+00 -5.692955162388180668e+00 0.000000000000000000e+00 0.000000000000000000e+00 1.000000000000000000e+00 0.000000000000000000e+00
1.417717548541226891e-01 -9.898993734342810269e-01 0.000000000000000000e+00 -2.243509846036695876e+01 9.898993734342806938e-01 1.417717548541229111e-01 0.000000000000000000e+00 -5.472288923310770770e+00 0.000000000000000000e+00 0.000000000000000000e+00 1.000000000000000000e+00 0.000000000000000000e+00
1.259555757804064202e-01 -9.920358828841959742e-01 0.000000000000000000e+00 -2.240590826416786641e+01 9.920358828841956411e-01 1.259555757804064757e-01 0.000000000000000000e+00 -5.250903007657004906e+00 0.000000000000000000e+00 0.000000000000000000e+00 1.000000000000000000e+00 0.000000000000000000e+00
1.101271921539960924e-01 -9.939175023855233437e-01 0.000000000000000000e+00 -2.237942309760398629e+01 9.939175023855230107e-01 1.101271921539963006e-01 0.000000000000000000e+00 -5.029233656520940343e+00 0.000000000000000000e+00 0.000000000000000000e+00 1.000000000000000000e+00 0.000000000000000000e+00
1.250230065406541524e-01 -9.921538428265727072e-01 0.000000000000000000e+00 -2.235001375170928739e+01 9.921538428265722631e-01 1.250230065406542079e-01 0.000000000000000000e+00 -4.808059973218405503e+00 0.000000000000000000e+00 0.000000000000000000e+00 1.000000000000000000e+00 0.000000000000000000e+00
1.398213792489025054e-01 -9.901767427610762562e-01 0.000000000000000000e+00 -2.231541935024426593e+01 9.901767427610758121e-01 1.398213792489026164e-01 0.000000000000000000e+00 -4.587367862727258938e+00 0.000000000000000000e+00 0.000000000000000000e+00 1.000000000000000000e+00 0.000000000000000000e+00
1.240010219447869044e-01 -9.922820902125808473e-01 0.000000000000000000e+00 -2.228250584691335590e+01 9.922820902125805143e-01 1.240010219447870154e-01 0.000000000000000000e+00 -4.371924032566159468e+00 0.000000000000000000e+00 0.000000000000000000e+00 1.000000000000000000e+00 0.000000000000000000e+00
1.081590209138838243e-01 -9.941336058070615600e-01 0.000000000000000000e+00 -2.225434797177553037e+01 9.941336058070611159e-01 1.081590209138839770e-01 0.000000000000000000e+00 -4.148204132716550419e+00 0.000000000000000000e+00 0.000000000000000000e+00 1.000000000000000000e+00 0.000000000000000000e+00
1.382765340220959149e-01 -9.903936591774182840e-01 0.000000000000000000e+00 -2.222360485212647419e+01 9.903936591774179510e-01 1.382765340220959704e-01 0.000000000000000000e+00 -3.931727831890697189e+00 0.000000000000000000e+00 0.000000000000000000e+00 1.000000000000000000e+00 0.000000000000000000e+00
1.682272574852668734e-01 -9.857482385675288006e-01 0.000000000000000000e+00 -2.218324065885393281e+01 9.857482385675284675e-01 1.682272574852669844e-01 0.000000000000000000e+00 -3.709750465138004216e+00 0.000000000000000000e+00 0.000000000000000000e+00 1.000000000000000000e+00 0.000000000000000000e+00
1.523355938467641502e-01 -9.883288252638153804e-01 0.000000000000000000e+00 -2.214444665889241648e+01 9.883288252638151583e-01 1.523355938467642057e-01 0.000000000000000000e+00 -3.490241704057766015e+00 0.000000000000000000e+00 0.000000000000000000e+00 1.000000000000000000e+00 0.000000000000000000e+00
1.517919899795165950e-01 -9.884124603514761187e-01 0.000000000000000000e+00 -2.210847237917860042e+01 9.884124603514758967e-01 1.517919899795166228e-01 0.000000000000000000e+00 -3.272372662991632097e+00 0.000000000000000000e+00 0.000000000000000000e+00 1.000000000000000000e+00 0.000000000000000000e+00
1.358991932857099016e-01 -9.907226702081128877e-01 0.000000000000000000e+00 -2.207571918049654158e+01 9.907226702081125547e-01 1.358991932857100682e-01 0.000000000000000000e+00 -3.049677069016148323e+00 0.000000000000000000e+00 0.000000000000000000e+00 1.000000000000000000e+00 0.000000000000000000e+00
1.507145304390477281e-01 -9.885773264214273715e-01 0.000000000000000000e+00 -2.204158044528551486e+01 9.885773264214270384e-01 1.507145304390478668e-01 0.000000000000000000e+00 -2.831150934061568591e+00 0.000000000000000000e+00 0.000000000000000000e+00 1.000000000000000000e+00 0.000000000000000000e+00
1.501806767345464089e-01 -9.886585681293384997e-01 0.000000000000000000e+00 -2.200363327421826298e+01 9.886585681293380556e-01 1.501806767345464921e-01 0.000000000000000000e+00 -2.608439501467739063e+00 0.000000000000000000e+00 0.000000000000000000e+00 1.000000000000000000e+00 0.000000000000000000e+00
1.602767484116327801e-01 -9.870721168782927712e-01 0.000000000000000000e+00 -2.196707771281309007e+01 9.870721168782924382e-01 1.602767484116328911e-01 0.000000000000000000e+00 -2.393962236867608340e+00 0.000000000000000000e+00 0.000000000000000000e+00 1.000000000000000000e+00 0.000000000000000000e+00
1.644308893696072582e-01 -9.863886062912121666e-01 0.000000000000000000e+00 -2.192845268581651652e+01 9.863886062912118335e-01 1.644308893696073415e-01 0.000000000000000000e+00 -2.176046991440603762e+00 0.000000000000000000e+00 0.000000000000000000e+00 1.000000000000000000e+00 0.000000000000000000e+00
1.486975204852431232e-01 -9.888827268192829090e-01 0.000000000000000000e+00 -2.189349301250616975e+01 9.888827268192825759e-01 1.486975204852432619e-01 0.000000000000000000e+00 -1.951657328483431542e+00 0.000000000000000000e+00 0.000000000000000000e+00 1.000000000000000000e+00 0.000000000000000000e+00
1.290699423986139960e-01 -9.916354924916808145e-01 0.000000000000000000e+00 -2.186291963586994669e+01 9.916354924916805924e-01 1.290699423986141625e-01 0.000000000000000000e+00 -1.729900231097438734e+00 0.000000000000000000e+00 0.000000000000000000e+00 1.000000000000000000e+00 0.000000000000000000e+00
1.479459267413677503e-01 -9.889954513346549403e-01 0.000000000000000000e+00 -2.182942488279917015e+01 9.889954513346544962e-01 1.479459267413679169e-01 0.000000000000000000e+00 -1.513796943022668984e+00 0.000000000000000000e+00 0.000000000000000000e+00 1.000000000000000000e+00 0.000000000000000000e+00
2.203575538307277759e-01 -9.754191655230779467e-01 0.000000000000000000e+00 -2.178142690945795579e+01 9.754191655230775027e-01 2.203575538307278314e-01 0.000000000000000000e+00 -1.295959007494587922e+00 0.000000000000000000e+00 0.000000000000000000e+00 1.000000000000000000e+00 0.000000000000000000e+00
2.108759945400774660e-01 -9.775128208503114369e-01 0.000000000000000000e+00 -2.173068137550488288e+01 9.775128208503111038e-01 2.108759945400776048e-01 0.000000000000000000e+00 -1.078496985100287020e+00 0.000000000000000000e+00 0.000000000000000000e+00 1.000000000000000000e+00 0.000000000000000000e+00
1.774069918071911889e-01 -9.841375713069403508e-01 0.000000000000000000e+00 -2.168607371750854895e+01 9.841375713069400177e-01 1.774069918071914109e-01 0.000000000000000000e+00 -8.618457516671966800e-01 0.000000000000000000e+00 0.000000000000000000e+00 1.000000000000000000e+00 0.000000000000000000e+00
1.747984073756964352e-01 -9.846042437339582731e-01 0.000000000000000000e+00 -2.164276397085640014e+01 9.846042437339579401e-01 1.747984073756964907e-01 0.000000000000000000e+00 -6.407171276834802143e-01 0.000000000000000000e+00 0.000000000000000000e+00 1.000000000000000000e+00 0.000000000000000000e+00
1.768361622079805406e-01 -9.842403018244847424e-01 0.000000000000000000e+00 -2.160108699841859092e+01 9.842403018244842983e-01 1.768361622079805129e-01 0.000000000000000000e+00 -4.273805861149639895e-01 0.000000000000000000e+00 0.000000000000000000e+00 1.000000000000000000e+00 0.000000000000000000e+00
1.767082094748383125e-01 -9.842632822086764266e-01 0.000000000000000000e+00 -2.155764078481481505e+01 9.842632822086760935e-01 1.767082094748383680e-01 0.000000000000000000e+00 -2.018579916294171994e-01 0.000000000000000000e+00 0.000000000000000000e+00 1.000000000000000000e+00 0.000000000000000000e+00
1.765015102906775657e-01 -9.843003692293881279e-01 0.000000000000000000e+00 -2.151348808606712382e+01 9.843003692293877949e-01 1.765015102906777600e-01 0.000000000000000000e+00 1.937986497134147612e-02 0.000000000000000000e+00 0.000000000000000000e+00 1.000000000000000000e+00 0.000000000000000000e+00
1.763440199730537672e-01 -9.843285968718693546e-01 0.000000000000000000e+00 -2.146968762559957611e+01 9.843285968718690215e-01 1.763440199730539060e-01 0.000000000000000000e+00 2.406124117695753739e-01 0.000000000000000000e+00 0.000000000000000000e+00 1.000000000000000000e+00 0.000000000000000000e+00
2.057509557314634863e-01 -9.786043859576704085e-01 0.000000000000000000e+00 -2.142284755766594628e+01 9.786043859576700754e-01 2.057509557314635140e-01 0.000000000000000000e+00 4.567664069581169883e-01 0.000000000000000000e+00 0.000000000000000000e+00 1.000000000000000000e+00 0.000000000000000000e+00
1.913535746050885888e-01 -9.815211711857543264e-01 0.000000000000000000e+00 -2.137729378037477801e+01 9.815211711857538823e-01 1.913535746050886166e-01 0.000000000000000000e+00 6.749507608300362449e-01 0.000000000000000000e+00 0.000000000000000000e+00 1.000000000000000000e+00 0.000000000000000000e+00
1.913535746050885888e-01 -9.815211711857543264e-01 0.000000000000000000e+00 -2.133161512488221589e+01 9.815211711857538823e-01 1.913535746050886166e-01 0.000000000000000000e+00 8.959248826913892572e-01 0.000000000000000000e+00 0.000000000000000000e+00 1.000000000000000000e+00 0.000000000000000000e+00
1.914615407760124899e-01 -9.815001163543870533e-01 0.000000000000000000e+00 -2.128421283399966768e+01 9.815001163543866092e-01 1.914615407760124899e-01 0.000000000000000000e+00 1.121563892658819839e+00 0.000000000000000000e+00 0.000000000000000000e+00 1.000000000000000000e+00 0.000000000000000000e+00
1.914811707400455865e-01 -9.814962869272718660e-01 0.000000000000000000e+00 -2.123701636738195120e+01 9.814962869272714219e-01 1.914811707400456975e-01 0.000000000000000000e+00 1.342268479015345406e+00 0.000000000000000000e+00 0.000000000000000000e+00 1.000000000000000000e+00 0.000000000000000000e+00
1.915695046302512694e-01 -9.814790496468684955e-01 0.000000000000000000e+00 -2.119174022648324396e+01 9.814790496468682734e-01 1.915695046302512694e-01 0.000000000000000000e+00 1.553257492865164124e+00 0.000000000000000000e+00 0.000000000000000000e+00 1.000000000000000000e+00 0.000000000000000000e+00
1.916283930283696479e-01 -9.814675537099353253e-01 0.000000000000000000e+00 -2.114310818611399512e+01 9.814675537099349922e-01 1.916283930283696479e-01 0.000000000000000000e+00 1.778790125203641992e+00 0.000000000000000000e+00 0.000000000000000000e+00 1.000000000000000000e+00 0.000000000000000000e+00
1.917559821907325046e-01 -9.814426337255107713e-01 0.000000000000000000e+00 -2.109549036299407732e+01 9.814426337255104382e-01 1.917559821907326434e-01 0.000000000000000000e+00 1.999058181265617407e+00 0.000000000000000000e+00 0.000000000000000000e+00 1.000000000000000000e+00 0.000000000000000000e+00
2.070621004930288667e-01 -9.783278011686138420e-01 0.000000000000000000e+00 -2.104774906426816017e+01 9.783278011686133979e-01 2.070621004930290332e-01 0.000000000000000000e+00 2.212171011700490908e+00 0.000000000000000000e+00 0.000000000000000000e+00 1.000000000000000000e+00 0.000000000000000000e+00
2.072479790366615060e-01 -9.782884417109400932e-01 0.000000000000000000e+00 -2.099617318723733561e+01 9.782884417109397601e-01 2.072479790366615338e-01 0.000000000000000000e+00 2.432311360134171707e+00 0.000000000000000000e+00 0.000000000000000000e+00 1.000000000000000000e+00 0.000000000000000000e+00
2.076001494384014379e-01 -9.782137690470080749e-01 0.000000000000000000e+00 -2.094664359829744882e+01 9.782137690470077418e-01 2.076001494384016599e-01 0.000000000000000000e+00 2.652222132765807316e+00 0.000000000000000000e+00 0.000000000000000000e+00 1.000000000000000000e+00 0.000000000000000000e+00
2.208940010156388023e-01 -9.752978213424363663e-01 0.000000000000000000e+00 -2.089482386280877790e+01 9.752978213424361442e-01 2.208940010156388578e-01 0.000000000000000000e+00 2.874623152129224479e+00 0.000000000000000000e+00 0.000000000000000000e+00 1.000000000000000000e+00 0.000000000000000000e+00
2.101819073442922070e-01 -9.776622964117597236e-01 0.000000000000000000e+00 -2.084642399629268539e+01 9.776622964117592796e-01 2.101819073442923458e-01 0.000000000000000000e+00 3.087345612911398973e+00 0.000000000000000000e+00 0.000000000000000000e+00 1.000000000000000000e+00 0.000000000000000000e+00
1.602767484116327801e-01 -9.870721168782927712e-01 0.000000000000000000e+00 -2.080250404543490461e+01 9.870721168782924382e-01 1.602767484116328911e-01 0.000000000000000000e+00 3.305962414682554140e+00 0.000000000000000000e+00 0.000000000000000000e+00 1.000000000000000000e+00 0.000000000000000000e+00
-8.889149652948295788e-02 -9.960413153302170031e-01 0.000000000000000000e+00 -2.080476542280241858e+01 9.960413153302167810e-01 -8.889149652948277747e-02 0.000000000000000000e+00 3.505318919899721664e+00 0.000000000000000000e+00 0.000000000000000000e+00 1.000000000000000000e+00 0.000000000000000000e+00
-6.981920424714157525e-01 -7.159105194293438057e-01 0.000000000000000000e+00 -2.087175889092829095e+01 7.159105194293436947e-01 -6.981920424714154194e-01 0.000000000000000000e+00 3.575465406828627124e+00 0.000000000000000000e+00 0.000000000000000000e+00 1.000000000000000000e+00 0.000000000000000000e+00
-8.894767984952242079e-01 -4.569803332077720381e-01 0.000000000000000000e+00 -2.107161385891200212e+01 4.569803332077720381e-01 -8.894767984952237638e-01 0.000000000000000000e+00 3.679286631403513752e+00 0.000000000000000000e+00 0.000000000000000000e+00 1.000000000000000000e+00 0.000000000000000000e+00
-9.743568936594796392e-01 -2.250080971393016993e-01 0.000000000000000000e+00 -2.126867500604739192e+01 2.250080971393016438e-01 -9.743568936594793062e-01 0.000000000000000000e+00 3.738569353926052941e+00 0.000000000000000000e+00 0.000000000000000000e+00 1.000000000000000000e+00 0.000000000000000000e+00
-9.954203927767382165e-01 -9.559415067986173908e-02 0.000000000000000000e+00 -2.149047873586723156e+01 9.559415067986190562e-02 -9.954203927767378834e-01 0.000000000000000000e+00 3.766605108562032456e+00 0.000000000000000000e+00 0.000000000000000000e+00 1.000000000000000000e+00 0.000000000000000000e+00
-9.932991623638790513e-01 -1.155715105344570087e-01 0.000000000000000000e+00 -2.172279876374084395e+01 1.155715105344571059e-01 -9.932991623638786072e-01 0.000000000000000000e+00 3.794272250604571184e+00 0.000000000000000000e+00 0.000000000000000000e+00 1.000000000000000000e+00 0.000000000000000000e+00
-9.749717585337640546e-01 -2.223287432195383828e-01 0.000000000000000000e+00 -2.193522398421670516e+01 2.223287432195384383e-01 -9.749717585337638326e-01 0.000000000000000000e+00 3.836720970323590052e+00 0.000000000000000000e+00 0.000000000000000000e+00 1.000000000000000000e+00 0.000000000000000000e+00
-9.452927988301761397e-01 -3.262231207008663425e-01 0.000000000000000000e+00 -2.213833251303029570e+01 3.262231207008663980e-01 -9.452927988301758067e-01 0.000000000000000000e+00 3.907288353888361598e+00 0.000000000000000000e+00 0.000000000000000000e+00 1.000000000000000000e+00 0.000000000000000000e+00
-9.666841250959223864e-01 -2.559722685908203399e-01 0.000000000000000000e+00 -2.234394986076643619e+01 2.559722685908203399e-01 -9.666841250959218312e-01 0.000000000000000000e+00 3.972017867326634644e+00 0.000000000000000000e+00 0.000000000000000000e+00 1.000000000000000000e+00 0.000000000000000000e+00
-9.997840755916953537e-01 -2.077985065536573292e-02 0.000000000000000000e+00 -2.257433215555958128e+01 2.077985065536582313e-02 -9.997840755916949096e-01 0.000000000000000000e+00 3.993085184332940685e+00 0.000000000000000000e+00 0.000000000000000000e+00 1.000000000000000000e+00 0.000000000000000000e+00
-9.625132222770473867e-01 2.712347635201932117e-01 0.000000000000000000e+00 -2.278209519485059076e+01 -2.712347635201929896e-01 -9.625132222770470536e-01 0.000000000000000000e+00 3.954514189990511852e+00 0.000000000000000000e+00 0.000000000000000000e+00 1.000000000000000000e+00 0.000000000000000000e+00
-7.022049057226732449e-01 7.119749085319029280e-01 0.000000000000000000e+00 -2.295541196851479526e+01 -7.119749085319027060e-01 -7.022049057226730229e-01 0.000000000000000000e+00 3.825319606641855330e+00 0.000000000000000000e+00 0.000000000000000000e+00 1.000000000000000000e+00 0.000000000000000000e+00
-3.563211774151461286e-01 9.343635365988357533e-01 0.000000000000000000e+00 -2.305916297924157377e+01 -9.343635365988354202e-01 -3.563211774151461841e-01 0.000000000000000000e+00 3.595645826307290349e+00 0.000000000000000000e+00 0.000000000000000000e+00 1.000000000000000000e+00 0.000000000000000000e+00
-2.788627452983785115e-01 9.603309686168887138e-01 0.000000000000000000e+00 -2.312812320306107949e+01 -9.603309686168883808e-01 -2.788627452983783450e-01 0.000000000000000000e+00 3.377489057146291884e+00 0.000000000000000000e+00 0.000000000000000000e+00 1.000000000000000000e+00 0.000000000000000000e+00
-2.776448217754026726e-01 9.606837944616869462e-01 0.000000000000000000e+00 -2.319029198861699115e+01 -9.606837944616865022e-01 -2.776448217754027281e-01 0.000000000000000000e+00 3.168465483828590834e+00 0.000000000000000000e+00 0.000000000000000000e+00 1.000000000000000000e+00 0.000000000000000000e+00
-3.058591298664074531e-01 9.520767787722604902e-01 0.000000000000000000e+00 -2.325795098576775644e+01 -9.520767787722602682e-01 -3.058591298664075642e-01 0.000000000000000000e+00 2.963634663382656242e+00 0.000000000000000000e+00 0.000000000000000000e+00 1.000000000000000000e+00 0.000000000000000000e+00
-2.299454915653556253e-01 9.732035095029029081e-01 0.000000000000000000e+00 -2.331655144780065925e+01 -9.732035095029025751e-01 -2.299454915653556808e-01 0.000000000000000000e+00 2.751013942968278059e+00 0.000000000000000000e+00 0.000000000000000000e+00 1.000000000000000000e+00 0.000000000000000000e+00
-1.607028066892687290e-01 9.870028408886124538e-01 0.000000000000000000e+00 -2.335727331024451914e+01 -9.870028408886121207e-01 -1.607028066892687013e-01 0.000000000000000000e+00 2.525958264703753287e+00 0.000000000000000000e+00 0.000000000000000000e+00 1.000000000000000000e+00 0.000000000000000000e+00
-1.968928045801460469e-01 9.804250218678449702e-01 0.000000000000000000e+00 -2.340241582133387155e+01 -9.804250218678446371e-01 -1.968928045801460469e-01 0.000000000000000000e+00 2.303524468502402556e+00 0.000000000000000000e+00 0.000000000000000000e+00 1.000000000000000000e+00 0.000000000000000000e+00
-2.256952811380357471e-01 9.741979470682654574e-01 0.000000000000000000e+00 -2.345501170227377230e+01 -9.741979470682651243e-01 -2.256952811380357748e-01 0.000000000000000000e+00 2.091987909467896145e+00 0.000000000000000000e+00 0.000000000000000000e+00 1.000000000000000000e+00 0.000000000000000000e+00
-2.240378447157893860e-01 9.745804451840309746e-01 0.000000000000000000e+00 -2.350735578627577382e+01 -9.745804451840305305e-01 -2.240378447157894137e-01 0.000000000000000000e+00 1.877684294542731891e+00 0.000000000000000000e+00 0.000000000000000000e+00 1.000000000000000000e+00 0.000000000000000000e+00
-2.073513375654678081e-01 9.782665397578572675e-01 0.000000000000000000e+00 -2.357003689970471427e+01 -9.782665397578569344e-01 -2.073513375654678359e-01 0.000000000000000000e+00 1.592304112996600907e+00 0.000000000000000000e+00 0.000000000000000000e+00 1.000000000000000000e+00 0.000000000000000000e+00
-1.906032965975909543e-01 9.816671448745397655e-01 0.000000000000000000e+00 -2.361819281190850006e+01 -9.816671448745395434e-01 -1.906032965975910098e-01 0.000000000000000000e+00 1.369688620005156565e+00 0.000000000000000000e+00 0.000000000000000000e+00 1.000000000000000000e+00 0.000000000000000000e+00
-2.117690144979404165e-01 9.773197452720224776e-01 0.000000000000000000e+00 -2.366704607532040683e+01 -9.773197452720222556e-01 -2.117690144979404998e-01 0.000000000000000000e+00 1.151241604108840022e+00 0.000000000000000000e+00 0.000000000000000000e+00 1.000000000000000000e+00 0.000000000000000000e+00
-2.704088463247302787e-01 9.627455820876709147e-01 0.000000000000000000e+00 -2.372741168201830320e+01 -9.627455820876705817e-01 -2.704088463247302787e-01 0.000000000000000000e+00 9.390825809022018689e-01 0.000000000000000000e+00 0.000000000000000000e+00 1.000000000000000000e+00 0.000000000000000000e+00
-2.836656889772755097e-01 9.589232382714727443e-01 0.000000000000000000e+00 -2.379256005880254676e+01 -9.589232382714723002e-01 -2.836656889772755652e-01 0.000000000000000000e+00 7.307607455071121194e-01 0.000000000000000000e+00 0.000000000000000000e+00 1.000000000000000000e+00 0.000000000000000000e+00
-2.590859064298655645e-01 9.658542814987233216e-01 0.000000000000000000e+00 -2.385439753590400613e+01 -9.658542814987229885e-01 -2.590859064298655645e-01 0.000000000000000000e+00 5.152210126833836057e-01 0.000000000000000000e+00 0.000000000000000000e+00 1.000000000000000000e+00 0.000000000000000000e+00
-2.654249675878677661e-01 9.641315193379890180e-01 0.000000000000000000e+00 -2.391654870695880319e+01 -9.641315193379886850e-01 -2.654249675878678771e-01 0.000000000000000000e+00 2.949155694085590085e-01 0.000000000000000000e+00 0.000000000000000000e+00 1.000000000000000000e+00 0.000000000000000000e+00
-3.729762467758579447e-01 9.278408911774659318e-01 0.000000000000000000e+00 -2.399683024258905917e+01 -9.278408911774654877e-01 -3.729762467758579447e-01 0.000000000000000000e+00 8.576090549486536929e-02 0.000000000000000000e+00 0.000000000000000000e+00 1.000000000000000000e+00 0.000000000000000000e+00
-3.115185392021958544e-01 9.502400747881188936e-01 0.000000000000000000e+00 -2.407594057847199309e+01 -9.502400747881184495e-01 -3.115185392021958544e-01 0.000000000000000000e+00 -1.172807975035325967e-01 0.000000000000000000e+00 0.000000000000000000e+00 1.000000000000000000e+00 0.000000000000000000e+00
-1.373055388618161787e-01 9.905287421361715916e-01 0.000000000000000000e+00 -2.411394240991731763e+01 -9.905287421361712585e-01 -1.373055388618162620e-01 0.000000000000000000e+00 -3.261586690141413669e-01 0.000000000000000000e+00 0.000000000000000000e+00 1.000000000000000000e+00 0.000000000000000000e+00
-1.748167737489553786e-01 9.846009829448711947e-01 0.000000000000000000e+00 -2.415439436191688927e+01 -9.846009829448707507e-01 -1.748167737489555451e-01 0.000000000000000000e+00 -5.690686441663075357e-01 0.000000000000000000e+00 0.000000000000000000e+00 1.000000000000000000e+00 0.000000000000000000e+00
-2.819621948357540764e-01 9.594255159643213515e-01 0.000000000000000000e+00 -2.421118745130226557e+01 -9.594255159643209074e-01 -2.819621948357541319e-01 0.000000000000000000e+00 -7.751233638867276454e-01 0.000000000000000000e+00 0.000000000000000000e+00 1.000000000000000000e+00 0.000000000000000000e+00
-4.074871228107317389e-01 9.132109530351854021e-01 0.000000000000000000e+00 -2.429219832002351609e+01 -9.132109530351849580e-01 -4.074871228107317389e-01 0.000000000000000000e+00 -9.592622135573733999e-01 0.000000000000000000e+00 0.000000000000000000e+00 1.000000000000000000e+00 0.000000000000000000e+00
-3.392115931736796042e-01 9.407101014959784457e-01 0.000000000000000000e+00 -2.437382872433139980e+01 -9.407101014959781127e-01 -3.392115931736796042e-01 0.000000000000000000e+00 -1.153295188336223021e+00 0.000000000000000000e+00 0.000000000000000000e+00 1.000000000000000000e+00 0.000000000000000000e+00
-2.135747387527062724e-01 9.769267275321691368e-01 0.000000000000000000e+00 -2.442998364479554141e+01 -9.769267275321688038e-01 -2.135747387527063279e-01 0.000000000000000000e+00 -1.374118352437434964e+00 0.000000000000000000e+00 0.000000000000000000e+00 1.000000000000000000e+00 0.000000000000000000e+00
-2.270414067419330995e-01 9.738851059671485011e-01 0.000000000000000000e+00 -2.448331380086564835e+01 -9.738851059671481680e-01 -2.270414067419330995e-01 0.000000000000000000e+00 -1.597840523025027437e+00 0.000000000000000000e+00 0.000000000000000000e+00 1.000000000000000000e+00 0.000000000000000000e+00
-2.853088659270544003e-01 9.584356269585444510e-01 0.000000000000000000e+00 -2.454698218331002835e+01 -9.584356269585440069e-01 -2.853088659270544558e-01 0.000000000000000000e+00 -1.802530332743721431e+00 0.000000000000000000e+00 0.000000000000000000e+00 1.000000000000000000e+00 0.000000000000000000e+00
-2.838219896960647581e-01 9.588769880255583189e-01 0.000000000000000000e+00 -2.461366827406603264e+01 -9.588769880255578748e-01 -2.838219896960649247e-01 0.000000000000000000e+00 -2.013052113463373871e+00 0.000000000000000000e+00 0.000000000000000000e+00 1.000000000000000000e+00 0.000000000000000000e+00
-2.675627566624241283e-01 9.635404357094746741e-01 0.000000000000000000e+00 -2.467542384873947370e+01 -9.635404357094743411e-01 -2.675627566624241838e-01 0.000000000000000000e+00 -2.222518017841046856e+00 0.000000000000000000e+00 0.000000000000000000e+00 1.000000000000000000e+00 0.000000000000000000e+00
-2.362003368998268349e-01 9.717043793502261328e-01 0.000000000000000000e+00 -2.473284099131807423e+01 -9.717043793502259108e-01 -2.362003368998269459e-01 0.000000000000000000e+00 -2.435278180247234303e+00 0.000000000000000000e+00 0.000000000000000000e+00 1.000000000000000000e+00 0.000000000000000000e+00
-2.497573672364345465e-01 9.683084516367317374e-01 0.000000000000000000e+00 -2.479217483160256208e+01 -9.683084516367314043e-01 -2.497573672364345188e-01 0.000000000000000000e+00 -2.654559431972263184e+00 0.000000000000000000e+00 0.000000000000000000e+00 1.000000000000000000e+00 0.000000000000000000e+00
-2.484712337566143958e-01 9.686392754764105995e-01 0.000000000000000000e+00 -2.485274987944989533e+01 -9.686392754764103774e-01 -2.484712337566145068e-01 0.000000000000000000e+00 -2.873128638905196652e+00 0.000000000000000000e+00 0.000000000000000000e+00 1.000000000000000000e+00 0.000000000000000000e+00
-2.650788272757427788e-01 9.642267447701899918e-01 0.000000000000000000e+00 -2.491248299403517308e+01 -9.642267447701895478e-01 -2.650788272757428343e-01 0.000000000000000000e+00 -3.078207913689219311e+00 0.000000000000000000e+00 0.000000000000000000e+00 1.000000000000000000e+00 0.000000000000000000e+00
-2.611995390301385389e-01 9.652848288512790864e-01 0.000000000000000000e+00 -2.497487856563307673e+01 -9.652848288512786423e-01 -2.611995390301385389e-01 0.000000000000000000e+00 -3.294636145546739669e+00 0.000000000000000000e+00 0.000000000000000000e+00 1.000000000000000000e+00 0.000000000000000000e+00
-2.601192220001540267e-01 9.655765067285110304e-01 0.000000000000000000e+00 -2.503651045756085480e+01 -9.655765067285108083e-01 -2.601192220001540822e-01 0.000000000000000000e+00 -3.506223747965698578e+00 0.000000000000000000e+00 0.000000000000000000e+00 1.000000000000000000e+00 0.000000000000000000e+00
-2.718151285231385494e-01 9.623494874035887214e-01 0.000000000000000000e+00 -2.509983909320501283e+01 -9.623494874035882773e-01 -2.718151285231386050e-01 0.000000000000000000e+00 -3.720738372892419932e+00 0.000000000000000000e+00 0.000000000000000000e+00 1.000000000000000000e+00 0.000000000000000000e+00
-3.302049286423192620e-01 9.439092674088547241e-01 0.000000000000000000e+00 -2.517229903245925016e+01 -9.439092674088543911e-01 -3.302049286423192620e-01 0.000000000000000000e+00 -3.933653187086424197e+00 0.000000000000000000e+00 0.000000000000000000e+00 1.000000000000000000e+00 0.000000000000000000e+00
-3.873068701626120047e-01 9.219508600380182939e-01 0.000000000000000000e+00 -2.525816804893871748e+01 -9.219508600380178498e-01 -3.873068701626120602e-01 0.000000000000000000e+00 -4.136720120900992725e+00 0.000000000000000000e+00 0.000000000000000000e+00 1.000000000000000000e+00 0.000000000000000000e+00
-3.597768086354131700e-01 9.330383957630667968e-01 0.000000000000000000e+00 -2.534439370319341478e+01 -9.330383957630663527e-01 -3.597768086354131700e-01 0.000000000000000000e+00 -4.345319939089669958e+00 0.000000000000000000e+00 0.000000000000000000e+00 1.000000000000000000e+00 0.000000000000000000e+00
-3.447464596704044593e-01 9.386958392071002022e-01 0.000000000000000000e+00 -2.542613875646785360e+01 -9.386958392070997581e-01 -3.447464596704044593e-01 0.000000000000000000e+00 -4.552815984269226846e+00 0.000000000000000000e+00 0.000000000000000000e+00 1.000000000000000000e+00 0.000000000000000000e+00
-3.443380943759033475e-01 9.388457150999686140e-01 0.000000000000000000e+00 -2.550429680406837107e+01 -9.388457150999681700e-01 -3.443380943759034585e-01 0.000000000000000000e+00 -4.754074642953213470e+00 0.000000000000000000e+00 0.000000000000000000e+00 1.000000000000000000e+00 0.000000000000000000e+00
-3.295601616443220028e-01 9.441345771959462896e-01 0.000000000000000000e+00 -2.558003799352324492e+01 -9.441345771959459565e-01 -3.295601616443220028e-01 0.000000000000000000e+00 -4.963433406371322576e+00 0.000000000000000000e+00 0.000000000000000000e+00 1.000000000000000000e+00 0.000000000000000000e+00
-3.147579895669443406e-01 9.491719591326829297e-01 0.000000000000000000e+00 -2.565229084915395319e+01 -9.491719591326824856e-01 -3.147579895669442851e-01 0.000000000000000000e+00 -5.174604799683027778e+00 0.000000000000000000e+00 0.000000000000000000e+00 1.000000000000000000e+00 0.000000000000000000e+00
