-3.230335961435656239e-02 -9.994781102943794959e-01 0.000000000000000000e+00 -2.304410000000000380e+01 9.994781102943802731e-01 -3.230335961435679137e-02 0.000000000000000000e+00 -1.348209999999999908e+01 0.000000000000000000e+00 0.000000000000000000e+00 1.000000000000000000e+00 0.000000000000000000e+00
-6.508934423980492281e-03 -9.999788166619643093e-01 0.000000000000000000e+00 -2.304314602591882988e+01 9.999788166619651975e-01 -6.508934423980742082e-03 0.000000000000000000e+00 -1.325590066305700176e+01 0.000000000000000000e+00 0.000000000000000000e+00 1.000000000000000000e+00 0.000000000000000000e+00
-6.958924217261843077e-03 -9.999757863937189795e-01 0.000000000000000000e+00 -2.304068207055750861e+01 9.999757863937198676e-01 -6.958924217262070326e-03 0.000000000000000000e+00 -1.303871733168928948e+01 0.000000000000000000e+00 0.000000000000000000e+00 1.000000000000000000e+00 0.000000000000000000e+00
4.301006354727478741e-03 -9.999907506293919113e-01 0.000000000000000000e+00 -2.303591172853033697e+01 9.999907506293929105e-01 4.301006354727215930e-03 0.000000000000000000e+00 -1.281255017705152177e+01 0.000000000000000000e+00 0.000000000000000000e+00 1.000000000000000000e+00 0.000000000000000000e+00
7.730942603421562045e-03 -9.999701158166982573e-01 0.000000000000000000e+00 -2.303184486835708356e+01 9.999701158166990345e-01 7.730942603421346072e-03 0.000000000000000000e+00 -1.258732595044982894e+01 0.000000000000000000e+00 0.000000000000000000e+00 1.000000000000000000e+00 0.000000000000000000e+00
-2.344683152182971964e-02 -9.997250852567346469e-01 0.000000000000000000e+00 -2.303149816680988238e+01 9.997250852567355350e-01 -2.344683152182992433e-02 0.000000000000000000e+00 -1.237041045538772543e+01 0.000000000000000000e+00 0.000000000000000000e+00 1.000000000000000000e+00 0.000000000000000000e+00
-8.268886151660497993e-03 -9.999658121765008234e-01 0.000000000000000000e+00 -2.303058897766143076e+01 9.999658121765018226e-01 -8.268886151660711364e-03 0.000000000000000000e+00 -1.214626863984432603e+01 0.000000000000000000e+00 0.000000000000000000e+00 1.000000000000000000e+00 0.000000000000000000e+00
3.694261150538695471e-02 -9.993173887485197193e-01 0.000000000000000000e+00 -2.302144562051928034e+01 9.993173887485207185e-01 3.694261150538676042e-02 0.000000000000000000e+00 -1.192351843396300204e+01 0.000000000000000000e+00 0.000000000000000000e+00 1.000000000000000000e+00 0.000000000000000000e+00
4.792265758749714860e-02 -9.988510494011355600e-01 0.000000000000000000e+00 -2.300920926128198118e+01 9.988510494011365592e-01 4.792265758749699595e-02 0.000000000000000000e+00 -1.171567909117002593e+01 0.000000000000000000e+00 0.000000000000000000e+00 1.000000000000000000e+00 0.000000000000000000e+00
2.832722980097106963e-02 -9.995987035064627380e-01 0.000000000000000000e+00 -2.300031752214941960e+01 9.995987035064636261e-01 2.832722980097087534e-02 0.000000000000000000e+00 -1.151284874192416297e+01 0.000000000000000000e+00 0.000000000000000000e+00 1.000000000000000000e+00 0.000000000000000000e+00
7.380952596511058082e-03 -9.999727603983852298e-01 0.000000000000000000e+00 -2.299486702539578076e+01 9.999727603983861179e-01 7.380952596510874202e-03 0.000000000000000000e+00 -1.130127281374437764e+01 0.000000000000000000e+00 0.000000000000000000e+00 1.000000000000000000e+00 0.000000000000000000e+00
1.631029636887426290e-02 -9.998669782687883423e-01 0.000000000000000000e+00 -2.299142981358457405e+01 9.998669782687893415e-01 1.631029636887403392e-02 0.000000000000000000e+00 -1.108064645000929538e+01 0.000000000000000000e+00 0.000000000000000000e+00 1.000000000000000000e+00 0.000000000000000000e+00
7.496063965021791675e-02 -9.971864933417561305e-01 0.000000000000000000e+00 -2.297369649840302941e+01 9.971864933417570187e-01 7.496063965021776410e-02 0.000000000000000000e+00 -1.087145833913137771e+01 0.000000000000000000e+00 0.000000000000000000e+00 1.000000000000000000e+00 0.000000000000000000e+00
5.640107399652203451e-02 -9.984081925004607561e-01 0.000000000000000000e+00 -2.295636221501797536e+01 9.984081925004616442e-01 5.640107399652190268e-02 0.000000000000000000e+00 -1.066003770196573264e+01 0.000000000000000000e+00 0.000000000000000000e+00 1.000000000000000000e+00 0.000000000000000000e+00
3.809180182084242333e-02 -9.992742439561023149e-01 0.000000000000000000e+00 -2.294390278391182392e+01 9.992742439561032031e-01 3.809180182084225680e-02 0.000000000000000000e+00 -1.044332316120644144e+01 0.000000000000000000e+00 0.000000000000000000e+00 1.000000000000000000e+00 0.000000000000000000e+00
2.066954755647492856e-02 -9.997863620813243202e-01 0.000000000000000000e+00 -2.293590927734677365e+01 9.997863620813252084e-01 2.066954755647474815e-02 0.000000000000000000e+00 -1.022638835244400468e+01 0.000000000000000000e+00 0.000000000000000000e+00 1.000000000000000000e+00 0.000000000000000000e+00
-1.290862185844353187e-02 -9.999166802697682099e-01 0.000000000000000000e+00 -2.293359377786095976e+01 9.999166802697690981e-01 -1.290862185844375738e-02 0.000000000000000000e+00 -1.001141002920621759e+01 0.000000000000000000e+00 0.000000000000000000e+00 1.000000000000000000e+00 0.000000000000000000e+00
4.710195978940620435e-04 -9.999998890702622711e-01 0.000000000000000000e+00 -2.293210245246532253e+01 9.999998890702630483e-01 4.710195978938312711e-04 0.000000000000000000e+00 -9.798860108132215530e+00 0.000000000000000000e+00 0.000000000000000000e+00 1.000000000000000000e+00 0.000000000000000000e+00
1.435052701741572345e-02 -9.998970258853262516e-01 0.000000000000000000e+00 -2.292796579646342536e+01 9.998970258853269177e-01 1.435052701741551529e-02 0.000000000000000000e+00 -9.581750074561396602e+00 0.000000000000000000e+00 0.000000000000000000e+00 1.000000000000000000e+00 0.000000000000000000e+00
1.240070176869356028e-02 -9.999231083416575405e-01 0.000000000000000000e+00 -2.292521519990487278e+01 9.999231083416583177e-01 1.240070176869335732e-02 0.000000000000000000e+00 -9.356763440250439601e+00 0.000000000000000000e+00 0.000000000000000000e+00 1.000000000000000000e+00 0.000000000000000000e+00
-2.078978887075790417e-03 -9.999978389210575358e-01 0.000000000000000000e+00 -2.292492885086609533e+01 9.999978389210585350e-01 -2.078978887076043253e-03 0.000000000000000000e+00 -9.139780435376261281e+00 0.000000000000000000e+00 0.000000000000000000e+00 1.000000000000000000e+00 0.000000000000000000e+00
-3.838970955027914966e-03 -9.999926311238521714e-01 0.000000000000000000e+00 -2.292355479374710114e+01 9.999926311238529486e-01 -3.838970955028135276e-03 0.000000000000000000e+00 -8.924686846055163159e+00 0.000000000000000000e+00 0.000000000000000000e+00 1.000000000000000000e+00 0.000000000000000000e+00
-4.508965106097086173e-03 -9.999898345651671017e-01 0.000000000000000000e+00 -2.292260052306210483e+01 9.999898345651678788e-01 -4.508965106097329902e-03 0.000000000000000000e+00 -8.704797437789416392e+00 0.000000000000000000e+00 0.000000000000000000e+00 1.000000000000000000e+00 0.000000000000000000e+00
-5.088958419218450081e-03 -9.999870511672667162e-01 0.000000000000000000e+00 -2.292176584633716985e+01 9.999870511672677154e-01 -5.088958419218632227e-03 0.000000000000000000e+00 -8.484809048289504219e+00 0.000000000000000000e+00 0.000000000000000000e+00 1.000000000000000000e+00 0.000000000000000000e+00
2.532831071620520597e-02 -9.996791868776010448e-01 0.000000000000000000e+00 -2.291666234835441429e+01 9.996791868776019330e-01 2.532831071620500821e-02 0.000000000000000000e+00 -8.264677952557120122e+00 0.000000000000000000e+00 0.000000000000000000e+00 1.000000000000000000e+00 0.000000000000000000e+00
7.432242498610838743e-02 -9.972342639240703299e-01 0.000000000000000000e+00 -2.290098403452998355e+01 9.972342639240713291e-01 7.432242498610820702e-02 0.000000000000000000e+00 -8.046346348395875481e+00 0.000000000000000000e+00 0.000000000000000000e+00 1.000000000000000000e+00 0.000000000000000000e+00
8.281606059087301408e-02 -9.965648499260882920e-01 0.000000000000000000e+00 -2.287948885708829749e+01 9.965648499260894022e-01 8.281606059087288918e-02 0.000000000000000000e+00 -7.827322069954532502e+00 0.000000000000000000e+00 0.000000000000000000e+00 1.000000000000000000e+00 0.000000000000000000e+00
5.489341389872622740e-02 -9.984922198547876437e-01 0.000000000000000000e+00 -2.286528114152812208e+01 9.984922198547885319e-01 5.489341389872607474e-02 0.000000000000000000e+00 -7.617182671890863510e+00 0.000000000000000000e+00 0.000000000000000000e+00 1.000000000000000000e+00 0.000000000000000000e+00
3.483397114364365776e-02 -9.993931130713089583e-01 0.000000000000000000e+00 -2.285416390295538847e+01 9.993931130713097355e-01 3.483397114364350511e-02 0.000000000000000000e+00 -7.399324663072007979e+00 0.000000000000000000e+00 0.000000000000000000e+00 1.000000000000000000e+00 0.000000000000000000e+00
3.828166323849468977e-02 -9.992669884768997646e-01 0.000000000000000000e+00 -2.284580952924296327e+01 9.992669884769008748e-01 3.828166323849446079e-02 0.000000000000000000e+00 -7.196705118013113633e+00 0.000000000000000000e+00 0.000000000000000000e+00 1.000000000000000000e+00 0.000000000000000000e+00
3.756218114634672645e-02 -9.992942922620579038e-01 0.000000000000000000e+00 -2.283764792454676851e+01 9.992942922620586810e-01 3.756218114634653216e-02 0.000000000000000000e+00 -6.995573269195521249e+00 0.000000000000000000e+00 0.000000000000000000e+00 1.000000000000000000e+00 0.000000000000000000e+00
3.200555291808655084e-02 -9.994876910609784559e-01 0.000000000000000000e+00 -2.285091263936251949e+01 9.994876910609794551e-01 3.200555291808632880e-02 0.000000000000000000e+00 -7.262581253047796004e+00 0.000000000000000000e+00 0.000000000000000000e+00 1.000000000000000000e+00 0.000000000000000000e+00
4.047995619819050317e-02 -9.991803506605754226e-01 0.000000000000000000e+00 -2.283957921650702261e+01 9.991803506605764218e-01 4.047995619819031582e-02 0.000000000000000000e+00 -7.054525563564478574e+00 0.000000000000000000e+00 0.000000000000000000e+00 1.000000000000000000e+00 0.000000000000000000e+00
3.361468592471630185e-02 -9.994348667572994227e-01 0.000000000000000000e+00 -2.282966244616101292e+01 9.994348667573004219e-01 3.361468592471607980e-02 0.000000000000000000e+00 -6.840481093264719981e+00 0.000000000000000000e+00 0.000000000000000000e+00 1.000000000000000000e+00 0.000000000000000000e+00
6.402719233573687940e-02 -9.979481542853820830e-01 0.000000000000000000e+00 -2.281517271520924339e+01 9.979481542853830822e-01 6.402719233573672675e-02 0.000000000000000000e+00 -6.630668753787402281e+00 0.000000000000000000e+00 0.000000000000000000e+00 1.000000000000000000e+00 0.000000000000000000e+00
8.180948802324647384e-02 -9.966479858352058629e-01 0.000000000000000000e+00 -2.279416363481775676e+01 9.966479858352067511e-01 8.180948802324633506e-02 0.000000000000000000e+00 -6.433769217370720384e+00 0.000000000000000000e+00 0.000000000000000000e+00 1.000000000000000000e+00 0.000000000000000000e+00
5.953579252354627982e-02 -9.982261714704696587e-01 0.000000000000000000e+00 -2.277822715564354894e+01 9.982261714704705469e-01 5.953579252354609941e-02 0.000000000000000000e+00 -6.227591684570636055e+00 0.000000000000000000e+00 0.000000000000000000e+00 1.000000000000000000e+00 0.000000000000000000e+00
3.789194621154750448e-02 -9.992818423309308695e-01 0.000000000000000000e+00 -2.276883562627247315e+01 9.992818423309317577e-01 3.789194621154731019e-02 0.000000000000000000e+00 -6.017481451416531790e+00 0.000000000000000000e+00 0.000000000000000000e+00 1.000000000000000000e+00 0.000000000000000000e+00
1.648027351867764265e-02 -9.998641910703410796e-01 0.000000000000000000e+00 -2.276348540988755786e+01 9.998641910703421898e-01 1.648027351867746917e-02 0.000000000000000000e+00 -5.807180036809698187e+00 0.000000000000000000e+00 0.000000000000000000e+00 1.000000000000000000e+00 0.000000000000000000e+00
2.620801847999406492e-02 -9.996565108912912612e-01 0.000000000000000000e+00 -2.275636876722190749e+01 9.996565108912922604e-01 2.620801847999386022e-02 0.000000000000000000e+00 -5.597093875994262113e+00 0.000000000000000000e+00 0.000000000000000000e+00 1.000000000000000000e+00 0.000000000000000000e+00
3.603321751104779369e-02 -9.993505927530136335e-01 0.000000000000000000e+00 -2.274519894064870229e+01 9.993505927530145216e-01 3.603321751104761328e-02 0.000000000000000000e+00 -5.386944912220170245e+00 0.000000000000000000e+00 0.000000000000000000e+00 1.000000000000000000e+00 0.000000000000000000e+00
1.515043996063092369e-02 -9.998852254979054832e-01 0.000000000000000000e+00 -2.273630467497435959e+01 9.998852254979064824e-01 1.515043996063069123e-02 0.000000000000000000e+00 -5.182099411710362702e+00 0.000000000000000000e+00 0.000000000000000000e+00 1.000000000000000000e+00 0.000000000000000000e+00
-5.438953568282549333e-03 -9.999852087826500702e-01 0.000000000000000000e+00 -2.273409776564565021e+01 9.999852087826509583e-01 -5.438953568282759235e-03 0.000000000000000000e+00 -4.969494131493206623e+00 0.000000000000000000e+00 0.000000000000000000e+00 1.000000000000000000e+00 0.000000000000000000e+00
2.050958147465412051e-02 -9.997896564116537377e-01 0.000000000000000000e+00 -2.272957935883685110e+01 9.997896564116547369e-01 2.050958147465389847e-02 0.000000000000000000e+00 -4.763713567782952296e+00 0.000000000000000000e+00 0.000000000000000000e+00 1.000000000000000000e+00 0.000000000000000000e+00
4.654419794488476314e-02 -9.989162315417973170e-01 0.000000000000000000e+00 -2.271706316974084672e+01 9.989162315417982052e-01 4.654419794488458273e-02 0.000000000000000000e+00 -4.551378161016881307e+00 0.000000000000000000e+00 0.000000000000000000e+00 1.000000000000000000e+00 0.000000000000000000e+00
2.636796318559170987e-02 -9.996523048127491373e-01 0.000000000000000000e+00 -2.270682718953755952e+01 9.996523048127500255e-01 2.636796318559150518e-02 0.000000000000000000e+00 -4.341525924048774243e+00 0.000000000000000000e+00 0.000000000000000000e+00 1.000000000000000000e+00 0.000000000000000000e+00
2.194925681799730216e-02 -9.997590860428006154e-01 0.000000000000000000e+00 -2.270005460729402458e+01 9.997590860428015036e-01 2.194925681799710093e-02 0.000000000000000000e+00 -4.133649025930694165e+00 0.000000000000000000e+00 0.000000000000000000e+00 1.000000000000000000e+00 0.000000000000000000e+00
2.291017611138243537e-03 -9.999973756157082283e-01 0.000000000000000000e+00 -2.269795438390024955e+01 9.999973756157091165e-01 2.291017611138025829e-03 0.000000000000000000e+00 -3.921365251034316213e+00 0.000000000000000000e+00 0.000000000000000000e+00 1.000000000000000000e+00 0.000000000000000000e+00
1.392056998282840095e-02 -9.999031041712750367e-01 0.000000000000000000e+00 -2.269470178413903128e+01 9.999031041712758139e-01 1.392056998282819973e-02 0.000000000000000000e+00 -3.713048680124094503e+00 0.000000000000000000e+00 0.000000000000000000e+00 1.000000000000000000e+00 0.000000000000000000e+00
1.027083902803971847e-02 -9.999472535417346375e-01 0.000000000000000000e+00 -2.268904894128871064e+01 9.999472535417357477e-01 1.027083902803950337e-02 0.000000000000000000e+00 -3.499953682473494698e+00 0.000000000000000000e+00 0.000000000000000000e+00 1.000000000000000000e+00 0.000000000000000000e+00
1.760011084212688079e-02 -9.998451060531042822e-01 0.000000000000000000e+00 -2.268428605747123328e+01 9.998451060531050594e-01 1.760011084212669691e-02 0.000000000000000000e+00 -3.295226672270294088e+00 0.000000000000000000e+00 0.000000000000000000e+00 1.000000000000000000e+00 0.000000000000000000e+00
1.915984715912119260e-02 -9.998164332800483223e-01 0.000000000000000000e+00 -2.267859647317215277e+01 9.998164332800492105e-01 1.915984715912103301e-02 0.000000000000000000e+00 -3.086770593789709860e+00 0.000000000000000000e+00 0.000000000000000000e+00 1.000000000000000000e+00 0.000000000000000000e+00
8.710195051737636097e-04 -9.999996206624379713e-01 0.000000000000000000e+00 -2.267806277142263838e+01 9.999996206624388595e-01 8.710195051735193390e-04 0.000000000000000000e+00 -2.872410491246250253e+00 0.000000000000000000e+00 0.000000000000000000e+00 1.000000000000000000e+00 0.000000000000000000e+00
-2.095744594556130450e-02 -9.997803686107450405e-01 0.000000000000000000e+00 -2.268203441194075154e+01 9.997803686107458176e-01 -2.095744594556154042e-02 0.000000000000000000e+00 -2.661258792052057842e+00 0.000000000000000000e+00 0.000000000000000000e+00 1.000000000000000000e+00 0.000000000000000000e+00
-3.608972550356272062e-03 -9.999934876373590686e-01 0.000000000000000000e+00 -2.268272009976901771e+01 9.999934876373599568e-01 -3.608972550356466351e-03 0.000000000000000000e+00 -2.455255744615369995e+00 0.000000000000000000e+00 0.000000000000000000e+00 1.000000000000000000e+00 0.000000000000000000e+00
6.844745993665188322e-02 -9.976547224507178457e-01 0.000000000000000000e+00 -2.266968103835249337e+01 9.976547224507186229e-01 6.844745993665170281e-02 0.000000000000000000e+00 -2.245371586620117821e+00 0.000000000000000000e+00 0.000000000000000000e+00 1.000000000000000000e+00 0.000000000000000000e+00
5.727965125403015195e-02 -9.983581729781225711e-01 0.000000000000000000e+00 -2.265425060786853706e+01 9.983581729781233483e-01 5.727965125403002705e-02 0.000000000000000000e+00 -2.035380405340806220e+00 0.000000000000000000e+00 0.000000000000000000e+00 1.000000000000000000e+00 0.000000000000000000e+00
2.187927362825573332e-02 -9.997606200413667876e-01 0.000000000000000000e+00 -2.264506517380491957e+01 9.997606200413676758e-01 2.187927362825554251e-02 0.000000000000000000e+00 -1.827135654624101546e+00 0.000000000000000000e+00 0.000000000000000000e+00 1.000000000000000000e+00 0.000000000000000000e+00
1.814002460705950795e-02 -9.998354562162983239e-01 0.000000000000000000e+00 -2.263810921668187248e+01 9.998354562162993231e-01 1.814002460705928244e-02 0.000000000000000000e+00 -1.614708615948461157e+00 0.000000000000000000e+00 0.000000000000000000e+00 1.000000000000000000e+00 0.000000000000000000e+00
1.932981567510064225e-02 -9.998131616586994896e-01 0.000000000000000000e+00 -2.263184335760883670e+01 9.998131616587004888e-01 1.932981567510040286e-02 0.000000000000000000e+00 -1.410138940996190859e+00 0.000000000000000000e+00 0.000000000000000000e+00 1.000000000000000000e+00 0.000000000000000000e+00
1.853995732767912616e-02 -9.998281202198137096e-01 0.000000000000000000e+00 -2.262591452974703543e+01 9.998281202198144868e-01 1.853995732767895269e-02 0.000000000000000000e+00 -1.193287209621538558e+00 0.000000000000000000e+00 0.000000000000000000e+00 1.000000000000000000e+00 0.000000000000000000e+00
1.789006517873359056e-02 -9.998399599775450453e-01 0.000000000000000000e+00 -2.261879763686171785e+01 9.998399599775460445e-01 1.789006517873334076e-02 0.000000000000000000e+00 -9.805000325274779716e-01 0.000000000000000000e+00 0.000000000000000000e+00 1.000000000000000000e+00 0.000000000000000000e+00
1.749012777420239431e-02 -9.998470360162300397e-01 0.000000000000000000e+00 -2.261206457641934975e+01 9.998470360162308168e-01 1.749012777420221737e-02 0.000000000000000000e+00 -7.678634298526810786e-01 0.000000000000000000e+00 0.000000000000000000e+00 1.000000000000000000e+00 0.000000000000000000e+00
4.736329351479553335e-02 -9.988777294681414620e-01 0.000000000000000000e+00 -2.260167481804425549e+01 9.988777294681423502e-01 4.736329351479538069e-02 0.000000000000000000e+00 -5.596203975060810576e-01 0.000000000000000000e+00 0.000000000000000000e+00 1.000000000000000000e+00 0.000000000000000000e+00
3.279513812456122390e-02 -9.994620947866853511e-01 0.000000000000000000e+00 -2.259283102182661906e+01 9.994620947866861282e-01 3.279513812456101574e-02 0.000000000000000000e+00 -3.496546925243835258e-01 0.000000000000000000e+00 0.000000000000000000e+00 1.000000000000000000e+00 0.000000000000000000e+00
2.594810690425963101e-02 -9.996632911876295324e-01 0.000000000000000000e+00 -2.258416391052543659e+01 9.996632911876303096e-01 2.594810690425945754e-02 0.000000000000000000e+00 -1.461986098389733701e-01 0.000000000000000000e+00 0.000000000000000000e+00 1.000000000000000000e+00 0.000000000000000000e+00
1.930981940800271385e-02 -9.998135480550505161e-01 0.000000000000000000e+00 -2.257616848616599015e+01 9.998135480550512932e-01 1.930981940800250221e-02 0.000000000000000000e+00 6.230358388884460474e-02 0.000000000000000000e+00 0.000000000000000000e+00 1.000000000000000000e+00 0.000000000000000000e+00
1.271067733146079466e-02 -9.999192160778658245e-01 0.000000000000000000e+00 -2.256901819767389128e+01 9.999192160778666016e-01 1.271067733146060384e-02 0.000000000000000000e+00 2.659071405239878949e-01 0.000000000000000000e+00 0.000000000000000000e+00 1.000000000000000000e+00 0.000000000000000000e+00
6.310977721827114306e-03 -9.999800855818044010e-01 0.000000000000000000e+00 -2.256353374405730960e+01 9.999800855818051781e-01 6.310977721826922619e-03 0.000000000000000000e+00 4.597308252700147424e-01 0.000000000000000000e+00 0.000000000000000000e+00 1.000000000000000000e+00 0.000000000000000000e+00
2.410196129770187030e-04 -9.999999709547718885e-01 0.000000000000000000e+00 -2.255868184358817174e+01 9.999999709547726656e-01 2.410196129768148730e-04 0.000000000000000000e+00 6.729920375469720106e-01 0.000000000000000000e+00 0.000000000000000000e+00 1.000000000000000000e+00 0.000000000000000000e+00
-6.608932272935566163e-03 -9.999781607686291096e-01 0.000000000000000000e+00 -2.255494418743128548e+01 9.999781607686299978e-01 -6.608932272935758717e-03 0.000000000000000000e+00 8.882833630258524238e-01 0.000000000000000000e+00 0.000000000000000000e+00 1.000000000000000000e+00 0.000000000000000000e+00
2.181017886181975830e-03 -9.999976215776607003e-01 0.000000000000000000e+00 -2.255126522425047142e+01 9.999976215776615884e-01 2.181017886181745979e-03 0.000000000000000000e+00 1.096658030703847153e+00 0.000000000000000000e+00 0.000000000000000000e+00 1.000000000000000000e+00 0.000000000000000000e+00
-4.318966957286052982e-03 -9.999906732187155978e-01 0.000000000000000000e+00 -2.254670584881785089e+01 9.999906732187164859e-01 -4.318966957286280231e-03 0.000000000000000000e+00 1.312657295044411754e+00 0.000000000000000000e+00 0.000000000000000000e+00 1.000000000000000000e+00 0.000000000000000000e+00
-1.112875065761011369e-02 -9.999380735369561846e-01 0.000000000000000000e+00 -2.254554326071180625e+01 9.999380735369569617e-01 -1.112875065761032706e-02 0.000000000000000000e+00 1.534340108967582328e+00 0.000000000000000000e+00 0.000000000000000000e+00 1.000000000000000000e+00 0.000000000000000000e+00
-4.528964901884874848e-03 -9.999897441858670577e-01 0.000000000000000000e+00 -2.254433108161400412e+01 9.999897441858679459e-01 -4.528964901885098628e-03 0.000000000000000000e+00 1.759004607101653406e+00 0.000000000000000000e+00 0.000000000000000000e+00 1.000000000000000000e+00 0.000000000000000000e+00
-2.233712246065171214e-02 -9.997504953538036698e-01 0.000000000000000000e+00 -2.254581306210869229e+01 9.997504953538046690e-01 -2.233712246065195500e-02 0.000000000000000000e+00 1.973402460014907156e+00 0.000000000000000000e+00 0.000000000000000000e+00 1.000000000000000000e+00 0.000000000000000000e+00
-7.857789187246447260e-02 -9.969079771517918021e-01 0.000000000000000000e+00 -2.255454620650779773e+01 9.969079771517928013e-01 -7.857789187246472240e-02 0.000000000000000000e+00 2.192948809993457981e+00 0.000000000000000000e+00 0.000000000000000000e+00 1.000000000000000000e+00 0.000000000000000000e+00
-3.276724696409574200e-01 -9.447913804853398378e-01 0.000000000000000000e+00 -2.260475486989349392e+01 9.447913804853406150e-01 -3.276724696409579751e-01 0.000000000000000000e+00 2.382713539384938350e+00 0.000000000000000000e+00 0.000000000000000000e+00 1.000000000000000000e+00 0.000000000000000000e+00
-8.534653603943707090e-01 -5.211495741213890698e-01 0.000000000000000000e+00 -2.268748312465122297e+01 5.211495741213892918e-01 -8.534653603943715972e-01 0.000000000000000000e+00 2.431219707701360200e+00 0.000000000000000000e+00 0.000000000000000000e+00 1.000000000000000000e+00 0.000000000000000000e+00
-9.757310181678597871e-01 -2.189725557806498357e-01 0.000000000000000000e+00 -2.290748928708461563e+01 2.189725557806498912e-01 -9.757310181678607863e-01 0.000000000000000000e+00 2.479073140089570693e+00 0.000000000000000000e+00 0.000000000000000000e+00 1.000000000000000000e+00 0.000000000000000000e+00
-9.995410006138729653e-01 3.029501760712155142e-02 0.000000000000000000e+00 -2.311387358134321701e+01 -3.029501760712178041e-02 -9.995410006138738535e-01 0.000000000000000000e+00 2.483715282200483543e+00 0.000000000000000000e+00 0.000000000000000000e+00 1.000000000000000000e+00 0.000000000000000000e+00
-9.865480269633345456e-01 1.634716810176918278e-01 0.000000000000000000e+00 -2.333621025043689912e+01 -1.634716810176921331e-01 -9.865480269633354338e-01 0.000000000000000000e+00 2.451093717610090650e+00 0.000000000000000000e+00 0.000000000000000000e+00 1.000000000000000000e+00 0.000000000000000000e+00
-9.893502007688206312e-01 1.455547327938615521e-01 0.000000000000000000e+00 -2.356852853967951589e+01 -1.455547327938619129e-01 -9.893502007688216304e-01 0.000000000000000000e+00 2.414801341229038556e+00 0.000000000000000000e+00 0.000000000000000000e+00 1.000000000000000000e+00 0.000000000000000000e+00
-9.992414023671374323e-01 3.894380304175294738e-02 0.000000000000000000e+00 -2.378540180951824112e+01 -3.894380304175318330e-02 -9.992414023671382095e-01 0.000000000000000000e+00 2.397487623272998913e+00 0.000000000000000000e+00 0.000000000000000000e+00 1.000000000000000000e+00 0.000000000000000000e+00
-9.976470276730814435e-01 -6.855952286199124002e-02 0.000000000000000000e+00 -2.400062889951767175e+01 6.855952286199111512e-02 -9.976470276730825537e-01 0.000000000000000000e+00 2.409582239032705520e+00 0.000000000000000000e+00 0.000000000000000000e+00 1.000000000000000000e+00 0.000000000000000000e+00
-9.999891391737166790e-01 4.660636716930896713e-03 0.000000000000000000e+00 -2.421671271413467608e+01 -4.660636716931117890e-03 -9.999891391737175672e-01 0.000000000000000000e+00 2.415174015187309120e+00 0.000000000000000000e+00 0.000000000000000000e+00 1.000000000000000000e+00 0.000000000000000000e+00
-9.709002383808882364e-01 2.394842940819555399e-01 0.000000000000000000e+00 -2.444532294496032421e+01 -2.394842940819559285e-01 -9.709002383808890135e-01 0.000000000000000000e+00 2.372192101992971480e+00 0.000000000000000000e+00 0.000000000000000000e+00 1.000000000000000000e+00 0.000000000000000000e+00
-8.594735324785753861e-01 5.111802490010716182e-01 0.000000000000000000e+00 -2.463643828113249512e+01 -5.111802490010720623e-01 -8.594735324785760522e-01 0.000000000000000000e+00 2.278937658775514130e+00 0.000000000000000000e+00 0.000000000000000000e+00 1.000000000000000000e+00 0.000000000000000000e+00
-4.947426483189774626e-01 8.690395341607438651e-01 0.000000000000000000e+00 -2.477088903407601705e+01 -8.690395341607447532e-01 -4.947426483189777402e-01 0.000000000000000000e+00 2.107199064880841188e+00 0.000000000000000000e+00 0.000000000000000000e+00 1.000000000000000000e+00 0.000000000000000000e+00
-1.040828255141445918e-01 9.945686328418921196e-01 0.000000000000000000e+00 -2.481236132923249826e+01 -9.945686328418928968e-01 -1.040828255141444530e-01 0.000000000000000000e+00 1.856442078269396667e+00 0.000000000000000000e+00 0.000000000000000000e+00 1.000000000000000000e+00 0.000000000000000000e+00
-2.335654907353311785e-02 9.997271985973844588e-01 0.000000000000000000e+00 -2.482337244976338653e+01 -9.997271985973853470e-01 -2.335654907353291662e-02 0.000000000000000000e+00 1.625781552551070597e+00 0.000000000000000000e+00 0.000000000000000000e+00 1.000000000000000000e+00 0.000000000000000000e+00
-2.260374794244306151e-02 9.997445026500285659e-01 0.000000000000000000e+00 -2.483070528916540098e+01 -9.997445026500294540e-01 -2.260374794244284988e-02 0.000000000000000000e+00 1.408298274190863175e+00 0.000000000000000000e+00 0.000000000000000000e+00 1.000000000000000000e+00 0.000000000000000000e+00
-5.241364511353838185e-02 9.986254602231560140e-01 0.000000000000000000e+00 -2.484451518755570376e+01 -9.986254602231569022e-01 -5.241364511353824307e-02 0.000000000000000000e+00 1.193445624436547892e+00 0.000000000000000000e+00 0.000000000000000000e+00 1.000000000000000000e+00 0.000000000000000000e+00
2.622631936686996637e-02 9.996560309288716750e-01 0.000000000000000000e+00 -2.484766557791627406e+01 -9.996560309288724522e-01 2.622631936687021964e-02 0.000000000000000000e+00 9.734163649264195861e-01 0.000000000000000000e+00 0.000000000000000000e+00 1.000000000000000000e+00 0.000000000000000000e+00
9.672486679757563710e-02 9.953111574492619074e-01 0.000000000000000000e+00 -2.483040534031330893e+01 -9.953111574492626845e-01 9.672486679757585915e-02 0.000000000000000000e+00 7.459471883378339108e-01 0.000000000000000000e+00 0.000000000000000000e+00 1.000000000000000000e+00 0.000000000000000000e+00
6.025979740907141252e-02 9.981827271678346269e-01 0.000000000000000000e+00 -2.481802214515135319e+01 -9.981827271678355151e-01 6.025979740907168314e-02 0.000000000000000000e+00 5.197927577432035484e-01 0.000000000000000000e+00 0.000000000000000000e+00 1.000000000000000000e+00 0.000000000000000000e+00
3.120426061273633492e-02 9.995130284891791117e-01 0.000000000000000000e+00 -2.481563649017845563e+01 -9.995130284891799999e-01 3.120426061273659860e-02 0.000000000000000000e+00 3.023554803058929874e-01 0.000000000000000000e+00 0.000000000000000000e+00 1.000000000000000000e+00 0.000000000000000000e+00
3.346407788472731404e-02 9.994399209013630214e-01 0.000000000000000000e+00 -2.481217400653550698e+01 -9.994399209013640206e-01 3.346407788472754996e-02 0.000000000000000000e+00 8.224761791105961173e-02 0.000000000000000000e+00 0.000000000000000000e+00 1.000000000000000000e+00 0.000000000000000000e+00
5.133375462353446939e-02 9.986815536677590144e-01 0.000000000000000000e+00 -2.480038737407530647e+01 -9.986815536677597915e-01 5.133375462353469837e-02 0.000000000000000000e+00 -2.091517588628926116e-01 0.000000000000000000e+00 0.000000000000000000e+00 1.000000000000000000e+00 0.000000000000000000e+00
6.936059166715081992e-02 9.975916540967958435e-01 0.000000000000000000e+00 -2.479045315391816828e+01 -9.975916540967966206e-01 6.936059166715108359e-02 0.000000000000000000e+00 -4.361908280423388851e-01 0.000000000000000000e+00 0.000000000000000000e+00 1.000000000000000000e+00 0.000000000000000000e+00
4.894676137088752044e-02 9.988013889414149027e-01 0.000000000000000000e+00 -2.478208920210356681e+01 -9.988013889414157909e-01 4.894676137088783269e-02 0.000000000000000000e+00 -6.593147572073739804e-01 0.000000000000000000e+00 0.000000000000000000e+00 1.000000000000000000e+00 0.000000000000000000e+00
-1.013249981726690487e-02 9.999486649060796983e-01 0.000000000000000000e+00 -2.478617557837858953e+01 -9.999486649060806975e-01 -1.013249981726672098e-02 0.000000000000000000e+00 -8.793967364286153776e-01 0.000000000000000000e+00 0.000000000000000000e+00 1.000000000000000000e+00 0.000000000000000000e+00
-2.240779758700548949e-02 9.997489137815044336e-01 0.000000000000000000e+00 -2.479559397860030501e+01 -9.997489137815053217e-01 -2.240779758700527438e-02 0.000000000000000000e+00 -1.097014792633201896e+00 0.000000000000000000e+00 0.000000000000000000e+00 1.000000000000000000e+00 0.000000000000000000e+00
4.834307964638750316e-03 9.999883146649769516e-01 0.000000000000000000e+00 -2.479960484555414624e+01 -9.999883146649780619e-01 4.834307964639003585e-03 0.000000000000000000e+00 -1.320725960197919102e+00 0.000000000000000000e+00 0.000000000000000000e+00 1.000000000000000000e+00 0.000000000000000000e+00
1.603267942093051970e-04 9.999999871476584756e-01 0.000000000000000000e+00 -2.480227477060827468e+01 -9.999999871476594748e-01 1.603267942095421494e-04 0.000000000000000000e+00 -1.549129405565749407e+00 0.000000000000000000e+00 0.000000000000000000e+00 1.000000000000000000e+00 0.000000000000000000e+00
-1.110918897149766743e-01 9.938101388291192828e-01 0.000000000000000000e+00 -2.482492971528233738e+01 -9.938101388291205041e-01 -1.110918897149765633e-01 0.000000000000000000e+00 -1.771631324581777633e+00 0.000000000000000000e+00 0.000000000000000000e+00 1.000000000000000000e+00 0.000000000000000000e+00
-4.360584217087486864e-02 9.990488128858203698e-01 0.000000000000000000e+00 -2.484760230784307566e+01 -9.990488128858213690e-01 -4.360584217087466741e-02 0.000000000000000000e+00 -1.988007542858126753e+00 0.000000000000000000e+00 0.000000000000000000e+00 1.000000000000000000e+00 0.000000000000000000e+00
1.373804755239481090e-01 9.905183516446387504e-01 0.000000000000000000e+00 -2.482865319823267214e+01 -9.905183516446395275e-01 1.373804755239484421e-01 0.000000000000000000e+00 -2.197209631683676889e+00 0.000000000000000000e+00 0.000000000000000000e+00 1.000000000000000000e+00 0.000000000000000000e+00
1.021776923016921856e-01 9.947661630734626614e-01 0.000000000000000000e+00 -2.480228327216725859e+01 -9.947661630734634386e-01 1.021776923016925465e-01 0.000000000000000000e+00 -2.439798202311613373e+00 0.000000000000000000e+00 0.000000000000000000e+00 1.000000000000000000e+00 0.000000000000000000e+00
-5.076651398611537608e-03 9.999871137222595685e-01 0.000000000000000000e+00 -2.480112901662798564e+01 -9.999871137222603457e-01 -5.076651398611303420e-03 0.000000000000000000e+00 -2.651360304820900460e+00 0.000000000000000000e+00 0.000000000000000000e+00 1.000000000000000000e+00 0.000000000000000000e+00
-1.356184701220060351e-01 9.907611369859864459e-01 0.000000000000000000e+00 -2.482869732947841612e+01 -9.907611369859874451e-01 -1.356184701220059519e-01 0.000000000000000000e+00 -2.848634099904231221e+00 0.000000000000000000e+00 0.000000000000000000e+00 1.000000000000000000e+00 0.000000000000000000e+00
-6.240709312950526444e-02 9.980507776296370093e-01 0.000000000000000000e+00 -2.485293197799083487e+01 -9.980507776296381195e-01 -6.240709312950501464e-02 0.000000000000000000e+00 -3.050777038965875931e+00 0.000000000000000000e+00 0.000000000000000000e+00 1.000000000000000000e+00 0.000000000000000000e+00
6.829312909548228283e-02 9.976652988444301151e-01 0.000000000000000000e+00 -2.484521308279255791e+01 -9.976652988444310033e-01 6.829312909548256039e-02 0.000000000000000000e+00 -3.271536730841267726e+00 0.000000000000000000e+00 0.000000000000000000e+00 1.000000000000000000e+00 0.000000000000000000e+00
5.442941582279296753e-02 9.985176206222841078e-01 0.000000000000000000e+00 -2.483400486545404462e+01 -9.985176206222848849e-01 5.442941582279326590e-02 0.000000000000000000e+00 -3.494231114165348373e+00 0.000000000000000000e+00 0.000000000000000000e+00 1.000000000000000000e+00 0.000000000000000000e+00
-5.866639552110927171e-03 9.999827911221091936e-01 0.000000000000000000e+00 -2.483802768220412815e+01 -9.999827911221099708e-01 -5.866639552110719871e-03 0.000000000000000000e+00 -3.701622997674311577e+00 0.000000000000000000e+00 0.000000000000000000e+00 1.000000000000000000e+00 0.000000000000000000e+00
-4.270660223230434913e-03 9.999908806890469570e-01 0.000000000000000000e+00 -2.484332561512577797e+01 -9.999908806890479562e-01 -4.270660223230187715e-03 0.000000000000000000e+00 -3.915447375159100130e+00 0.000000000000000000e+00 0.000000000000000000e+00 1.000000000000000000e+00 0.000000000000000000e+00
1.272898302998962811e-02 9.999189832136505807e-01 0.000000000000000000e+00 -2.484419454664254445e+01 -9.999189832136513578e-01 1.272898302998984668e-02 0.000000000000000000e+00 -4.126854306355831170e+00 0.000000000000000000e+00 0.000000000000000000e+00 1.000000000000000000e+00 0.000000000000000000e+00
4.521490647076103347e-02 9.989772831415330012e-01 0.000000000000000000e+00 -2.483998501094857758e+01 -9.989772831415337784e-01 4.521490647076131797e-02 0.000000000000000000e+00 -4.340169134507185333e+00 0.000000000000000000e+00 0.000000000000000000e+00 1.000000000000000000e+00 0.000000000000000000e+00
3.134819016481554116e-02 9.995085247127154515e-01 0.000000000000000000e+00 -2.483572827517430426e+01 -9.995085247127161177e-01 3.134819016481577014e-02 0.000000000000000000e+00 -4.560325210509068583e+00 0.000000000000000000e+00 0.000000000000000000e+00 1.000000000000000000e+00 0.000000000000000000e+00
3.279044782807814806e-02 9.994622486773737657e-01 0.000000000000000000e+00 -2.483286716622937718e+01 -9.994622486773745429e-01 3.279044782807837011e-02 0.000000000000000000e+00 -4.780124739524954869e+00 0.000000000000000000e+00 0.000000000000000000e+00 1.000000000000000000e+00 0.000000000000000000e+00
1.576167410883704684e-02 9.998757770989779026e-01 0.000000000000000000e+00 -2.483292255604161625e+01 -9.998757770989789018e-01 1.576167410883731745e-02 0.000000000000000000e+00 -4.986778298245749141e+00 0.000000000000000000e+00 0.000000000000000000e+00 1.000000000000000000e+00 0.000000000000000000e+00
1.996400041062448491e-02 9.998006994834536254e-01 0.000000000000000000e+00 -2.483229361794284173e+01 -9.998006994834544026e-01 1.996400041062473471e-02 0.000000000000000000e+00 -5.205098295810946851e+00 0.000000000000000000e+00 0.000000000000000000e+00 1.000000000000000000e+00 0.000000000000000000e+00
2.130071570407189238e-02 9.997731140166215003e-01 0.000000000000000000e+00 -2.483231094161057229e+01 -9.997731140166224995e-01 2.130071570407213177e-02 0.000000000000000000e+00 -5.418476841592594795e+00 0.000000000000000000e+00 0.000000000000000000e+00 1.000000000000000000e+00 0.000000000000000000e+00
9.428187109597441565e-03 9.999555536561735014e-01 0.000000000000000000e+00 -2.483304678540325483e+01 -9.999555536561746116e-01 9.428187109597634119e-03 0.000000000000000000e+00 -5.635190672793817690e+00 0.000000000000000000e+00 0.000000000000000000e+00 1.000000000000000000e+00 0.000000000000000000e+00
-5.142697773772490072e-02 9.986767574950173865e-01 0.000000000000000000e+00 -2.484295834312627349e+01 -9.986767574950182746e-01 -5.142697773772472031e-02 0.000000000000000000e+00 -5.852914392042555924e+00 0.000000000000000000e+00 0.000000000000000000e+00 1.000000000000000000e+00 0.000000000000000000e+00
-1.118262850059181107e-01 9.937277705598115407e-01 0.000000000000000000e+00 -2.486845754076164994e+01 -9.937277705598124289e-01 -1.118262850059180136e-01 0.000000000000000000e+00 -6.064919730229951789e+00 0.000000000000000000e+00 0.000000000000000000e+00 1.000000000000000000e+00 0.000000000000000000e+00
-8.150815134784035465e-02 9.966726750863875717e-01 0.000000000000000000e+00 -2.489255218477155651e+01 -9.966726750863884599e-01 -8.150815134784028526e-02 0.000000000000000000e+00 -6.282431403778836021e+00 0.000000000000000000e+00 0.000000000000000000e+00 1.000000000000000000e+00 0.000000000000000000e+00
-6.453778768820594980e-02 9.979152639178890949e-01 0.000000000000000000e+00 -2.491250391238289552e+01 -9.979152639178899831e-01 -6.453778768820585265e-02 0.000000000000000000e+00 -6.497606596273979740e+00 0.000000000000000000e+00 0.000000000000000000e+00 1.000000000000000000e+00 0.000000000000000000e+00
-6.298794807990371059e-02 9.980142876716152633e-01 0.000000000000000000e+00 -2.493057059065969128e+01 -9.980142876716160405e-01 -6.298794807990359956e-02 0.000000000000000000e+00 -6.705792175832323565e+00 0.000000000000000000e+00 0.000000000000000000e+00 1.000000000000000000e+00 0.000000000000000000e+00
-4.607235827409966039e-02 9.989381050911317894e-01 0.000000000000000000e+00 -2.494377894059786627e+01 -9.989381050911327886e-01 -4.607235827409946610e-02 0.000000000000000000e+00 -6.921075800597213501e+00 0.000000000000000000e+00 0.000000000000000000e+00 1.000000000000000000e+00 0.000000000000000000e+00
-2.910256352457703602e-02 9.995764306926691045e-01 0.000000000000000000e+00 -2.495286039433428371e+01 -9.995764306926699927e-01 -2.910256352457683479e-02 0.000000000000000000e+00 -7.137103487012713465e+00 0.000000000000000000e+00 0.000000000000000000e+00 1.000000000000000000e+00 0.000000000000000000e+00
