-5.534607168921947817e-01 8.328752816941908943e-01 0.000000000000000000e+00 5.626750000000000362e+00 -8.328752816941908943e-01 -5.534607168921947817e-01 0.000000000000000000e+00 -5.169480000000000075e+00 0.000000000000000000e+00 0.000000000000000000e+00 1.000000000000000000e+00 0.000000000000000000e+00
-5.747623227620102249e-01 8.183203971142468669e-01 0.000000000000000000e+00 5.494760000000000311e+00 -8.183203971142468669e-01 -5.747623227620102249e-01 0.000000000000000000e+00 -5.353180000000000049e+00 0.000000000000000000e+00 0.000000000000000000e+00 1.000000000000000000e+00 0.000000000000000000e+00
-5.743940204010526962e-01 8.185789572958219740e-01 0.000000000000000000e+00 5.366769999999999818e+00 -8.185789572958219740e-01 -5.743940204010526962e-01 0.000000000000000000e+00 -5.528660000000000352e+00 0.000000000000000000e+00 0.000000000000000000e+00 1.000000000000000000e+00 0.000000000000000000e+00
-5.835746120554216043e-01 8.120595250130153708e-01 0.000000000000000000e+00 5.231690000000000396e+00 -8.120595250130153708e-01 -5.835746120554216043e-01 0.000000000000000000e+00 -5.710119999999999862e+00 0.000000000000000000e+00 0.000000000000000000e+00 1.000000000000000000e+00 0.000000000000000000e+00
-5.863565379195201377e-01 8.100530911236832887e-01 0.000000000000000000e+00 5.097730000000000317e+00 -8.100530911236832887e-01 -5.863565379195201377e-01 0.000000000000000000e+00 -5.891219999999999679e+00 0.000000000000000000e+00 0.000000000000000000e+00 1.000000000000000000e+00 0.000000000000000000e+00
-5.608181722630209975e-01 8.279389939238063212e-01 0.000000000000000000e+00 4.971619999999999706e+00 -8.279389939238063212e-01 -5.608181722630209975e-01 0.000000000000000000e+00 -6.067709999999999937e+00 0.000000000000000000e+00 0.000000000000000000e+00 1.000000000000000000e+00 0.000000000000000000e+00
-5.733211894149833343e-01 8.193307108657582605e-01 0.000000000000000000e+00 4.840860000000000163e+00 -8.193307108657582605e-01 -5.733211894149833343e-01 0.000000000000000000e+00 -6.249760000000000204e+00 0.000000000000000000e+00 0.000000000000000000e+00 1.000000000000000000e+00 0.000000000000000000e+00
-6.097726208882555676e-01 7.925764006170431530e-01 0.000000000000000000e+00 4.704200000000000159e+00 -7.925764006170431530e-01 -6.097726208882555676e-01 0.000000000000000000e+00 -6.425900000000000389e+00 0.000000000000000000e+00 0.000000000000000000e+00 1.000000000000000000e+00 0.000000000000000000e+00
-6.184460363628742074e-01 7.858272711652672937e-01 0.000000000000000000e+00 4.573669999999999902e+00 -7.858272711652672937e-01 -6.184460363628742074e-01 0.000000000000000000e+00 -6.588099999999999845e+00 0.000000000000000000e+00 0.000000000000000000e+00 1.000000000000000000e+00 0.000000000000000000e+00
-6.029180426685825100e-01 7.978031297410942413e-01 0.000000000000000000e+00 4.448769999999999669e+00 -7.978031297410942413e-01 -6.029180426685825100e-01 0.000000000000000000e+00 -6.748160000000000380e+00 0.000000000000000000e+00 0.000000000000000000e+00 1.000000000000000000e+00 0.000000000000000000e+00
-5.860729834290777651e-01 8.102582662920138068e-01 0.000000000000000000e+00 4.321600000000000108e+00 -8.102582662920138068e-01 -5.860729834290777651e-01 0.000000000000000000e+00 -6.917340000000000266e+00 0.000000000000000000e+00 0.000000000000000000e+00 1.000000000000000000e+00 0.000000000000000000e+00
-5.932851255698942117e-01 8.049923973414375711e-01 0.000000000000000000e+00 4.190820000000000434e+00 -8.049923973414375711e-01 -5.932851255698942117e-01 0.000000000000000000e+00 -7.095060000000000144e+00 0.000000000000000000e+00 0.000000000000000000e+00 1.000000000000000000e+00 0.000000000000000000e+00
-6.395045784316503168e-01 7.687872879834558582e-01 0.000000000000000000e+00 4.055030000000000356e+00 -7.687872879834558582e-01 -6.395045784316503168e-01 0.000000000000000000e+00 -7.255169999999999675e+00 0.000000000000000000e+00 0.000000000000000000e+00 1.000000000000000000e+00 0.000000000000000000e+00
-6.250953410540152078e-01 7.805484063096691516e-01 0.000000000000000000e+00 3.918270000000000142e+00 -7.805484063096691516e-01 -6.250953410540152078e-01 0.000000000000000000e+00 -7.417329999999999757e+00 0.000000000000000000e+00 0.000000000000000000e+00 1.000000000000000000e+00 0.000000000000000000e+00
-6.106836803359624311e-01 7.918746381664991674e-01 0.000000000000000000e+00 3.782410000000000050e+00 -7.918746381664991674e-01 -6.106836803359624311e-01 0.000000000000000000e+00 -7.586630000000000429e+00 0.000000000000000000e+00 0.000000000000000000e+00 1.000000000000000000e+00 0.000000000000000000e+00
-5.967892422549077036e-01 8.023980311097560492e-01 0.000000000000000000e+00 3.650059999999999860e+00 -8.023980311097560492e-01 -5.967892422549077036e-01 0.000000000000000000e+00 -7.758700000000000152e+00 0.000000000000000000e+00 0.000000000000000000e+00 1.000000000000000000e+00 0.000000000000000000e+00
-5.695133368811780006e-01 8.219820917236979607e-01 0.000000000000000000e+00 3.523470000000000102e+00 -8.219820917236979607e-01 -5.695133368811780006e-01 0.000000000000000000e+00 -7.932470000000000354e+00 0.000000000000000000e+00 0.000000000000000000e+00 1.000000000000000000e+00 0.000000000000000000e+00
-5.804601514848746202e-01 8.142886543101017782e-01 0.000000000000000000e+00 3.398960000000000203e+00 -8.142886543101017782e-01 -5.804601514848746202e-01 0.000000000000000000e+00 -8.104739999999999611e+00 0.000000000000000000e+00 0.000000000000000000e+00 1.000000000000000000e+00 0.000000000000000000e+00
-5.917062018996036565e-01 8.061536892141258903e-01 0.000000000000000000e+00 3.269649999999999945e+00 -8.061536892141258903e-01 -5.917062018996036565e-01 0.000000000000000000e+00 -8.279189999999999827e+00 0.000000000000000000e+00 0.000000000000000000e+00 1.000000000000000000e+00 0.000000000000000000e+00
-5.901330782208308312e-01 8.073059828773763158e-01 0.000000000000000000e+00 3.136899999999999800e+00 -8.073059828773763158e-01 -5.901330782208308312e-01 0.000000000000000000e+00 -8.460860000000000269e+00 0.000000000000000000e+00 0.000000000000000000e+00 1.000000000000000000e+00 0.000000000000000000e+00
-5.783818304466755711e-01 8.157661786376982915e-01 0.000000000000000000e+00 3.010800000000000143e+00 -8.157661786376982915e-01 -5.783818304466755711e-01 0.000000000000000000e+00 -8.637439999999999785e+00 0.000000000000000000e+00 0.000000000000000000e+00 1.000000000000000000e+00 0.000000000000000000e+00
-5.769451869159544222e-01 8.167828666754184397e-01 0.000000000000000000e+00 2.884910000000000085e+00 -8.167828666754184397e-01 -5.769451869159544222e-01 0.000000000000000000e+00 -8.811849999999999739e+00 0.000000000000000000e+00 0.000000000000000000e+00 1.000000000000000000e+00 0.000000000000000000e+00
-5.763978129408825479e-01 8.171692365948238779e-01 0.000000000000000000e+00 2.756580000000000030e+00 -8.171692365948238779e-01 -5.763978129408825479e-01 0.000000000000000000e+00 -8.990410000000000679e+00 0.000000000000000000e+00 0.000000000000000000e+00 1.000000000000000000e+00 0.000000000000000000e+00
-5.759237578601216212e-01 8.175034098597241394e-01 0.000000000000000000e+00 2.628289999999999793e+00 -8.175034098597241394e-01 -5.759237578601216212e-01 0.000000000000000000e+00 -9.169119999999999493e+00 0.000000000000000000e+00 0.000000000000000000e+00 1.000000000000000000e+00 0.000000000000000000e+00
-6.005219237403144339e-01 7.996082910445788672e-01 0.000000000000000000e+00 2.496440000000000214e+00 -7.996082910445788672e-01 -6.005219237403144339e-01 0.000000000000000000e+00 -9.345470000000000610e+00 0.000000000000000000e+00 0.000000000000000000e+00 1.000000000000000000e+00 0.000000000000000000e+00
-6.390124236303964533e-01 7.691964134380806506e-01 0.000000000000000000e+00 2.357019999999999893e+00 -7.691964134380806506e-01 -6.390124236303964533e-01 0.000000000000000000e+00 -9.514219999999999899e+00 0.000000000000000000e+00 0.000000000000000000e+00 1.000000000000000000e+00 0.000000000000000000e+00
-6.455427048422470726e-01 7.637241754880851330e-01 0.000000000000000000e+00 2.212460000000000093e+00 -7.637241754880851330e-01 -6.455427048422470726e-01 0.000000000000000000e+00 -9.680160000000000764e+00 0.000000000000000000e+00 0.000000000000000000e+00 1.000000000000000000e+00 0.000000000000000000e+00
-6.239160007685780052e-01 7.814914100519235740e-01 0.000000000000000000e+00 2.078990000000000116e+00 -7.814914100519235740e-01 -6.239160007685780052e-01 0.000000000000000000e+00 -9.843090000000000117e+00 0.000000000000000000e+00 0.000000000000000000e+00 1.000000000000000000e+00 0.000000000000000000e+00
-6.080989285400154598e-01 7.938612555783820524e-01 0.000000000000000000e+00 1.943559999999999954e+00 -7.938612555783820524e-01 -6.080989285400154598e-01 0.000000000000000000e+00 -1.001409999999999911e+01 0.000000000000000000e+00 0.000000000000000000e+00 1.000000000000000000e+00 0.000000000000000000e+00
-6.108341254934683828e-01 7.917585939745963586e-01 0.000000000000000000e+00 1.819220000000000059e+00 -7.917585939745963586e-01 -6.108341254934683828e-01 0.000000000000000000e+00 -1.017430000000000057e+01 0.000000000000000000e+00 0.000000000000000000e+00 1.000000000000000000e+00 0.000000000000000000e+00
-6.102639010268616770e-01 7.921981892831343464e-01 0.000000000000000000e+00 1.695899999999999963e+00 -7.921981892831343464e-01 -6.102639010268616770e-01 0.000000000000000000e+00 -1.033339999999999925e+01 0.000000000000000000e+00 0.000000000000000000e+00 1.000000000000000000e+00 0.000000000000000000e+00
-6.058498690854340341e-01 7.955789942734552422e-01 0.000000000000000000e+00 1.861590000000000078e+00 -7.955789942734552422e-01 -6.058498690854340341e-01 0.000000000000000000e+00 -1.012359999999999971e+01 0.000000000000000000e+00 0.000000000000000000e+00 1.000000000000000000e+00 0.000000000000000000e+00
-6.125745147771175514e-01 7.904128439275129869e-01 0.000000000000000000e+00 1.731670000000000043e+00 -7.904128439275129869e-01 -6.125745147771175514e-01 0.000000000000000000e+00 -1.028650000000000020e+01 0.000000000000000000e+00 0.000000000000000000e+00 1.000000000000000000e+00 0.000000000000000000e+00
-6.071299655012986074e-01 7.946025452956918533e-01 0.000000000000000000e+00 1.599429999999999907e+00 -7.946025452956918533e-01 -6.071299655012986074e-01 0.000000000000000000e+00 -1.045509999999999984e+01 0.000000000000000000e+00 0.000000000000000000e+00 1.000000000000000000e+00 0.000000000000000000e+00
-6.310404296711722427e-01 7.757499443251171245e-01 0.000000000000000000e+00 1.465919999999999890e+00 -7.757499443251171245e-01 -6.310404296711722427e-01 0.000000000000000000e+00 -1.061759999999999948e+01 0.000000000000000000e+00 0.000000000000000000e+00 1.000000000000000000e+00 0.000000000000000000e+00
-6.447710142971198044e-01 7.643757839716427416e-01 0.000000000000000000e+00 1.334589999999999943e+00 -7.643757839716427416e-01 -6.447710142971198044e-01 0.000000000000000000e+00 -1.076580000000000048e+01 0.000000000000000000e+00 0.000000000000000000e+00 1.000000000000000000e+00 0.000000000000000000e+00
-6.275431774298309007e-01 7.785817622197888088e-01 0.000000000000000000e+00 1.202010000000000023e+00 -7.785817622197888088e-01 -6.275431774298309007e-01 0.000000000000000000e+00 -1.092450000000000010e+01 0.000000000000000000e+00 0.000000000000000000e+00 1.000000000000000000e+00 0.000000000000000000e+00
-6.105252931957113605e-01 7.919967590642594812e-01 0.000000000000000000e+00 1.072480000000000100e+00 -7.919967590642594812e-01 -6.105252931957113605e-01 0.000000000000000000e+00 -1.109019999999999939e+01 0.000000000000000000e+00 0.000000000000000000e+00 1.000000000000000000e+00 0.000000000000000000e+00
-5.934219657038132256e-01 8.048915272384362662e-01 0.000000000000000000e+00 9.461310000000000553e-01 -8.048915272384362662e-01 -5.934219657038132256e-01 0.000000000000000000e+00 -1.125839999999999996e+01 0.000000000000000000e+00 0.000000000000000000e+00 1.000000000000000000e+00 0.000000000000000000e+00
-6.012253464235414180e-01 7.990795222115835150e-01 0.000000000000000000e+00 8.184679999999999733e-01 -7.990795222115835150e-01 -6.012253464235414180e-01 0.000000000000000000e+00 -1.142539999999999978e+01 0.000000000000000000e+00 0.000000000000000000e+00 1.000000000000000000e+00 0.000000000000000000e+00
-6.090511239869014215e-01 7.931309654592311187e-01 0.000000000000000000e+00 6.874670000000000503e-01 -7.931309654592311187e-01 -6.090511239869014215e-01 0.000000000000000000e+00 -1.159009999999999962e+01 0.000000000000000000e+00 0.000000000000000000e+00 1.000000000000000000e+00 0.000000000000000000e+00
-5.923509354362085366e-01 8.056800663339317436e-01 0.000000000000000000e+00 5.613960000000000061e-01 -8.056800663339317436e-01 -5.923509354362085366e-01 0.000000000000000000e+00 -1.175179999999999936e+01 0.000000000000000000e+00 0.000000000000000000e+00 1.000000000000000000e+00 0.000000000000000000e+00
-5.756375963971825938e-01 8.177049330987763431e-01 0.000000000000000000e+00 4.362710000000000199e-01 -8.177049330987763431e-01 -5.756375963971825938e-01 0.000000000000000000e+00 -1.192370000000000019e+01 0.000000000000000000e+00 0.000000000000000000e+00 1.000000000000000000e+00 0.000000000000000000e+00
-5.966608509315755038e-01 8.024935071174147394e-01 0.000000000000000000e+00 3.132220000000000004e-01 -8.024935071174147394e-01 -5.966608509315755038e-01 0.000000000000000000e+00 -1.208869999999999933e+01 0.000000000000000000e+00 0.000000000000000000e+00 1.000000000000000000e+00 0.000000000000000000e+00
-6.173610061886453115e-01 7.866799781599524977e-01 0.000000000000000000e+00 1.798559999999999881e-01 -7.866799781599524977e-01 -6.173610061886453115e-01 0.000000000000000000e+00 -1.225440000000000040e+01 0.000000000000000000e+00 0.000000000000000000e+00 1.000000000000000000e+00 0.000000000000000000e+00
-6.013531914508654097e-01 7.989833159283482589e-01 0.000000000000000000e+00 4.978780000000000011e-02 -7.989833159283482589e-01 -6.013531914508654097e-01 0.000000000000000000e+00 -1.241939999999999955e+01 0.000000000000000000e+00 0.000000000000000000e+00 1.000000000000000000e+00 0.000000000000000000e+00
-5.978158225645892054e-01 8.016334837638854349e-01 0.000000000000000000e+00 -7.631340000000000345e-02 -8.016334837638854349e-01 -5.978158225645892054e-01 0.000000000000000000e+00 -1.258479999999999954e+01 0.000000000000000000e+00 0.000000000000000000e+00 1.000000000000000000e+00 0.000000000000000000e+00
-5.819411946597157215e-01 8.132308687931262270e-01 0.000000000000000000e+00 -2.011650000000000105e-01 -8.132308687931262270e-01 -5.819411946597157215e-01 0.000000000000000000e+00 -1.275650000000000084e+01 0.000000000000000000e+00 0.000000000000000000e+00 1.000000000000000000e+00 0.000000000000000000e+00
-5.913595011206863594e-01 8.064080483441946612e-01 0.000000000000000000e+00 -3.246539999999999981e-01 -8.064080483441946612e-01 -5.913595011206863594e-01 0.000000000000000000e+00 -1.292430000000000057e+01 0.000000000000000000e+00 0.000000000000000000e+00 1.000000000000000000e+00 0.000000000000000000e+00
-5.884121790906731153e-01 8.085611340509545331e-01 0.000000000000000000e+00 -4.528699999999999948e-01 -8.085611340509545331e-01 -5.884121790906731153e-01 0.000000000000000000e+00 -1.309459999999999980e+01 0.000000000000000000e+00 0.000000000000000000e+00 1.000000000000000000e+00 0.000000000000000000e+00
-5.943230718316330208e-01 8.042263899478875322e-01 0.000000000000000000e+00 -5.755069999999999908e-01 -8.042263899478875322e-01 -5.943230718316330208e-01 0.000000000000000000e+00 -1.325859999999999950e+01 0.000000000000000000e+00 0.000000000000000000e+00 1.000000000000000000e+00 0.000000000000000000e+00
-5.955769413189215822e-01 8.032982677494069357e-01 0.000000000000000000e+00 -7.010619999999999630e-01 -8.032982677494069357e-01 -5.955769413189215822e-01 0.000000000000000000e+00 -1.342510000000000048e+01 0.000000000000000000e+00 0.000000000000000000e+00 1.000000000000000000e+00 0.000000000000000000e+00
-5.807858205011012798e-01 8.140564051126080169e-01 0.000000000000000000e+00 -8.258419999999999650e-01 -8.140564051126080169e-01 -5.807858205011012798e-01 0.000000000000000000e+00 -1.359939999999999927e+01 0.000000000000000000e+00 0.000000000000000000e+00 1.000000000000000000e+00 0.000000000000000000e+00
-5.628779996640937977e-01 8.265399914669273596e-01 0.000000000000000000e+00 -9.450910000000000144e-01 -8.265399914669273596e-01 -5.628779996640937977e-01 0.000000000000000000e+00 -1.377369999999999983e+01 0.000000000000000000e+00 0.000000000000000000e+00 1.000000000000000000e+00 0.000000000000000000e+00
-5.771330317134335530e-01 8.166501476796909076e-01 0.000000000000000000e+00 -1.064030000000000031e+00 -8.166501476796909076e-01 -5.771330317134335530e-01 0.000000000000000000e+00 -1.394190000000000040e+01 0.000000000000000000e+00 0.000000000000000000e+00 1.000000000000000000e+00 0.000000000000000000e+00
-6.344707986416079359e-01 7.729468323701703669e-01 0.000000000000000000e+00 -1.196399999999999908e+00 -7.729468323701703669e-01 -6.344707986416079359e-01 0.000000000000000000e+00 -1.410529999999999973e+01 0.000000000000000000e+00 0.000000000000000000e+00 1.000000000000000000e+00 0.000000000000000000e+00
-6.257819815260136087e-01 7.799980202522156514e-01 0.000000000000000000e+00 -1.330780000000000074e+00 -7.799980202522156514e-01 -6.257819815260136087e-01 0.000000000000000000e+00 -1.426740000000000030e+01 0.000000000000000000e+00 0.000000000000000000e+00 1.000000000000000000e+00 0.000000000000000000e+00
-5.977597067561227773e-01 8.016753289074287636e-01 0.000000000000000000e+00 -1.459060000000000024e+00 -8.016753289074287636e-01 -5.977597067561227773e-01 0.000000000000000000e+00 -1.443169999999999931e+01 0.000000000000000000e+00 0.000000000000000000e+00 1.000000000000000000e+00 0.000000000000000000e+00
-5.947572674087969746e-01 8.039053382484910859e-01 0.000000000000000000e+00 -1.587949999999999973e+00 -8.039053382484910859e-01 -5.947572674087969746e-01 0.000000000000000000e+00 -1.460069999999999979e+01 0.000000000000000000e+00 0.000000000000000000e+00 1.000000000000000000e+00 0.000000000000000000e+00
-5.957134934176946395e-01 8.031970080622102826e-01 0.000000000000000000e+00 -1.711719999999999908e+00 -8.031970080622102826e-01 -5.957134934176946395e-01 0.000000000000000000e+00 -1.476370000000000005e+01 0.000000000000000000e+00 0.000000000000000000e+00 1.000000000000000000e+00 0.000000000000000000e+00
-5.950787819549405722e-01 8.036673710354453881e-01 0.000000000000000000e+00 -1.842340000000000089e+00 -8.036673710354453881e-01 -5.950787819549405722e-01 0.000000000000000000e+00 -1.493689999999999962e+01 0.000000000000000000e+00 0.000000000000000000e+00 1.000000000000000000e+00 0.000000000000000000e+00
-5.945562724901639617e-01 8.040540024417526244e-01 0.000000000000000000e+00 -1.971570000000000045e+00 -8.040540024417526244e-01 -5.945562724901639617e-01 0.000000000000000000e+00 -1.510609999999999964e+01 0.000000000000000000e+00 0.000000000000000000e+00 1.000000000000000000e+00 0.000000000000000000e+00
-5.942346033332627231e-01 8.042917606200873371e-01 0.000000000000000000e+00 -2.100400000000000045e+00 -8.042917606200873371e-01 -5.942346033332627231e-01 0.000000000000000000e+00 -1.527539999999999942e+01 0.000000000000000000e+00 0.000000000000000000e+00 1.000000000000000000e+00 0.000000000000000000e+00
-6.180058761416862279e-01 7.861734777098161597e-01 0.000000000000000000e+00 -2.229659999999999975e+00 -7.861734777098161597e-01 -6.180058761416862279e-01 0.000000000000000000e+00 -1.543900000000000006e+01 0.000000000000000000e+00 0.000000000000000000e+00 1.000000000000000000e+00 0.000000000000000000e+00
-6.064781873700928472e-01 7.951001246662501298e-01 0.000000000000000000e+00 -2.358659999999999979e+00 -7.951001246662501298e-01 -6.064781873700928472e-01 0.000000000000000000e+00 -1.560490000000000066e+01 0.000000000000000000e+00 0.000000000000000000e+00 1.000000000000000000e+00 0.000000000000000000e+00
-6.010175654286905589e-01 7.992358137910047233e-01 0.000000000000000000e+00 -2.483740000000000059e+00 -7.992358137910047233e-01 -6.010175654286905589e-01 0.000000000000000000e+00 -1.576559999999999917e+01 0.000000000000000000e+00 0.000000000000000000e+00 1.000000000000000000e+00 0.000000000000000000e+00
-5.956974293583916502e-01 8.032089221714384664e-01 0.000000000000000000e+00 -2.611200000000000188e+00 -8.032089221714384664e-01 -5.956974293583916502e-01 0.000000000000000000e+00 -1.593079999999999963e+01 0.000000000000000000e+00 0.000000000000000000e+00 1.000000000000000000e+00 0.000000000000000000e+00
-5.903833147156201111e-01 8.071230028350059316e-01 0.000000000000000000e+00 -2.735129999999999839e+00 -8.071230028350059316e-01 -5.903833147156201111e-01 0.000000000000000000e+00 -1.609250000000000114e+01 0.000000000000000000e+00 0.000000000000000000e+00 1.000000000000000000e+00 0.000000000000000000e+00
-5.852056717521314511e-01 8.108849004323218645e-01 0.000000000000000000e+00 -2.852030000000000065e+00 -8.108849004323218645e-01 -5.852056717521314511e-01 0.000000000000000000e+00 -1.624719999999999942e+01 0.000000000000000000e+00 0.000000000000000000e+00 1.000000000000000000e+00 0.000000000000000000e+00
-5.802728497428634169e-01 8.144221386058315693e-01 0.000000000000000000e+00 -2.979690000000000172e+00 -8.144221386058315693e-01 -5.802728497428634169e-01 0.000000000000000000e+00 -1.641809999999999903e+01 0.000000000000000000e+00 0.000000000000000000e+00 1.000000000000000000e+00 0.000000000000000000e+00
-5.746804878486234669e-01 8.183778692548254741e-01 0.000000000000000000e+00 -3.107619999999999827e+00 -8.183778692548254741e-01 -5.746804878486234669e-01 0.000000000000000000e+00 -1.659130000000000038e+01 0.000000000000000000e+00 0.000000000000000000e+00 1.000000000000000000e+00 0.000000000000000000e+00
-5.818517357435848414e-01 8.132948774043627926e-01 0.000000000000000000e+00 -3.231489999999999974e+00 -8.132948774043627926e-01 -5.818517357435848414e-01 0.000000000000000000e+00 -1.675890000000000057e+01 0.000000000000000000e+00 0.000000000000000000e+00 1.000000000000000000e+00 0.000000000000000000e+00
-5.765530646909209356e-01 8.170597062611194561e-01 0.000000000000000000e+00 -3.360500000000000043e+00 -8.170597062611194561e-01 -5.765530646909209356e-01 0.000000000000000000e+00 -1.693220000000000169e+01 0.000000000000000000e+00 0.000000000000000000e+00 1.000000000000000000e+00 0.000000000000000000e+00
-5.709755620090271044e-01 8.209670563356824546e-01 0.000000000000000000e+00 -3.490040000000000031e+00 -8.209670563356824546e-01 -5.709755620090271044e-01 0.000000000000000000e+00 -1.711210000000000164e+01 0.000000000000000000e+00 0.000000000000000000e+00 1.000000000000000000e+00 0.000000000000000000e+00
-5.763814694408725403e-01 8.171807643876479732e-01 0.000000000000000000e+00 -3.621350000000000069e+00 -8.171807643876479732e-01 -5.763814694408725403e-01 0.000000000000000000e+00 -1.729439999999999955e+01 0.000000000000000000e+00 0.000000000000000000e+00 1.000000000000000000e+00 0.000000000000000000e+00
-5.617368388655574751e-01 8.273159758286616761e-01 0.000000000000000000e+00 -3.744510000000000005e+00 -8.273159758286616761e-01 -5.617368388655574751e-01 0.000000000000000000e+00 -1.746989999999999910e+01 0.000000000000000000e+00 0.000000000000000000e+00 1.000000000000000000e+00 0.000000000000000000e+00
-5.142763686948366164e-01 8.576245195900432661e-01 0.000000000000000000e+00 -3.864749999999999908e+00 -8.576245195900432661e-01 -5.142763686948366164e-01 0.000000000000000000e+00 -1.765380000000000038e+01 0.000000000000000000e+00 0.000000000000000000e+00 1.000000000000000000e+00 0.000000000000000000e+00
-2.811417830588483491e-01 9.596662429295361729e-01 0.000000000000000000e+00 -3.933930000000000149e+00 -9.596662429295361729e-01 -2.811417830588483491e-01 0.000000000000000000e+00 -1.783749999999999858e+01 0.000000000000000000e+00 0.000000000000000000e+00 1.000000000000000000e+00 0.000000000000000000e+00
3.928937846781977439e-01 9.195838591239202664e-01 0.000000000000000000e+00 -3.894680000000000142e+00 -9.195838591239202664e-01 3.928937846781977439e-01 0.000000000000000000e+00 -1.792500000000000071e+01 0.000000000000000000e+00 0.000000000000000000e+00 1.000000000000000000e+00 0.000000000000000000e+00
6.677725396160587579e-01 7.443653910108389837e-01 0.000000000000000000e+00 -3.743230000000000057e+00 -7.443653910108389837e-01 6.677725396160587579e-01 0.000000000000000000e+00 -1.809159999999999968e+01 0.000000000000000000e+00 0.000000000000000000e+00 1.000000000000000000e+00 0.000000000000000000e+00
8.317615176717992886e-01 5.551331171172416701e-01 0.000000000000000000e+00 -3.577809999999999935e+00 -5.551331171172416701e-01 8.317615176717992886e-01 0.000000000000000000e+00 -1.821509999999999962e+01 0.000000000000000000e+00 0.000000000000000000e+00 1.000000000000000000e+00 0.000000000000000000e+00
8.984305937088284955e-01 4.391155523185235054e-01 0.000000000000000000e+00 -3.377780000000000005e+00 -4.391155523185235054e-01 8.984305937088284955e-01 0.000000000000000000e+00 -1.831749999999999901e+01 0.000000000000000000e+00 0.000000000000000000e+00 1.000000000000000000e+00 0.000000000000000000e+00
8.903199365757781258e-01 4.553354922864046306e-01 0.000000000000000000e+00 -3.167489999999999917e+00 -4.553354922864046306e-01 8.903199365757781258e-01 0.000000000000000000e+00 -1.842269999999999897e+01 0.000000000000000000e+00 0.000000000000000000e+00 1.000000000000000000e+00 0.000000000000000000e+00
8.365344338734336249e-01 5.479143554827287099e-01 0.000000000000000000e+00 -2.980789999999999829e+00 -5.479143554827287099e-01 8.365344338734336249e-01 0.000000000000000000e+00 -1.853440000000000154e+01 0.000000000000000000e+00 0.000000000000000000e+00 1.000000000000000000e+00 0.000000000000000000e+00
7.728755594227988412e-01 6.345576172790740044e-01 0.000000000000000000e+00 -2.812489999999999934e+00 -6.345576172790740044e-01 7.728755594227988412e-01 0.000000000000000000e+00 -1.866910000000000025e+01 0.000000000000000000e+00 0.000000000000000000e+00 1.000000000000000000e+00 0.000000000000000000e+00
8.172566512988004295e-01 5.762738636341846465e-01 0.000000000000000000e+00 -2.639720000000000066e+00 -5.762738636341846465e-01 8.172566512988004295e-01 0.000000000000000000e+00 -1.879899999999999949e+01 0.000000000000000000e+00 0.000000000000000000e+00 1.000000000000000000e+00 0.000000000000000000e+00
9.297776338546647201e-01 3.681216532392803664e-01 0.000000000000000000e+00 -2.428570000000000118e+00 -3.681216532392803664e-01 9.297776338546647201e-01 0.000000000000000000e+00 -1.889659999999999940e+01 0.000000000000000000e+00 0.000000000000000000e+00 1.000000000000000000e+00 0.000000000000000000e+00
9.966181263336545415e-01 8.217244223701679340e-02 0.000000000000000000e+00 -2.218799999999999883e+00 -8.217244223701679340e-02 9.966181263336545415e-01 0.000000000000000000e+00 -1.893149999999999977e+01 0.000000000000000000e+00 0.000000000000000000e+00 1.000000000000000000e+00 0.000000000000000000e+00
9.071079944156502650e-01 -4.208979525576438951e-01 0.000000000000000000e+00 -2.009659999999999780e+00 4.208979525576438951e-01 9.071079944156502650e-01 0.000000000000000000e+00 -1.886959999999999837e+01 0.000000000000000000e+00 0.000000000000000000e+00 1.000000000000000000e+00 0.000000000000000000e+00
6.617078441164429004e-01 -7.497617815244848050e-01 0.000000000000000000e+00 -1.830419999999999936e+00 7.497617815244848050e-01 6.617078441164429004e-01 0.000000000000000000e+00 -1.868939999999999912e+01 0.000000000000000000e+00 0.000000000000000000e+00 1.000000000000000000e+00 0.000000000000000000e+00
5.989436521605191466e-01 -8.007911722394416287e-01 0.000000000000000000e+00 -1.687650000000000095e+00 8.007911722394416287e-01 5.989436521605191466e-01 0.000000000000000000e+00 -1.850789999999999935e+01 0.000000000000000000e+00 0.000000000000000000e+00 1.000000000000000000e+00 0.000000000000000000e+00
5.983404866615942286e-01 -8.012419497390077527e-01 0.000000000000000000e+00 -1.555520000000000014e+00 8.012419497390077527e-01 5.983404866615942286e-01 0.000000000000000000e+00 -1.833500000000000085e+01 0.000000000000000000e+00 0.000000000000000000e+00 1.000000000000000000e+00 0.000000000000000000e+00
6.219733650286208837e-01 -7.830383982889816963e-01 0.000000000000000000e+00 -1.419640000000000013e+00 7.830383982889816963e-01 6.219733650286208837e-01 0.000000000000000000e+00 -1.816799999999999926e+01 0.000000000000000000e+00 0.000000000000000000e+00 1.000000000000000000e+00 0.000000000000000000e+00
5.585140503669089318e-01 -8.294950605897239981e-01 0.000000000000000000e+00 -1.289439999999999920e+00 8.294950605897239981e-01 5.585140503669089318e-01 0.000000000000000000e+00 -1.799060000000000059e+01 0.000000000000000000e+00 0.000000000000000000e+00 1.000000000000000000e+00 0.000000000000000000e+00
4.985682553624671831e-01 -8.668504454315205665e-01 0.000000000000000000e+00 -1.171550000000000091e+00 8.668504454315205665e-01 4.985682553624671831e-01 0.000000000000000000e+00 -1.779530000000000101e+01 0.000000000000000000e+00 0.000000000000000000e+00 1.000000000000000000e+00 0.000000000000000000e+00
5.299370444260154134e-01 -8.480369855996962025e-01 0.000000000000000000e+00 -1.050450000000000106e+00 8.480369855996962025e-01 5.299370444260154134e-01 0.000000000000000000e+00 -1.760389999999999944e+01 0.000000000000000000e+00 0.000000000000000000e+00 1.000000000000000000e+00 0.000000000000000000e+00
5.543762563681385869e-01 -8.322661631805343685e-01 0.000000000000000000e+00 -9.262629999999999475e-01 8.322661631805343685e-01 5.543762563681385869e-01 0.000000000000000000e+00 -1.742539999999999978e+01 0.000000000000000000e+00 0.000000000000000000e+00 1.000000000000000000e+00 0.000000000000000000e+00
5.524930871578318525e-01 -8.335174795064638209e-01 0.000000000000000000e+00 -8.014040000000000052e-01 8.335174795064638209e-01 5.524930871578318525e-01 0.000000000000000000e+00 -1.724409999999999954e+01 0.000000000000000000e+00 0.000000000000000000e+00 1.000000000000000000e+00 0.000000000000000000e+00
5.374972169910731123e-01 -8.432655226717450381e-01 0.000000000000000000e+00 -6.419709999999999583e-01 8.432655226717450381e-01 5.374972169910731123e-01 0.000000000000000000e+00 -1.699990000000000023e+01 0.000000000000000000e+00 0.000000000000000000e+00 1.000000000000000000e+00 0.000000000000000000e+00
5.221810158849503614e-01 -8.528346772085204641e-01 0.000000000000000000e+00 -5.183630000000000182e-01 8.528346772085204641e-01 5.221810158849503614e-01 0.000000000000000000e+00 -1.680920000000000059e+01 0.000000000000000000e+00 0.000000000000000000e+00 1.000000000000000000e+00 0.000000000000000000e+00
5.395110845533646060e-01 -8.419784971387643813e-01 0.000000000000000000e+00 -3.957470000000000154e-01 8.419784971387643813e-01 5.395110845533646060e-01 0.000000000000000000e+00 -1.662259999999999849e+01 0.000000000000000000e+00 0.000000000000000000e+00 1.000000000000000000e+00 0.000000000000000000e+00
5.883003119296764671e-01 -8.086425310255733745e-01 0.000000000000000000e+00 -2.647539999999999893e-01 8.086425310255733745e-01 5.883003119296764671e-01 0.000000000000000000e+00 -1.644569999999999865e+01 0.000000000000000000e+00 0.000000000000000000e+00 1.000000000000000000e+00 0.000000000000000000e+00
5.981834317475268614e-01 -8.013592090833872028e-01 0.000000000000000000e+00 -1.308469999999999911e-01 8.013592090833872028e-01 5.981834317475268614e-01 0.000000000000000000e+00 -1.627390000000000114e+01 0.000000000000000000e+00 0.000000000000000000e+00 1.000000000000000000e+00 0.000000000000000000e+00
5.761319193619788281e-01 -8.173567223020082873e-01 0.000000000000000000e+00 2.189700000000000153e-03 8.173567223020082873e-01 5.761319193619788281e-01 0.000000000000000000e+00 -1.609400000000000119e+01 0.000000000000000000e+00 0.000000000000000000e+00 1.000000000000000000e+00 0.000000000000000000e+00
5.799459376150488676e-01 -8.146549634316370136e-01 0.000000000000000000e+00 1.368560000000000054e-01 8.146549634316370136e-01 5.799459376150488676e-01 0.000000000000000000e+00 -1.590949999999999953e+01 0.000000000000000000e+00 0.000000000000000000e+00 1.000000000000000000e+00 0.000000000000000000e+00
6.669771766909321498e-01 -7.450781474270957716e-01 0.000000000000000000e+00 2.843780000000000197e-01 7.450781474270957716e-01 6.669771766909321498e-01 0.000000000000000000e+00 -1.574140000000000050e+01 0.000000000000000000e+00 0.000000000000000000e+00 1.000000000000000000e+00 0.000000000000000000e+00
6.150444406421363697e-01 -7.884924451351462693e-01 0.000000000000000000e+00 4.283609999999999918e-01 7.884924451351462693e-01 6.150444406421363697e-01 0.000000000000000000e+00 -1.557830000000000048e+01 0.000000000000000000e+00 0.000000000000000000e+00 1.000000000000000000e+00 0.000000000000000000e+00
4.626715483281644281e-01 -8.865297729730339249e-01 0.000000000000000000e+00 5.342789999999999484e-01 8.865297729730339249e-01 4.626715483281644281e-01 0.000000000000000000e+00 -1.539690000000000047e+01 0.000000000000000000e+00 0.000000000000000000e+00 1.000000000000000000e+00 0.000000000000000000e+00
4.938104526139037165e-01 -8.695695698960788089e-01 0.000000000000000000e+00 6.535189999999999610e-01 8.695695698960788089e-01 4.938104526139037165e-01 0.000000000000000000e+00 -1.518399999999999928e+01 0.000000000000000000e+00 0.000000000000000000e+00 1.000000000000000000e+00 0.000000000000000000e+00
5.842043133274984479e-01 -8.116066290325295585e-01 0.000000000000000000e+00 7.753010000000000179e-01 8.116066290325295585e-01 5.842043133274984479e-01 0.000000000000000000e+00 -1.501099999999999923e+01 0.000000000000000000e+00 0.000000000000000000e+00 1.000000000000000000e+00 0.000000000000000000e+00
6.851869419526510629e-01 -7.283672525433679823e-01 0.000000000000000000e+00 9.121909999999999741e-01 7.283672525433679823e-01 6.851869419526510629e-01 0.000000000000000000e+00 -1.486630000000000074e+01 0.000000000000000000e+00 0.000000000000000000e+00 1.000000000000000000e+00 0.000000000000000000e+00
6.297802878613451005e-01 -7.767733189427152851e-01 0.000000000000000000e+00 1.049190000000000067e+00 7.767733189427152851e-01 6.297802878613451005e-01 0.000000000000000000e+00 -1.471570000000000000e+01 0.000000000000000000e+00 0.000000000000000000e+00 1.000000000000000000e+00 0.000000000000000000e+00
5.230932498929430352e-01 -8.522754554229747814e-01 0.000000000000000000e+00 1.170960000000000001e+00 8.522754554229747814e-01 5.230932498929430352e-01 0.000000000000000000e+00 -1.453139999999999965e+01 0.000000000000000000e+00 0.000000000000000000e+00 1.000000000000000000e+00 0.000000000000000000e+00
5.348805153856832639e-01 -8.449277094880637273e-01 0.000000000000000000e+00 1.291009999999999991e+00 8.449277094880637273e-01 5.348805153856832639e-01 0.000000000000000000e+00 -1.434350000000000058e+01 0.000000000000000000e+00 0.000000000000000000e+00 1.000000000000000000e+00 0.000000000000000000e+00
5.848453001967952591e-01 -8.111448544111713455e-01 0.000000000000000000e+00 1.414590000000000014e+00 8.111448544111713455e-01 5.848453001967952591e-01 0.000000000000000000e+00 -1.417689999999999984e+01 0.000000000000000000e+00 0.000000000000000000e+00 1.000000000000000000e+00 0.000000000000000000e+00
5.835499686952589915e-01 -8.120772340336614992e-01 0.000000000000000000e+00 1.542939999999999978e+00 8.120772340336614992e-01 5.835499686952589915e-01 0.000000000000000000e+00 -1.400580000000000069e+01 0.000000000000000000e+00 0.000000000000000000e+00 1.000000000000000000e+00 0.000000000000000000e+00
5.696609997232687794e-01 -8.218797633439370864e-01 0.000000000000000000e+00 1.666279999999999983e+00 8.218797633439370864e-01 5.696609997232687794e-01 0.000000000000000000e+00 -1.383409999999999940e+01 0.000000000000000000e+00 0.000000000000000000e+00 1.000000000000000000e+00 0.000000000000000000e+00
5.426529437395776201e-01 -8.399570123826402002e-01 0.000000000000000000e+00 1.786589999999999900e+00 8.399570123826402002e-01 5.426529437395776201e-01 0.000000000000000000e+00 -1.365789999999999971e+01 0.000000000000000000e+00 0.000000000000000000e+00 1.000000000000000000e+00 0.000000000000000000e+00
5.542564042932818236e-01 -8.323459847322398630e-01 0.000000000000000000e+00 1.910830000000000028e+00 8.323459847322398630e-01 5.542564042932818236e-01 0.000000000000000000e+00 -1.347610000000000063e+01 0.000000000000000000e+00 0.000000000000000000e+00 1.000000000000000000e+00 0.000000000000000000e+00
5.530547524043144536e-01 -8.331449098704273304e-01 0.000000000000000000e+00 2.036000000000000032e+00 8.331449098704273304e-01 5.530547524043144536e-01 0.000000000000000000e+00 -1.329540000000000077e+01 0.000000000000000000e+00 0.000000000000000000e+00 1.000000000000000000e+00 0.000000000000000000e+00
5.671656220437908402e-01 -8.236037622374486888e-01 0.000000000000000000e+00 2.155920000000000059e+00 8.236037622374486888e-01 5.671656220437908402e-01 0.000000000000000000e+00 -1.312710000000000043e+01 0.000000000000000000e+00 0.000000000000000000e+00 1.000000000000000000e+00 0.000000000000000000e+00
5.636990160805143146e-01 -8.259802777729381429e-01 0.000000000000000000e+00 2.282049999999999912e+00 8.259802777729381429e-01 5.636990160805143146e-01 0.000000000000000000e+00 -1.294890000000000008e+01 0.000000000000000000e+00 0.000000000000000000e+00 1.000000000000000000e+00 0.000000000000000000e+00
5.625941769527763592e-01 -8.267332048846400827e-01 0.000000000000000000e+00 2.405839999999999979e+00 8.267332048846400827e-01 5.625941769527763592e-01 0.000000000000000000e+00 -1.277510000000000012e+01 0.000000000000000000e+00 0.000000000000000000e+00 1.000000000000000000e+00 0.000000000000000000e+00
5.723709162134531514e-01 -8.199948379550765498e-01 0.000000000000000000e+00 2.532150000000000123e+00 8.199948379550765498e-01 5.723709162134531514e-01 0.000000000000000000e+00 -1.259900000000000020e+01 0.000000000000000000e+00 0.000000000000000000e+00 1.000000000000000000e+00 0.000000000000000000e+00
6.211994196492162112e-01 -7.836525256945688911e-01 0.000000000000000000e+00 2.666519999999999779e+00 7.836525256945688911e-01 6.211994196492162112e-01 0.000000000000000000e+00 -1.242740000000000045e+01 0.000000000000000000e+00 0.000000000000000000e+00 1.000000000000000000e+00 0.000000000000000000e+00
6.675276072666507243e-01 -7.445850478869825428e-01 0.000000000000000000e+00 2.810270000000000046e+00 7.445850478869825428e-01 6.675276072666507243e-01 0.000000000000000000e+00 -1.226950000000000074e+01 0.000000000000000000e+00 0.000000000000000000e+00 1.000000000000000000e+00 0.000000000000000000e+00
6.445398785559682819e-01 -7.645706932331749472e-01 0.000000000000000000e+00 2.956069999999999975e+00 7.645706932331749472e-01 6.445398785559682819e-01 0.000000000000000000e+00 -1.210629999999999917e+01 0.000000000000000000e+00 0.000000000000000000e+00 1.000000000000000000e+00 0.000000000000000000e+00
6.314372622978051686e-01 -7.754269686965064023e-01 0.000000000000000000e+00 3.097140000000000004e+00 7.754269686965064023e-01 6.314372622978051686e-01 0.000000000000000000e+00 -1.194260000000000055e+01 0.000000000000000000e+00 0.000000000000000000e+00 1.000000000000000000e+00 0.000000000000000000e+00
6.302322632466018648e-01 -7.764066552799929744e-01 0.000000000000000000e+00 3.232619999999999827e+00 7.764066552799929744e-01 6.302322632466018648e-01 0.000000000000000000e+00 -1.178350000000000009e+01 0.000000000000000000e+00 0.000000000000000000e+00 1.000000000000000000e+00 0.000000000000000000e+00
6.169893518687423750e-01 -7.869714986456556316e-01 0.000000000000000000e+00 3.368259999999999810e+00 7.869714986456556316e-01 6.169893518687423750e-01 0.000000000000000000e+00 -1.161580000000000013e+01 0.000000000000000000e+00 0.000000000000000000e+00 1.000000000000000000e+00 0.000000000000000000e+00
6.035366800987218561e-01 -7.973352342493169598e-01 0.000000000000000000e+00 3.500970000000000137e+00 7.973352342493169598e-01 6.035366800987218561e-01 0.000000000000000000e+00 -1.144510000000000005e+01 0.000000000000000000e+00 0.000000000000000000e+00 1.000000000000000000e+00 0.000000000000000000e+00
