-3.230335961435677056e-02 -9.994781102943803841e-01 0.000000000000000000e+00 -2.304410000000000025e+01 9.994781102943804951e-01 -3.230335961435656933e-02 0.000000000000000000e+00 -1.348209999999999908e+01 0.000000000000000000e+00 0.000000000000000000e+00 1.000000000000000000e+00 0.000000000000000000e+00
-6.508934423980641468e-03 -9.999788166619653085e-01 0.000000000000000000e+00 -2.304314602591882633e+01 9.999788166619653085e-01 -6.508934423980500955e-03 0.000000000000000000e+00 -1.325590066305699999e+01 0.000000000000000000e+00 0.000000000000000000e+00 1.000000000000000000e+00 0.000000000000000000e+00
-6.958924217262033030e-03 -9.999757863937199787e-01 0.000000000000000000e+00 -2.304068207055750506e+01 9.999757863937199787e-01 -6.958924217261895986e-03 0.000000000000000000e+00 -1.303871733168928770e+01 0.000000000000000000e+00 0.000000000000000000e+00 1.000000000000000000e+00 0.000000000000000000e+00
4.301006354727287921e-03 -9.999907506293927995e-01 0.000000000000000000e+00 -2.303591172853033697e+01 9.999907506293929105e-01 4.301006354727419760e-03 0.000000000000000000e+00 -1.281255017705152177e+01 0.000000000000000000e+00 0.000000000000000000e+00 1.000000000000000000e+00 0.000000000000000000e+00
7.730942603421372093e-03 -9.999701158166991455e-01 0.000000000000000000e+00 -2.303184486835708000e+01 9.999701158166991455e-01 7.730942603421520412e-03 0.000000000000000000e+00 -1.258732595044982716e+01 0.000000000000000000e+00 0.000000000000000000e+00 1.000000000000000000e+00 0.000000000000000000e+00
-2.344683152182987229e-02 -9.997250852567355350e-01 0.000000000000000000e+00 -2.303149816680987527e+01 9.997250852567355350e-01 -2.344683152182975433e-02 0.000000000000000000e+00 -1.237041045538772366e+01 0.000000000000000000e+00 0.000000000000000000e+00 1.000000000000000000e+00 0.000000000000000000e+00
-8.268886151660664527e-03 -9.999658121765018226e-01 0.000000000000000000e+00 -2.303058897766142366e+01 9.999658121765018226e-01 -8.268886151660478911e-03 0.000000000000000000e+00 -1.214626863984432248e+01 0.000000000000000000e+00 0.000000000000000000e+00 1.000000000000000000e+00 0.000000000000000000e+00
3.740229357947115474e-02 -9.993002894200497810e-01 0.000000000000000000e+00 -2.301919693851342430e+01 9.993002894200497810e-01 3.740229357947131433e-02 0.000000000000000000e+00 -1.192157333004892372e+01 0.000000000000000000e+00 0.000000000000000000e+00 1.000000000000000000e+00 0.000000000000000000e+00
5.284639093696707340e-02 -9.986026531934197870e-01 0.000000000000000000e+00 -2.300468188463118224e+01 9.986026531934197870e-01 5.284639093696718443e-02 0.000000000000000000e+00 -1.169890169981553285e+01 0.000000000000000000e+00 0.000000000000000000e+00 1.000000000000000000e+00 0.000000000000000000e+00
3.740229357947115474e-02 -9.993002894200497810e-01 0.000000000000000000e+00 -2.299253273629935279e+01 9.993002894200497810e-01 3.740229357947131433e-02 0.000000000000000000e+00 -1.148130323338065395e+01 0.000000000000000000e+00 0.000000000000000000e+00 1.000000000000000000e+00 0.000000000000000000e+00
1.633029370517614584e-02 -9.998666518628884781e-01 0.000000000000000000e+00 -2.298512661188104289e+01 9.998666518628884781e-01 1.633029370517632625e-02 0.000000000000000000e+00 -1.126052676062800550e+01 0.000000000000000000e+00 0.000000000000000000e+00 1.000000000000000000e+00 0.000000000000000000e+00
2.517835855379225302e-02 -9.996829748778043312e-01 0.000000000000000000e+00 -2.297968144277574254e+01 9.996829748778043312e-01 2.517835855379240220e-02 0.000000000000000000e+00 -1.103068713973244641e+01 0.000000000000000000e+00 0.000000000000000000e+00 1.000000000000000000e+00 0.000000000000000000e+00
8.391223160100837186e-02 -9.964731493561373998e-01 0.000000000000000000e+00 -2.296005544277370802e+01 9.964731493561373998e-01 8.391223160100851064e-02 0.000000000000000000e+00 -1.081241696718493550e+01 0.000000000000000000e+00 0.000000000000000000e+00 1.000000000000000000e+00 0.000000000000000000e+00
6.419684259595502540e-02 -9.979372552423876330e-01 0.000000000000000000e+00 -2.294121325059511207e+01 9.979372552423876330e-01 6.419684259595512255e-02 0.000000000000000000e+00 -1.059761450934540150e+01 0.000000000000000000e+00 0.000000000000000000e+00 1.000000000000000000e+00 0.000000000000000000e+00
4.486595378215334218e-02 -9.989930160873087273e-01 0.000000000000000000e+00 -2.292745856238351365e+01 9.989930160873087273e-01 4.486595378215343238e-02 0.000000000000000000e+00 -1.037746088309272707e+01 0.000000000000000000e+00 0.000000000000000000e+00 1.000000000000000000e+00 0.000000000000000000e+00
2.655789664642144859e-02 -9.996472768560509259e-01 0.000000000000000000e+00 -2.291839874164054791e+01 9.996472768560509259e-01 2.655789664642163247e-02 0.000000000000000000e+00 -1.015704132554824568e+01 0.000000000000000000e+00 0.000000000000000000e+00 1.000000000000000000e+00 0.000000000000000000e+00
-7.808901019433599731e-03 -9.999695100676163628e-01 0.000000000000000000e+00 -2.291522377889949880e+01 9.999695100676163628e-01 -7.808901019433419320e-03 0.000000000000000000e+00 -9.938529134328641490e+00 0.000000000000000000e+00 0.000000000000000000e+00 1.000000000000000000e+00 0.000000000000000000e+00
4.891000114779326183e-03 -9.999880389874057363e-01 0.000000000000000000e+00 -2.291306712858368755e+01 9.999880389874057363e-01 4.891000114779515268e-03 0.000000000000000000e+00 -9.722448555702484896e+00 0.000000000000000000e+00 0.000000000000000000e+00 1.000000000000000000e+00 0.000000000000000000e+00
1.821001304449430119e-02 -9.998341839649810270e-01 0.000000000000000000e+00 -2.290837326283158148e+01 9.998341839649810270e-01 1.821001304449445385e-02 0.000000000000000000e+00 -9.501811197749887583e+00 0.000000000000000000e+00 0.000000000000000000e+00 1.000000000000000000e+00 0.000000000000000000e+00
1.582035961107676122e-02 -9.998748502796618309e-01 0.000000000000000000e+00 -2.290517122683846551e+01 9.998748502796618309e-01 1.582035961107692776e-02 0.000000000000000000e+00 -9.273286625842406039e+00 0.000000000000000000e+00 0.000000000000000000e+00 1.000000000000000000e+00 0.000000000000000000e+00
1.001019448133518052e-03 -9.999994989799068090e-01 0.000000000000000000e+00 -2.290456364553993751e+01 9.999994989799068090e-01 1.001019448133688488e-03 0.000000000000000000e+00 -9.052772472453181507e+00 0.000000000000000000e+00 0.000000000000000000e+00 1.000000000000000000e+00 0.000000000000000000e+00
-1.008980213492046340e-03 -9.999994909793348263e-01 0.000000000000000000e+00 -2.290295203447198702e+01 9.999994909793349374e-01 -1.008980213491893251e-03 0.000000000000000000e+00 -8.834133665491185283e+00 0.000000000000000000e+00 0.000000000000000000e+00 1.000000000000000000e+00 0.000000000000000000e+00
-1.808979398068943966e-03 -9.999983637954301674e-01 0.000000000000000000e+00 -2.290180439384774758e+01 9.999983637954301674e-01 -1.808979398068798032e-03 0.000000000000000000e+00 -8.610705951406746550e+00 0.000000000000000000e+00 0.000000000000000000e+00 1.000000000000000000e+00 0.000000000000000000e+00
-2.418978025593448381e-03 -9.999970742683760294e-01 0.000000000000000000e+00 -2.290078214794897704e+01 9.999970742683759184e-01 -2.418978025593325649e-03 0.000000000000000000e+00 -8.387171110468420565e+00 0.000000000000000000e+00 0.000000000000000000e+00 1.000000000000000000e+00 0.000000000000000000e+00
2.808732529860806168e-02 -9.996054732531081122e-01 0.000000000000000000e+00 -2.289551786250585863e+01 9.996054732531081122e-01 2.808732529860821781e-02 0.000000000000000000e+00 -8.163524911978992549e+00 0.000000000000000000e+00 0.000000000000000000e+00 1.000000000000000000e+00 0.000000000000000000e+00
7.732375890389528439e-02 -9.970060362450030578e-01 0.000000000000000000e+00 -2.287965901407051916e+01 9.970060362450030578e-01 7.732375890389540929e-02 0.000000000000000000e+00 -7.941688695534730336e+00 0.000000000000000000e+00 0.000000000000000000e+00 1.000000000000000000e+00 0.000000000000000000e+00
8.623378416276744618e-02 -9.962749291580960120e-01 0.000000000000000000e+00 -2.285792406056629389e+01 9.962749291580960120e-01 8.623378416276751557e-02 0.000000000000000000e+00 -7.719191276232462151e+00 0.000000000000000000e+00 0.000000000000000000e+00 1.000000000000000000e+00 0.000000000000000000e+00
5.888693298084446415e-02 -9.982646588576146174e-01 0.000000000000000000e+00 -2.284340214730929830e+01 9.982646588576146174e-01 5.888693298084463762e-02 0.000000000000000000e+00 -7.505562568809147628e+00 0.000000000000000000e+00 0.000000000000000000e+00 1.000000000000000000e+00 0.000000000000000000e+00
3.954070892284333033e-02 -9.992179603759527851e-01 0.000000000000000000e+00 -2.283182075671438582e+01 9.992179603759527851e-01 3.954070892284346911e-02 0.000000000000000000e+00 -7.284218952023191029e+00 0.000000000000000000e+00 0.000000000000000000e+00 1.000000000000000000e+00 0.000000000000000000e+00
4.436645168667772976e-02 -9.990153241891406299e-01 0.000000000000000000e+00 -2.282213236671467271e+01 9.990153241891406299e-01 4.436645168667781303e-02 0.000000000000000000e+00 -7.063216727601776768e+00 0.000000000000000000e+00 0.000000000000000000e+00 1.000000000000000000e+00 0.000000000000000000e+00
4.515565986614410859e-02 -9.989799629532382097e-01 0.000000000000000000e+00 -2.281232523554965752e+01 9.989799629532382097e-01 4.515565986614426819e-02 0.000000000000000000e+00 -6.843725893446197972e+00 0.000000000000000000e+00 0.000000000000000000e+00 1.000000000000000000e+00 0.000000000000000000e+00
3.671276753086882144e-02 -9.993258591171473304e-01 0.000000000000000000e+00 -2.280280906706833122e+01 9.993258591171473304e-01 3.671276753086896716e-02 0.000000000000000000e+00 -6.631808185508811349e+00 0.000000000000000000e+00 0.000000000000000000e+00 1.000000000000000000e+00 0.000000000000000000e+00
4.480601412046531645e-02 -9.989957062463465931e-01 0.000000000000000000e+00 -2.279082911140369561e+01 9.989957062463465931e-01 4.480601412046546217e-02 0.000000000000000000e+00 -6.431762888982566650e+00 0.000000000000000000e+00 0.000000000000000000e+00 1.000000000000000000e+00 0.000000000000000000e+00
3.755218820154637011e-02 -9.992946678339055255e-01 0.000000000000000000e+00 -2.278033196152238560e+01 9.992946678339056366e-01 3.755218820154650888e-02 0.000000000000000000e+00 -6.225653156208080574e+00 0.000000000000000000e+00 0.000000000000000000e+00 1.000000000000000000e+00 0.000000000000000000e+00
6.749965720597030094e-02 -9.977192973362180028e-01 0.000000000000000000e+00 -2.276533516161280701e+01 9.977192973362180028e-01 6.749965720597042584e-02 0.000000000000000000e+00 -6.023827761144744386e+00 0.000000000000000000e+00 0.000000000000000000e+00 1.000000000000000000e+00 0.000000000000000000e+00
8.470938318354855057e-02 -9.964057007066262628e-01 0.000000000000000000e+00 -2.274400979351907637e+01 9.964057007066262628e-01 8.470938318354874486e-02 0.000000000000000000e+00 -5.834928265421048366e+00 0.000000000000000000e+00 0.000000000000000000e+00 1.000000000000000000e+00 0.000000000000000000e+00
6.180161059580192157e-02 -9.980884534587928236e-01 0.000000000000000000e+00 -2.272786309345309519e+01 9.980884534587928236e-01 6.180161059580208810e-02 0.000000000000000000e+00 -5.636703541632668291e+00 0.000000000000000000e+00 0.000000000000000000e+00 1.000000000000000000e+00 0.000000000000000000e+00
3.905108739499024012e-02 -9.992372153664358381e-01 0.000000000000000000e+00 -2.271867713956125101e+01 9.992372153664359491e-01 3.905108739499037890e-02 0.000000000000000000e+00 -5.438034119407967992e+00 0.000000000000000000e+00 0.000000000000000000e+00 1.000000000000000000e+00 0.000000000000000000e+00
1.662025434346334901e-02 -9.998618740333879984e-01 0.000000000000000000e+00 -2.271371757797733437e+01 9.998618740333881094e-01 1.662025434346351208e-02 0.000000000000000000e+00 -5.239182551473753335e+00 0.000000000000000000e+00 0.000000000000000000e+00 1.000000000000000000e+00 0.000000000000000000e+00
2.540828497001949848e-02 -9.996771574137734984e-01 0.000000000000000000e+00 -2.270728861193281745e+01 9.996771574137734984e-01 2.540828497001961297e-02 0.000000000000000000e+00 -5.040389460297024726e+00 0.000000000000000000e+00 0.000000000000000000e+00 1.000000000000000000e+00 0.000000000000000000e+00
3.430428792608249816e-02 -9.994114347103921769e-01 0.000000000000000000e+00 -2.269698665393068637e+01 9.994114347103922880e-01 3.430428792608264388e-02 0.000000000000000000e+00 -4.841539121445611826e+00 0.000000000000000000e+00 0.000000000000000000e+00 1.000000000000000000e+00 0.000000000000000000e+00
1.254069088187708368e-02 -9.999213624441699588e-01 0.000000000000000000e+00 -2.268912741578578718e+01 9.999213624441700698e-01 1.254069088187721899e-02 0.000000000000000000e+00 -4.647988519917790384e+00 0.000000000000000000e+00 0.000000000000000000e+00 1.000000000000000000e+00 0.000000000000000000e+00
-8.788867232605478835e-03 -9.999613771605219137e-01 0.000000000000000000e+00 -2.268824359562496795e+01 9.999613771605220247e-01 -8.788867232605376487e-03 0.000000000000000000e+00 -4.446514980806760775e+00 0.000000000000000000e+00 0.000000000000000000e+00 1.000000000000000000e+00 0.000000000000000000e+00
1.653026670760973302e-02 -9.998633658068363239e-01 0.000000000000000000e+00 -2.268511482769718057e+01 9.998633658068363239e-01 1.653026670760987527e-02 0.000000000000000000e+00 -4.251913550456047020e+00 0.000000000000000000e+00 0.000000000000000000e+00 1.000000000000000000e+00 0.000000000000000000e+00
4.195869824367275125e-02 -9.991193460451541775e-01 0.000000000000000000e+00 -2.267418705228678277e+01 9.991193460451541775e-01 4.195869824367286921e-02 0.000000000000000000e+00 -4.050653300431681814e+00 0.000000000000000000e+00 0.000000000000000000e+00 1.000000000000000000e+00 0.000000000000000000e+00
2.122942464899234619e-02 -9.997746303688010983e-01 0.000000000000000000e+00 -2.266561027120448912e+01 9.997746303688010983e-01 2.122942464899248149e-02 0.000000000000000000e+00 -3.851926628856709556e+00 0.000000000000000000e+00 0.000000000000000000e+00 1.000000000000000000e+00 0.000000000000000000e+00
1.633029370517614584e-02 -9.998666518628884781e-01 0.000000000000000000e+00 -2.266067725378597331e+01 9.998666518628884781e-01 1.633029370517632625e-02 0.000000000000000000e+00 -3.655058209784099787e+00 0.000000000000000000e+00 0.000000000000000000e+00 1.000000000000000000e+00 0.000000000000000000e+00
-3.648972286963971575e-03 -9.999933424784632763e-01 0.000000000000000000e+00 -2.266048941705751574e+01 9.999933424784632763e-01 -3.648972286963806343e-03 0.000000000000000000e+00 -3.453834772775973505e+00 0.000000000000000000e+00 0.000000000000000000e+00 1.000000000000000000e+00 0.000000000000000000e+00
7.790940796418664195e-03 -9.999696501601970100e-01 0.000000000000000000e+00 -2.265927531983831500e+01 9.999696501601970100e-01 7.790940796418817718e-03 0.000000000000000000e+00 -3.256422820308696231e+00 0.000000000000000000e+00 0.000000000000000000e+00 1.000000000000000000e+00 0.000000000000000000e+00
4.061008453011445696e-03 -9.999917540711745767e-01 0.000000000000000000e+00 -2.265562740873504310e+01 9.999917540711746877e-01 4.061008453011608760e-03 0.000000000000000000e+00 -3.054331299594485571e+00 0.000000000000000000e+00 0.000000000000000000e+00 1.000000000000000000e+00 0.000000000000000000e+00
1.143077067179260747e-02 -9.999346666066983857e-01 0.000000000000000000e+00 -2.265289488183985611e+01 9.999346666066983857e-01 1.143077067179275146e-02 0.000000000000000000e+00 -2.860503107068817386e+00 0.000000000000000000e+00 0.000000000000000000e+00 1.000000000000000000e+00 0.000000000000000000e+00
1.312064313023434542e-02 -9.999139206570979432e-01 0.000000000000000000e+00 -2.264923321077715102e+01 9.999139206570979432e-01 1.312064313023446685e-02 0.000000000000000000e+00 -2.662944106036142955e+00 0.000000000000000000e+00 0.000000000000000000e+00 1.000000000000000000e+00 0.000000000000000000e+00
-4.868961146583477770e-03 -9.999881465384242718e-01 0.000000000000000000e+00 -2.265073475332176400e+01 9.999881465384243828e-01 -4.868961146583297359e-03 0.000000000000000000e+00 -2.459486301629462801e+00 0.000000000000000000e+00 0.000000000000000000e+00 1.000000000000000000e+00 0.000000000000000000e+00
-2.618598681324554867e-02 -9.996570882530751989e-01 0.000000000000000000e+00 -2.265662416745592012e+01 9.996570882530751989e-01 -2.618598681324538213e-02 0.000000000000000000e+00 -2.259276011181754029e+00 0.000000000000000000e+00 0.000000000000000000e+00 1.000000000000000000e+00 0.000000000000000000e+00
-8.178889195197588946e-03 -9.999665523263929767e-01 0.000000000000000000e+00 -2.265912173584385414e+01 9.999665523263929767e-01 -8.178889195197429351e-03 0.000000000000000000e+00 -2.064138962541194999e+00 0.000000000000000000e+00 0.000000000000000000e+00 1.000000000000000000e+00 0.000000000000000000e+00
6.456607497769623061e-02 -9.979134341023646604e-01 0.000000000000000000e+00 -2.264778133087288126e+01 9.979134341023647714e-01 6.456607497769645265e-02 0.000000000000000000e+00 -1.865040172702848054e+00 0.000000000000000000e+00 0.000000000000000000e+00 1.000000000000000000e+00 0.000000000000000000e+00
5.406464654336538833e-02 -9.985374374524678132e-01 0.000000000000000000e+00 -2.263382764846987172e+01 9.985374374524679242e-01 5.406464654336548548e-02 0.000000000000000000e+00 -1.665921862024507760e+00 0.000000000000000000e+00 0.000000000000000000e+00 1.000000000000000000e+00 0.000000000000000000e+00
1.936980818609212660e-02 -9.998123876662231568e-01 0.000000000000000000e+00 -2.262602936067026604e+01 9.998123876662232679e-01 1.936980818609232088e-02 0.000000000000000000e+00 -1.468486173489242930e+00 0.000000000000000000e+00 0.000000000000000000e+00 1.000000000000000000e+00 0.000000000000000000e+00
1.641028298498307253e-02 -9.998653422398202650e-01 0.000000000000000000e+00 -2.262031294034018458e+01 9.998653422398202650e-01 1.641028298498319396e-02 0.000000000000000000e+00 -1.266885844772719594e+00 0.000000000000000000e+00 0.000000000000000000e+00 1.000000000000000000e+00 0.000000000000000000e+00
1.843997442312402327e-02 -9.998299692164036578e-01 0.000000000000000000e+00 -2.261505656407578968e+01 9.998299692164036578e-01 1.843997442312418633e-02 0.000000000000000000e+00 -1.073224581458221749e+00 0.000000000000000000e+00 0.000000000000000000e+00 1.000000000000000000e+00 0.000000000000000000e+00
1.857995043764537960e-02 -9.998273778216590912e-01 0.000000000000000000e+00 -2.261002318034653058e+01 9.998273778216592023e-01 1.857995043764554960e-02 0.000000000000000000e+00 -8.672000510055735134e-01 0.000000000000000000e+00 0.000000000000000000e+00 1.000000000000000000e+00 0.000000000000000000e+00
1.890989245465969984e-02 -9.998211919975257267e-01 0.000000000000000000e+00 -2.260349737871586839e+01 9.998211919975258377e-01 1.890989245465986290e-02 0.000000000000000000e+00 -6.653916311785579296e-01 0.000000000000000000e+00 0.000000000000000000e+00 1.000000000000000000e+00 0.000000000000000000e+00
1.954977410110915470e-02 -9.998088849038079262e-01 0.000000000000000000e+00 -2.259726679602729860e+01 9.998088849038079262e-01 1.954977410110930389e-02 0.000000000000000000e+00 -4.635479157961839292e-01 0.000000000000000000e+00 0.000000000000000000e+00 1.000000000000000000e+00 0.000000000000000000e+00
5.045958193611147641e-02 -9.987261038897665699e-01 0.000000000000000000e+00 -2.258700900925428101e+01 9.987261038897666809e-01 5.045958193611158743e-02 0.000000000000000000e+00 -2.663249825188405140e-01 0.000000000000000000e+00 0.000000000000000000e+00 1.000000000000000000e+00 0.000000000000000000e+00
3.695260467742653154e-02 -9.993170192724398770e-01 0.000000000000000000e+00 -2.257815056348374227e+01 9.993170192724398770e-01 3.695260467742666338e-02 0.000000000000000000e+00 -6.727496282898925983e-02 0.000000000000000000e+00 0.000000000000000000e+00 1.000000000000000000e+00 0.000000000000000000e+00
3.833162654004539094e-02 -9.992650731446558465e-01 0.000000000000000000e+00 -2.256929756942734144e+01 9.992650731446559575e-01 3.833162654004551584e-02 0.000000000000000000e+00 1.344720126036982322e-01 0.000000000000000000e+00 0.000000000000000000e+00 1.000000000000000000e+00 0.000000000000000000e+00
4.000034498499924207e-02 -9.991996659332313957e-01 0.000000000000000000e+00 -2.255921461874457634e+01 9.991996659332313957e-01 4.000034498499939473e-02 0.000000000000000000e+00 3.411461379932330118e-01 0.000000000000000000e+00 0.000000000000000000e+00 1.000000000000000000e+00 0.000000000000000000e+00
4.174888225735604724e-02 -9.991281353411390898e-01 0.000000000000000000e+00 -2.254819018735320668e+01 9.991281353411390898e-01 4.174888225735617908e-02 0.000000000000000000e+00 5.428435160438596085e-01 0.000000000000000000e+00 0.000000000000000000e+00 1.000000000000000000e+00 0.000000000000000000e+00
4.369710151149911598e-02 -9.990448254805656125e-01 0.000000000000000000e+00 -2.253718344979667165e+01 9.990448254805657236e-01 4.369710151149922006e-02 0.000000000000000000e+00 7.345842989471353945e-01 0.000000000000000000e+00 0.000000000000000000e+00 1.000000000000000000e+00 0.000000000000000000e+00
4.442639252623332979e-02 -9.990126604038134239e-01 0.000000000000000000e+00 -2.252370162386998231e+01 9.990126604038134239e-01 4.442639252623348939e-02 0.000000000000000000e+00 9.525179823686791281e-01 0.000000000000000000e+00 0.000000000000000000e+00 1.000000000000000000e+00 0.000000000000000000e+00
5.207745130367861380e-02 -9.986430488746782519e-01 0.000000000000000000e+00 -2.251225374805907364e+01 9.986430488746782519e-01 5.207745130367877340e-02 0.000000000000000000e+00 1.170721937739381602e+00 0.000000000000000000e+00 0.000000000000000000e+00 1.000000000000000000e+00 0.000000000000000000e+00
7.577830728135638572e-02 -9.971246903700521358e-01 0.000000000000000000e+00 -2.249806097359039825e+01 9.971246903700522468e-01 7.577830728135658001e-02 0.000000000000000000e+00 1.381795989088383081e+00 0.000000000000000000e+00 0.000000000000000000e+00 1.000000000000000000e+00 0.000000000000000000e+00
8.467949097441239414e-02 -9.964082415397388370e-01 0.000000000000000000e+00 -2.247920794827679458e+01 9.964082415397388370e-01 8.467949097441258843e-02 0.000000000000000000e+00 1.600117251077506353e+00 0.000000000000000000e+00 0.000000000000000000e+00 1.000000000000000000e+00 0.000000000000000000e+00
8.240746205316069883e-02 -9.965987207487058130e-01 0.000000000000000000e+00 -2.245611701693652762e+01 9.965987207487058130e-01 8.240746205316090700e-02 0.000000000000000000e+00 1.826244315556394326e+00 0.000000000000000000e+00 0.000000000000000000e+00 1.000000000000000000e+00 0.000000000000000000e+00
9.312588694492200669e-02 -9.956543422195885951e-01 0.000000000000000000e+00 -2.243171416263890805e+01 9.956543422195885951e-01 9.312588694492215935e-02 0.000000000000000000e+00 2.055269889678871920e+00 0.000000000000000000e+00 0.000000000000000000e+00 1.000000000000000000e+00 0.000000000000000000e+00
7.914814945713542771e-02 -9.968628644088969315e-01 0.000000000000000000e+00 -2.241004817266452775e+01 9.968628644088969315e-01 7.914814945713556649e-02 0.000000000000000000e+00 2.274243937863648313e+00 0.000000000000000000e+00 0.000000000000000000e+00 1.000000000000000000e+00 0.000000000000000000e+00
2.516836172278461362e-02 -9.996832266114057397e-01 0.000000000000000000e+00 -2.239429968068362342e+01 9.996832266114057397e-01 2.516836172278473852e-02 0.000000000000000000e+00 2.498579638545301407e+00 0.000000000000000000e+00 0.000000000000000000e+00 1.000000000000000000e+00 0.000000000000000000e+00
-2.263794116339095663e-01 -9.740391994105190854e-01 0.000000000000000000e+00 -2.242244748714776392e+01 9.740391994105191964e-01 -2.263794116339094553e-01 0.000000000000000000e+00 2.697670835214708518e+00 0.000000000000000000e+00 0.000000000000000000e+00 1.000000000000000000e+00 0.000000000000000000e+00
-7.931591799946255961e-01 -6.090143801177877458e-01 0.000000000000000000e+00 -2.249743647875754959e+01 6.090143801177878569e-01 -7.931591799946254850e-01 0.000000000000000000e+00 2.759668137876580829e+00 0.000000000000000000e+00 0.000000000000000000e+00 1.000000000000000000e+00 0.000000000000000000e+00
-9.469310579172126596e-01 -3.214367302468534304e-01 0.000000000000000000e+00 -2.270890472498252066e+01 3.214367302468535414e-01 -9.469310579172126596e-01 0.000000000000000000e+00 2.835699469171878206e+00 0.000000000000000000e+00 0.000000000000000000e+00 1.000000000000000000e+00 0.000000000000000000e+00
-9.971929118003810544e-01 -7.487520721225018883e-02 0.000000000000000000e+00 -2.291143534450599262e+01 7.487520721225038312e-02 -9.971929118003811654e-01 0.000000000000000000e+00 2.867270718045471511e+00 0.000000000000000000e+00 0.000000000000000000e+00 1.000000000000000000e+00 0.000000000000000000e+00
-9.981196810308824441e-01 6.129520649128795962e-02 0.000000000000000000e+00 -2.313380679637110759e+01 -6.129520649128785553e-02 -9.981196810308824441e-01 0.000000000000000000e+00 2.863228714161266453e+00 0.000000000000000000e+00 0.000000000000000000e+00 1.000000000000000000e+00 0.000000000000000000e+00
-9.989076208752118990e-01 4.672863102450244138e-02 0.000000000000000000e+00 -2.336645904059153978e+01 -4.672863102450230260e-02 -9.989076208752118990e-01 0.000000000000000000e+00 2.856039440262129858e+00 0.000000000000000000e+00 0.000000000000000000e+00 1.000000000000000000e+00 0.000000000000000000e+00
-9.984490253884735766e-01 -5.567354578978465224e-02 0.000000000000000000e+00 -2.358186087082676963e+01 5.567354578978477020e-02 -9.984490253884736877e-01 0.000000000000000000e+00 2.865431544995033164e+00 0.000000000000000000e+00 0.000000000000000000e+00 1.000000000000000000e+00 0.000000000000000000e+00
-9.876332593571782725e-01 -1.567818389084547348e-01 0.000000000000000000e+00 -2.379280304642815835e+01 1.567818389084549291e-01 -9.876332593571782725e-01 0.000000000000000000e+00 2.902798121671956721e+00 0.000000000000000000e+00 0.000000000000000000e+00 1.000000000000000000e+00 0.000000000000000000e+00
-9.970247712922384320e-01 -7.708180997913785526e-02 0.000000000000000000e+00 -2.400539626411547545e+01 7.708180997913803567e-02 -9.970247712922383210e-01 0.000000000000000000e+00 2.932605137513061067e+00 0.000000000000000000e+00 0.000000000000000000e+00 1.000000000000000000e+00 0.000000000000000000e+00
-9.858941170984314439e-01 1.673702179920444066e-01 0.000000000000000000e+00 -2.423467561578322460e+01 -1.673702179920442956e-01 -9.858941170984314439e-01 0.000000000000000000e+00 2.913577029388033424e+00 0.000000000000000000e+00 0.000000000000000000e+00 1.000000000000000000e+00 0.000000000000000000e+00
-8.910411358538844473e-01 4.539225641188367466e-01 0.000000000000000000e+00 -2.443037068753696417e+01 -4.539225641188365246e-01 -8.910411358538845583e-01 0.000000000000000000e+00 2.838545144223800776e+00 0.000000000000000000e+00 0.000000000000000000e+00 1.000000000000000000e+00 0.000000000000000000e+00
-5.433015196069408415e-01 8.395376458460864777e-01 0.000000000000000000e+00 -2.457401306332244317e+01 -8.395376458460864777e-01 -5.433015196069409525e-01 0.000000000000000000e+00 2.679903350302073051e+00 0.000000000000000000e+00 0.000000000000000000e+00 1.000000000000000000e+00 0.000000000000000000e+00
-1.521573498146455983e-01 9.883562823685513310e-01 0.000000000000000000e+00 -2.462788533522334689e+01 -9.883562823685514420e-01 -1.521573498146457648e-01 0.000000000000000000e+00 2.435784366156564573e+00 0.000000000000000000e+00 0.000000000000000000e+00 1.000000000000000000e+00 0.000000000000000000e+00
-6.376737794924128289e-02 9.979647897142858159e-01 0.000000000000000000e+00 -2.464838940262287892e+01 -9.979647897142858159e-01 -6.376737794924139391e-02 0.000000000000000000e+00 2.209903543331616760e+00 0.000000000000000000e+00 0.000000000000000000e+00 1.000000000000000000e+00 0.000000000000000000e+00
-6.794129460710390811e-02 9.976893206239659806e-01 0.000000000000000000e+00 -2.466918954947463405e+01 -9.976893206239659806e-01 -6.794129460710410240e-02 0.000000000000000000e+00 1.967975140098456421e+00 0.000000000000000000e+00 0.000000000000000000e+00 1.000000000000000000e+00 0.000000000000000000e+00
-1.021183507472938207e-01 9.947722565696396346e-01 0.000000000000000000e+00 -2.469743782160247036e+01 -9.947722565696396346e-01 -1.021183507472940288e-01 0.000000000000000000e+00 1.729213490703518374e+00 0.000000000000000000e+00 0.000000000000000000e+00 1.000000000000000000e+00 0.000000000000000000e+00
-2.737525286205522504e-02 9.996252275381702912e-01 0.000000000000000000e+00 -2.471618721696521703e+01 -9.996252275381702912e-01 -2.737525286205542280e-02 0.000000000000000000e+00 1.484939769084652639e+00 0.000000000000000000e+00 0.000000000000000000e+00 1.000000000000000000e+00 0.000000000000000000e+00
4.072805860248589205e-02 9.991702683939671648e-01 0.000000000000000000e+00 -2.471568981966845158e+01 -9.991702683939672758e-01 4.072805860248573939e-02 0.000000000000000000e+00 1.232274559378351952e+00 0.000000000000000000e+00 0.000000000000000000e+00 1.000000000000000000e+00 0.000000000000000000e+00
2.694323535032856331e-03 9.999963703037568763e-01 0.000000000000000000e+00 -2.472063028516621586e+01 -9.999963703037569873e-01 2.694323535032686762e-03 0.000000000000000000e+00 9.813840745036461755e-01 0.000000000000000000e+00 0.000000000000000000e+00 1.000000000000000000e+00 0.000000000000000000e+00
-2.708136186628919487e-02 9.996332326605928964e-01 0.000000000000000000e+00 -2.473534562213498234e+01 -9.996332326605930074e-01 -2.708136186628934058e-02 0.000000000000000000e+00 7.397376086534368511e-01 0.000000000000000000e+00 0.000000000000000000e+00 1.000000000000000000e+00 0.000000000000000000e+00
-2.471015787686409518e-02 9.996946574318082979e-01 0.000000000000000000e+00 -2.474932659397016721e+01 -9.996946574318082979e-01 -2.471015787686424783e-02 0.000000000000000000e+00 4.954222089616777680e-01 0.000000000000000000e+00 0.000000000000000000e+00 1.000000000000000000e+00 0.000000000000000000e+00
-5.478645797296708558e-03 9.999849921074954739e-01 0.000000000000000000e+00 -2.475911020477281710e+01 -9.999849921074955850e-01 -5.478645797296866418e-03 0.000000000000000000e+00 1.793317800719975708e-01 0.000000000000000000e+00 0.000000000000000000e+00 1.000000000000000000e+00 0.000000000000000000e+00
1.494777009434883862e-02 9.998882758434597395e-01 0.000000000000000000e+00 -2.476673115462957497e+01 -9.998882758434597395e-01 1.494777009434865300e-02 0.000000000000000000e+00 -7.248544349358887473e-02 0.000000000000000000e+00 0.000000000000000000e+00 1.000000000000000000e+00 0.000000000000000000e+00
-2.151671544837961605e-03 9.999976851521023002e-01 0.000000000000000000e+00 -2.477514016537303121e+01 -9.999976851521023002e-01 -2.151671544838075229e-03 0.000000000000000000e+00 -3.205670834315661466e-01 0.000000000000000000e+00 0.000000000000000000e+00 1.000000000000000000e+00 0.000000000000000000e+00
-5.716249711222400054e-02 9.983648876657748028e-01 0.000000000000000000e+00 -2.479518494223403025e+01 -9.983648876657746918e-01 -5.716249711222411850e-02 0.000000000000000000e+00 -5.650266968845727433e-01 0.000000000000000000e+00 0.000000000000000000e+00 1.000000000000000000e+00 0.000000000000000000e+00
-6.478127708902492454e-02 9.978994869919090016e-01 0.000000000000000000e+00 -2.481960457851597823e+01 -9.978994869919090016e-01 -6.478127708902509108e-02 0.000000000000000000e+00 -8.069545856197422040e-01 0.000000000000000000e+00 0.000000000000000000e+00 1.000000000000000000e+00 0.000000000000000000e+00
-3.212514497887889592e-02 9.994838543268651510e-01 0.000000000000000000e+00 -2.483783239430248102e+01 -9.994838543268651510e-01 -3.212514497887906245e-02 0.000000000000000000e+00 -1.055644722498255916e+00 0.000000000000000000e+00 0.000000000000000000e+00 1.000000000000000000e+00 0.000000000000000000e+00
-3.041598145236148326e-02 9.995373270029936918e-01 0.000000000000000000e+00 -2.485380353234279838e+01 -9.995373270029938029e-01 -3.041598145236164633e-02 0.000000000000000000e+00 -1.309357134315469295e+00 0.000000000000000000e+00 0.000000000000000000e+00 1.000000000000000000e+00 0.000000000000000000e+00
-1.346999764091217633e-01 9.908864295949270096e-01 0.000000000000000000e+00 -2.488811395455890363e+01 -9.908864295949270096e-01 -1.346999764091219021e-01 0.000000000000000000e+00 -1.556855394673320347e+00 0.000000000000000000e+00 0.000000000000000000e+00 1.000000000000000000e+00 0.000000000000000000e+00
-6.014634996991219396e-02 9.981895694632842986e-01 0.000000000000000000e+00 -2.492092266586878679e+01 -9.981895694632842986e-01 -6.014634996991240906e-02 0.000000000000000000e+00 -1.798496387650887485e+00 0.000000000000000000e+00 0.000000000000000000e+00 1.000000000000000000e+00 0.000000000000000000e+00
1.212075651590640984e-01 9.926271838652270807e-01 0.000000000000000000e+00 -2.490415309469899086e+01 -9.926271838652270807e-01 1.212075651590640013e-01 0.000000000000000000e+00 -2.000779787569866741e+00 0.000000000000000000e+00 0.000000000000000000e+00 1.000000000000000000e+00 0.000000000000000000e+00
8.571103401407446920e-02 9.963200382649333164e-01 0.000000000000000000e+00 -2.488046238107127905e+01 -9.963200382649333164e-01 8.571103401407430267e-02 0.000000000000000000e+00 -2.236559972947707919e+00 0.000000000000000000e+00 0.000000000000000000e+00 1.000000000000000000e+00 0.000000000000000000e+00
-2.210587239779238100e-02 9.997556353457242029e-01 0.000000000000000000e+00 -2.488149045516672686e+01 -9.997556353457242029e-01 -2.210587239779254753e-02 0.000000000000000000e+00 -2.440959843516782968e+00 0.000000000000000000e+00 0.000000000000000000e+00 1.000000000000000000e+00 0.000000000000000000e+00
-1.529954211331680802e-01 9.882268975859159754e-01 0.000000000000000000e+00 -2.491114485979359827e+01 -9.882268975859160864e-01 -1.529954211331681913e-01 0.000000000000000000e+00 -2.630511811024971891e+00 0.000000000000000000e+00 0.000000000000000000e+00 1.000000000000000000e+00 0.000000000000000000e+00
-7.737625474353866661e-02 9.970019634894723426e-01 0.000000000000000000e+00 -2.493838096203350929e+01 -9.970019634894723426e-01 -7.737625474353881927e-02 0.000000000000000000e+00 -2.829758804555055463e+00 0.000000000000000000e+00 0.000000000000000000e+00 1.000000000000000000e+00 0.000000000000000000e+00
5.571745790815567367e-02 9.984465758788764189e-01 0.000000000000000000e+00 -2.493340426189296721e+01 -9.984465758788764189e-01 5.571745790815552102e-02 0.000000000000000000e+00 -3.048174516425129710e+00 0.000000000000000000e+00 0.000000000000000000e+00 1.000000000000000000e+00 0.000000000000000000e+00
4.408803156898236097e-02 9.990276500039289020e-01 0.000000000000000000e+00 -2.492432726392458875e+01 -9.990276500039289020e-01 4.408803156898218750e-02 0.000000000000000000e+00 -3.268703650572710728e+00 0.000000000000000000e+00 0.000000000000000000e+00 1.000000000000000000e+00 0.000000000000000000e+00
-1.408720723050173144e-02 9.999007703729630991e-01 0.000000000000000000e+00 -2.492993554352352348e+01 -9.999007703729630991e-01 -1.408720723050191186e-02 0.000000000000000000e+00 -3.473541633622584612e+00 0.000000000000000000e+00 0.000000000000000000e+00 1.000000000000000000e+00 0.000000000000000000e+00
-1.048748094737816071e-02 9.999450048594564766e-01 0.000000000000000000e+00 -2.493632624884646987e+01 -9.999450048594564766e-01 -1.048748094737826826e-02 0.000000000000000000e+00 -3.684952310943941711e+00 0.000000000000000000e+00 0.000000000000000000e+00 1.000000000000000000e+00 0.000000000000000000e+00
8.379228738797692144e-03 9.999648936466434268e-01 0.000000000000000000e+00 -2.493789498638579261e+01 -9.999648936466435378e-01 8.379228738797541223e-03 0.000000000000000000e+00 -3.893911228347656461e+00 0.000000000000000000e+00 0.000000000000000000e+00 1.000000000000000000e+00 0.000000000000000000e+00
4.257845103508753337e-02 9.990931265439937370e-01 0.000000000000000000e+00 -2.493389256626684158e+01 -9.990931265439937370e-01 4.257845103508739459e-02 0.000000000000000000e+00 -4.104918243001652201e+00 0.000000000000000000e+00 0.000000000000000000e+00 1.000000000000000000e+00 0.000000000000000000e+00
3.025770792410488116e-02 9.995421307334573235e-01 0.000000000000000000e+00 -2.492955686106128610e+01 -9.995421307334572125e-01 3.025770792410473198e-02 0.000000000000000000e+00 -4.322685540271859139e+00 0.000000000000000000e+00 0.000000000000000000e+00 1.000000000000000000e+00 0.000000000000000000e+00
3.308528776036735036e-02 9.994525320063047946e-01 0.000000000000000000e+00 -2.492619839113109137e+01 -9.994525320063047946e-01 3.308528776036716995e-02 0.000000000000000000e+00 -4.540166636185338334e+00 0.000000000000000000e+00 0.000000000000000000e+00 1.000000000000000000e+00 0.000000000000000000e+00
1.729246485317824378e-02 9.998504741506610838e-01 0.000000000000000000e+00 -2.492555277946504333e+01 -9.998504741506610838e-01 1.729246485317809806e-02 0.000000000000000000e+00 -4.744356742668431437e+00 0.000000000000000000e+00 0.000000000000000000e+00 1.000000000000000000e+00 0.000000000000000000e+00
2.256841054903680963e-02 9.997453009868514373e-01 0.000000000000000000e+00 -2.492391947532616214e+01 -9.997453009868514373e-01 2.256841054903668820e-02 0.000000000000000000e+00 -4.960242782785874383e+00 0.000000000000000000e+00 0.000000000000000000e+00 1.000000000000000000e+00 0.000000000000000000e+00
2.481977783597204279e-02 9.996919418641789790e-01 0.000000000000000000e+00 -2.492260364321673904e+01 -9.996919418641790900e-01 2.481977783597189360e-02 0.000000000000000000e+00 -5.171321525168567135e+00 0.000000000000000000e+00 0.000000000000000000e+00 1.000000000000000000e+00 0.000000000000000000e+00
1.370189802169303681e-02 9.999061245890051852e-01 0.000000000000000000e+00 -2.492187600131672554e+01 -9.999061245890051852e-01 1.370189802169291711e-02 0.000000000000000000e+00 -5.385642740724250643e+00 0.000000000000000000e+00 0.000000000000000000e+00 1.000000000000000000e+00 0.000000000000000000e+00
-4.654784757472183593e-02 9.989160614817245154e-01 0.000000000000000000e+00 -2.493016017263656892e+01 -9.989160614817245154e-01 -4.654784757472193307e-02 0.000000000000000000e+00 -5.600979890574302900e+00 0.000000000000000000e+00 0.000000000000000000e+00 1.000000000000000000e+00 0.000000000000000000e+00
-1.064635222853498042e-01 9.943166087432094846e-01 0.000000000000000000e+00 -2.495381723280781472e+01 -9.943166087432095956e-01 -1.064635222853499846e-01 0.000000000000000000e+00 -5.810814024127578747e+00 0.000000000000000000e+00 0.000000000000000000e+00 1.000000000000000000e+00 0.000000000000000000e+00
-7.573209405006019190e-02 9.971282013516580278e-01 0.000000000000000000e+00 -2.497604629081048699e+01 -9.971282013516581388e-01 -7.573209405006027517e-02 0.000000000000000000e+00 -6.026015029191015060e+00 0.000000000000000000e+00 0.000000000000000000e+00 1.000000000000000000e+00 0.000000000000000000e+00
-5.847529713773330640e-02 9.982888558050990735e-01 0.000000000000000000e+00 -2.499401740542243289e+01 -9.982888558050990735e-01 -5.847529713773352844e-02 0.000000000000000000e+00 -6.238920404040042555e+00 0.000000000000000000e+00 0.000000000000000000e+00 1.000000000000000000e+00 0.000000000000000000e+00
-5.676514337003928795e-02 9.983875592665300003e-01 0.000000000000000000e+00 -2.501008717946039184e+01 -9.983875592665300003e-01 -5.676514337003938510e-02 0.000000000000000000e+00 -6.444824564421441693e+00 0.000000000000000000e+00 0.000000000000000000e+00 1.000000000000000000e+00 0.000000000000000000e+00
-3.981914305575981472e-02 9.992069034220615320e-01 0.000000000000000000e+00 -2.502123346020196593e+01 -9.992069034220616430e-01 -3.981914305575997431e-02 0.000000000000000000e+00 -6.657780363886096175e+00 0.000000000000000000e+00 0.000000000000000000e+00 1.000000000000000000e+00 0.000000000000000000e+00
-2.296965290828978726e-02 9.997361627175805898e-01 0.000000000000000000e+00 -2.502823655350233878e+01 -9.997361627175805898e-01 -2.296965290828994685e-02 0.000000000000000000e+00 -6.871468623470533998e+00 0.000000000000000000e+00 0.000000000000000000e+00 1.000000000000000000e+00 0.000000000000000000e+00
