-3.230335961435669423e-02 -9.994781102943803841e-01 0.000000000000000000e+00 -2.304410000000000025e+01 9.994781102943803841e-01 -3.230335961435669423e-02 0.000000000000000000e+00 -1.348210000000000086e+01 0.000000000000000000e+00 0.000000000000000000e+00 1.000000000000000000e+00 0.000000000000000000e+00
-9.148852751089057989e-03 -9.999581483708900320e-01 0.000000000000000000e+00 -2.304339999999999833e+01 9.999581483708900320e-01 -9.148852751089057989e-03 0.000000000000000000e+00 -1.325569999999999915e+01 0.000000000000000000e+00 0.000000000000000000e+00 1.000000000000000000e+00 0.000000000000000000e+00
-1.014880615837460490e-02 -9.999484995406312526e-01 0.000000000000000000e+00 -2.304169999999999874e+01 9.999484995406312526e-01 -1.014880615837460490e-02 0.000000000000000000e+00 -1.303850000000000087e+01 0.000000000000000000e+00 0.000000000000000000e+00 1.000000000000000000e+00 0.000000000000000000e+00
2.196325029104707199e-03 -9.999975880752746127e-01 0.000000000000000000e+00 -2.303770000000000095e+01 9.999975880752746127e-01 2.196325029104707199e-03 0.000000000000000000e+00 -1.281250000000000000e+01 0.000000000000000000e+00 0.000000000000000000e+00 1.000000000000000000e+00 0.000000000000000000e+00
-2.058978929883275785e-03 -9.999978803006366324e-01 0.000000000000000000e+00 -2.303419999999999845e+01 9.999978803006366324e-01 -2.058978929883275785e-03 0.000000000000000000e+00 -1.258730000000000082e+01 0.000000000000000000e+00 0.000000000000000000e+00 1.000000000000000000e+00 0.000000000000000000e+00
-2.287698444515301466e-02 -9.997382875446434447e-01 0.000000000000000000e+00 -2.303610000000000113e+01 9.997382875446434447e-01 -2.287698444515301466e-02 0.000000000000000000e+00 -1.237020000000000053e+01 0.000000000000000000e+00 0.000000000000000000e+00 1.000000000000000000e+00 0.000000000000000000e+00
-2.626595929642575739e-02 -9.996549901752296297e-01 0.000000000000000000e+00 -2.303529999999999944e+01 9.996549901752296297e-01 -2.626595929642575739e-02 0.000000000000000000e+00 -1.214600000000000080e+01 0.000000000000000000e+00 0.000000000000000000e+00 1.000000000000000000e+00 0.000000000000000000e+00
1.147607487955933786e-02 -9.999341476844156862e-01 0.000000000000000000e+00 -2.303040000000000020e+01 9.999341476844156862e-01 1.147607487955933786e-02 0.000000000000000000e+00 -1.191900000000000048e+01 0.000000000000000000e+00 0.000000000000000000e+00 1.000000000000000000e+00 0.000000000000000000e+00
3.478930541194349274e-02 -9.993946689016078855e-01 0.000000000000000000e+00 -2.302169999999999916e+01 9.993946689016078855e-01 3.478930541194349274e-02 0.000000000000000000e+00 -1.169599999999999973e+01 0.000000000000000000e+00 0.000000000000000000e+00 1.000000000000000000e+00 0.000000000000000000e+00
1.983502595463898857e-02 -9.998032665206584291e-01 0.000000000000000000e+00 -2.301370000000000005e+01 9.998032665206584291e-01 1.983502595463898857e-02 0.000000000000000000e+00 -1.147819999999999929e+01 0.000000000000000000e+00 0.000000000000000000e+00 1.000000000000000000e+00 0.000000000000000000e+00
-8.498878067721558904e-03 -9.999638838836080179e-01 0.000000000000000000e+00 -2.300919999999999987e+01 9.999638838836080179e-01 -8.498878067721558904e-03 0.000000000000000000e+00 -1.125479999999999947e+01 0.000000000000000000e+00 0.000000000000000000e+00 1.000000000000000000e+00 0.000000000000000000e+00
3.866317162283897883e-03 -9.999925257678682344e-01 0.000000000000000000e+00 -2.300819999999999865e+01 9.999925257678682344e-01 3.866317162283897883e-03 0.000000000000000000e+00 -1.102280000000000015e+01 0.000000000000000000e+00 0.000000000000000000e+00 1.000000000000000000e+00 0.000000000000000000e+00
7.493601628036808404e-02 -9.971883440273600074e-01 0.000000000000000000e+00 -2.299190000000000111e+01 9.971883440273600074e-01 7.493601628036808404e-02 0.000000000000000000e+00 -1.080150000000000077e+01 0.000000000000000000e+00 0.000000000000000000e+00 1.000000000000000000e+00 0.000000000000000000e+00
5.903198738071838148e-02 -9.982560916247307237e-01 0.000000000000000000e+00 -2.297360000000000113e+01 9.982560916247307237e-01 5.903198738071838148e-02 0.000000000000000000e+00 -1.058409999999999940e+01 0.000000000000000000e+00 0.000000000000000000e+00 1.000000000000000000e+00 0.000000000000000000e+00
3.481928723635083212e-02 -9.993936247727180922e-01 0.000000000000000000e+00 -2.295959999999999823e+01 9.993936247727180922e-01 3.481928723635083212e-02 0.000000000000000000e+00 -1.036139999999999972e+01 0.000000000000000000e+00 0.000000000000000000e+00 1.000000000000000000e+00 0.000000000000000000e+00
1.097610639203981664e-02 -9.999397607298504687e-01 0.000000000000000000e+00 -2.295149999999999935e+01 9.999397607298504687e-01 1.097610639203981664e-02 0.000000000000000000e+00 -1.013870000000000005e+01 0.000000000000000000e+00 0.000000000000000000e+00 1.000000000000000000e+00 0.000000000000000000e+00
-1.490842806852673598e-02 -9.998888632105698004e-01 0.000000000000000000e+00 -2.295050000000000168e+01 9.998888632105698004e-01 -1.490842806852673598e-02 0.000000000000000000e+00 -9.917709999999999582e+00 0.000000000000000000e+00 0.000000000000000000e+00 1.000000000000000000e+00 0.000000000000000000e+00
-6.578932925143712515e-03 -9.999783585866078850e-01 0.000000000000000000e+00 -2.294879999999999853e+01 9.999783585866078850e-01 -6.578932925143712515e-03 0.000000000000000000e+00 -9.699109999999999232e+00 0.000000000000000000e+00 0.000000000000000000e+00 1.000000000000000000e+00 0.000000000000000000e+00
-3.058975614028562173e-03 -9.999953213231513871e-01 0.000000000000000000e+00 -2.294539999999999935e+01 9.999953213231513871e-01 -3.058975614028562173e-03 0.000000000000000000e+00 -9.476079999999999615e+00 0.000000000000000000e+00 0.000000000000000000e+00 1.000000000000000000e+00 0.000000000000000000e+00
-9.388842440907006759e-03 -9.999559238474563516e-01 0.000000000000000000e+00 -2.294559999999999889e+01 9.999559238474563516e-01 -9.388842440907006759e-03 0.000000000000000000e+00 -9.245160000000000267e+00 0.000000000000000000e+00 0.000000000000000000e+00 1.000000000000000000e+00 0.000000000000000000e+00
-1.865789769272407916e-02 -9.998259262760131882e-01 0.000000000000000000e+00 -2.294920000000000115e+01 9.998259262760131882e-01 -1.865789769272407916e-02 0.000000000000000000e+00 -9.022349999999999426e+00 0.000000000000000000e+00 0.000000000000000000e+00 1.000000000000000000e+00 0.000000000000000000e+00
-1.956773143476013554e-02 -9.998085336135600354e-01 0.000000000000000000e+00 -2.295080000000000098e+01 9.998085336135600354e-01 -1.956773143476013554e-02 0.000000000000000000e+00 -8.801420000000000243e+00 0.000000000000000000e+00 0.000000000000000000e+00 1.000000000000000000e+00 0.000000000000000000e+00
-2.461649355653614674e-02 -9.996969682083571840e-01 0.000000000000000000e+00 -2.295260000000000034e+01 9.996969682083571840e-01 -2.461649355653614674e-02 0.000000000000000000e+00 -8.575639999999999930e+00 0.000000000000000000e+00 0.000000000000000000e+00 1.000000000000000000e+00 0.000000000000000000e+00
-3.045427088592350673e-02 -9.995361611191496687e-01 0.000000000000000000e+00 -2.295520000000000138e+01 9.995361611191496687e-01 -3.045427088592350673e-02 0.000000000000000000e+00 -8.349740000000000606e+00 0.000000000000000000e+00 0.000000000000000000e+00 1.000000000000000000e+00 0.000000000000000000e+00
-1.379854247393937951e-02 -9.999047955808567645e-01 0.000000000000000000e+00 -2.295499999999999829e+01 9.999047955808567645e-01 -1.379854247393937951e-02 0.000000000000000000e+00 -8.123639999999999972e+00 0.000000000000000000e+00 0.000000000000000000e+00 1.000000000000000000e+00 0.000000000000000000e+00
3.891649696236135908e-02 -9.992424662033627669e-01 0.000000000000000000e+00 -2.294699999999999918e+01 9.992424662033627669e-01 3.891649696236135908e-02 0.000000000000000000e+00 -7.899040000000000283e+00 0.000000000000000000e+00 0.000000000000000000e+00 1.000000000000000000e+00 0.000000000000000000e+00
4.532079780855884088e-02 -9.989724847492025273e-01 0.000000000000000000e+00 -2.293260000000000076e+01 9.989724847492025273e-01 4.532079780855884088e-02 0.000000000000000000e+00 -7.673429999999999751e+00 0.000000000000000000e+00 0.000000000000000000e+00 1.000000000000000000e+00 0.000000000000000000e+00
1.919514784553446457e-02 -9.998157561767008206e-01 0.000000000000000000e+00 -2.292559999999999931e+01 9.998157561767008206e-01 1.919514784553446457e-02 0.000000000000000000e+00 -7.457019999999999982e+00 0.000000000000000000e+00 0.000000000000000000e+00 1.000000000000000000e+00 0.000000000000000000e+00
-2.978975978618797135e-03 -9.999955628412152686e-01 0.000000000000000000e+00 -2.292170000000000130e+01 9.999955628412152686e-01 -2.978975978618797135e-03 0.000000000000000000e+00 -7.233069999999999666e+00 0.000000000000000000e+00 0.000000000000000000e+00 1.000000000000000000e+00 0.000000000000000000e+00
-5.948945295318420513e-03 -9.999823048683778026e-01 0.000000000000000000e+00 -2.292020000000000124e+01 9.999823048683778026e-01 -5.948945295318420513e-03 0.000000000000000000e+00 -7.009490000000000443e+00 0.000000000000000000e+00 0.000000000000000000e+00 1.000000000000000000e+00 0.000000000000000000e+00
-1.020880305004269809e-02 -9.999478888123547460e-01 0.000000000000000000e+00 -2.292030000000000101e+01 9.999478888123547460e-01 -1.020880305004269809e-02 0.000000000000000000e+00 -6.787440000000000140e+00 0.000000000000000000e+00 0.000000000000000000e+00 1.000000000000000000e+00 0.000000000000000000e+00
-1.470844999904882475e-02 -9.998918248983864610e-01 0.000000000000000000e+00 -2.292200000000000060e+01 9.998918248983864610e-01 -1.470844999904882475e-02 0.000000000000000000e+00 -6.565680000000000405e+00 0.000000000000000000e+00 0.000000000000000000e+00 1.000000000000000000e+00 0.000000000000000000e+00
-1.123874377814874405e-02 -9.999368433247617372e-01 0.000000000000000000e+00 -2.291979999999999862e+01 9.999368433247617372e-01 -1.123874377814874405e-02 0.000000000000000000e+00 -6.340840000000000032e+00 0.000000000000000000e+00 0.000000000000000000e+00 1.000000000000000000e+00 0.000000000000000000e+00
-1.519839520789370395e-02 -9.998844977211641671e-01 0.000000000000000000e+00 -2.292040000000000077e+01 9.998844977211641671e-01 -1.519839520789370395e-02 0.000000000000000000e+00 -6.110000000000000320e+00 0.000000000000000000e+00 0.000000000000000000e+00 1.000000000000000000e+00 0.000000000000000000e+00
1.590565605682500716e-02 -9.998734970512029863e-01 0.000000000000000000e+00 -2.291550000000000153e+01 9.998734970512029863e-01 1.590565605682500716e-02 0.000000000000000000e+00 -5.883440000000000225e+00 0.000000000000000000e+00 0.000000000000000000e+00 1.000000000000000000e+00 0.000000000000000000e+00
4.184410615222419749e-02 -9.991241518351567930e-01 0.000000000000000000e+00 -2.290340000000000131e+01 9.991241518351567930e-01 4.184410615222419749e-02 0.000000000000000000e+00 -5.669369999999999798e+00 0.000000000000000000e+00 0.000000000000000000e+00 1.000000000000000000e+00 0.000000000000000000e+00
1.891519868501335619e-02 -9.998210916252499025e-01 0.000000000000000000e+00 -2.289489999999999981e+01 9.998210916252499025e-01 1.891519868501335619e-02 0.000000000000000000e+00 -5.446349999999999802e+00 0.000000000000000000e+00 0.000000000000000000e+00 1.000000000000000000e+00 0.000000000000000000e+00
-7.436731365552622488e-04 -9.999997234750948039e-01 0.000000000000000000e+00 -2.289329999999999998e+01 9.999997234750948039e-01 -7.436731365552622488e-04 0.000000000000000000e+00 -5.223069999999999879e+00 0.000000000000000000e+00 0.000000000000000000e+00 1.000000000000000000e+00 0.000000000000000000e+00
-1.837794570563607011e-02 -9.998311112941228318e-01 0.000000000000000000e+00 -2.289529999999999887e+01 9.998311112941228318e-01 -1.837794570563607011e-02 0.000000000000000000e+00 -5.000060000000000393e+00 0.000000000000000000e+00 0.000000000000000000e+00 1.000000000000000000e+00 0.000000000000000000e+00
-9.648830660835194459e-03 -9.999534489499390943e-01 0.000000000000000000e+00 -2.289480000000000004e+01 9.999534489499390943e-01 -9.648830660835194459e-03 0.000000000000000000e+00 -4.777000000000000135e+00 0.000000000000000000e+00 0.000000000000000000e+00 1.000000000000000000e+00 0.000000000000000000e+00
1.521573961226311764e-02 -9.998842339331347473e-01 0.000000000000000000e+00 -2.289039999999999964e+01 9.998842339331347473e-01 1.521573961226311764e-02 0.000000000000000000e+00 -4.553759999999999586e+00 0.000000000000000000e+00 0.000000000000000000e+00 1.000000000000000000e+00 0.000000000000000000e+00
-3.318974291249813906e-03 -9.999944921896590788e-01 0.000000000000000000e+00 -2.288500000000000156e+01 9.999944921896590788e-01 -3.318974291249813906e-03 0.000000000000000000e+00 -4.335860000000000269e+00 0.000000000000000000e+00 0.000000000000000000e+00 1.000000000000000000e+00 0.000000000000000000e+00
-2.259705683152038111e-02 -9.997446539104637431e-01 0.000000000000000000e+00 -2.288569999999999993e+01 9.997446539104637431e-01 -2.259705683152038111e-02 0.000000000000000000e+00 -4.110219999999999985e+00 0.000000000000000000e+00 0.000000000000000000e+00 1.000000000000000000e+00 0.000000000000000000e+00
-5.367320507768993650e-05 -9.999999985595935392e-01 0.000000000000000000e+00 -2.288370000000000104e+01 9.999999985595935392e-01 -5.367320507768993650e-05 0.000000000000000000e+00 -3.891729999999999912e+00 0.000000000000000000e+00 0.000000000000000000e+00 1.000000000000000000e+00 0.000000000000000000e+00
3.390982474640181349e-02 -9.994248965208283320e-01 0.000000000000000000e+00 -2.287470000000000070e+01 9.994248965208283320e-01 3.390982474640181349e-02 0.000000000000000000e+00 -3.666319999999999801e+00 0.000000000000000000e+00 0.000000000000000000e+00 1.000000000000000000e+00 0.000000000000000000e+00
1.712548958363667786e-02 -9.998533480498631443e-01 0.000000000000000000e+00 -2.286619999999999919e+01 9.998533480498631443e-01 1.712548958363667786e-02 0.000000000000000000e+00 -3.443589999999999929e+00 0.000000000000000000e+00 0.000000000000000000e+00 1.000000000000000000e+00 0.000000000000000000e+00
9.616178585962937425e-03 -9.999537634857937896e-01 0.000000000000000000e+00 -2.286019999999999897e+01 9.999537634857937896e-01 9.616178585962937425e-03 0.000000000000000000e+00 -3.222869999999999902e+00 0.000000000000000000e+00 0.000000000000000000e+00 1.000000000000000000e+00 0.000000000000000000e+00
-1.225867333508963951e-02 -9.999248596409949785e-01 0.000000000000000000e+00 -2.285960000000000036e+01 9.999248596409949785e-01 -1.225867333508963951e-02 0.000000000000000000e+00 -2.997759999999999980e+00 0.000000000000000000e+00 0.000000000000000000e+00 1.000000000000000000e+00 0.000000000000000000e+00
-5.828947376189905737e-03 -9.999830115419389154e-01 0.000000000000000000e+00 -2.285839999999999961e+01 9.999830115419389154e-01 -5.828947376189905737e-03 0.000000000000000000e+00 -2.776819999999999844e+00 0.000000000000000000e+00 0.000000000000000000e+00 1.000000000000000000e+00 0.000000000000000000e+00
9.656176728798801512e-03 -9.999533780386874460e-01 0.000000000000000000e+00 -2.285600000000000165e+01 9.999533780386874460e-01 9.656176728798801512e-03 0.000000000000000000e+00 -2.550870000000000193e+00 0.000000000000000000e+00 0.000000000000000000e+00 1.000000000000000000e+00 0.000000000000000000e+00
1.395587373261220066e-02 -9.999026120519735050e-01 0.000000000000000000e+00 -2.285010000000000119e+01 9.999026120519735050e-01 1.395587373261220066e-02 0.000000000000000000e+00 -2.333320000000000061e+00 0.000000000000000000e+00 0.000000000000000000e+00 1.000000000000000000e+00 0.000000000000000000e+00
9.616178585962937425e-03 -9.999537634857937896e-01 0.000000000000000000e+00 -2.284400000000000119e+01 9.999537634857937896e-01 9.616178585962937425e-03 0.000000000000000000e+00 -2.112000000000000099e+00 0.000000000000000000e+00 0.000000000000000000e+00 1.000000000000000000e+00 0.000000000000000000e+00
-6.148941635979414747e-03 -9.999810950796806930e-01 0.000000000000000000e+00 -2.284430000000000049e+01 9.999810950796806930e-01 -6.148941635979414747e-03 0.000000000000000000e+00 -1.885019999999999918e+00 0.000000000000000000e+00 0.000000000000000000e+00 1.000000000000000000e+00 0.000000000000000000e+00
-2.695571493230233123e-02 -9.996366286968922932e-01 0.000000000000000000e+00 -2.284850000000000136e+01 9.996366286968922932e-01 -2.695571493230233123e-02 0.000000000000000000e+00 -1.661229999999999984e+00 0.000000000000000000e+00 0.000000000000000000e+00 1.000000000000000000e+00 0.000000000000000000e+00
-5.758948551158200521e-03 -9.999834171182965248e-01 0.000000000000000000e+00 -2.284929999999999950e+01 9.999834171182965248e-01 -5.758948551158200521e-03 0.000000000000000000e+00 -1.442409999999999970e+00 0.000000000000000000e+00 0.000000000000000000e+00 1.000000000000000000e+00 0.000000000000000000e+00
6.196660093785964774e-02 -9.980782235717839956e-01 0.000000000000000000e+00 -2.283549999999999969e+01 9.980782235717839956e-01 6.196660093785964774e-02 0.000000000000000000e+00 -1.219799999999999995e+00 0.000000000000000000e+00 0.000000000000000000e+00 1.000000000000000000e+00 0.000000000000000000e+00
4.991557553922931767e-02 -9.987534407042548690e-01 0.000000000000000000e+00 -2.282010000000000005e+01 9.987534407042548690e-01 4.991557553922931767e-02 0.000000000000000000e+00 -9.971210000000000351e-01 0.000000000000000000e+00 0.000000000000000000e+00 1.000000000000000000e+00 0.000000000000000000e+00
2.621332383625252574e-02 -9.996563717865533105e-01 0.000000000000000000e+00 -2.281129999999999924e+01 9.996563717865533105e-01 2.621332383625252574e-02 0.000000000000000000e+00 -7.760510000000000463e-01 0.000000000000000000e+00 0.000000000000000000e+00 1.000000000000000000e+00 0.000000000000000000e+00
1.244600545179221258e-02 -9.999225454745451769e-01 0.000000000000000000e+00 -2.280239999999999867e+01 9.999225454745451769e-01 1.244600545179221258e-02 0.000000000000000000e+00 -5.510800000000000143e-01 0.000000000000000000e+00 0.000000000000000000e+00 1.000000000000000000e+00 0.000000000000000000e+00
5.996290861038475369e-03 -9.999820220863522291e-01 0.000000000000000000e+00 -2.279609999999999914e+01 9.999820220863522291e-01 5.996290861038475369e-03 0.000000000000000000e+00 -3.337300000000000266e-01 0.000000000000000000e+00 0.000000000000000000e+00 1.000000000000000000e+00 0.000000000000000000e+00
1.562569085780732628e-02 -9.998779114397998713e-01 0.000000000000000000e+00 -2.279200000000000159e+01 9.998779114397998713e-01 1.562569085780732628e-02 0.000000000000000000e+00 -1.042130000000000001e-01 0.000000000000000000e+00 0.000000000000000000e+00 1.000000000000000000e+00 0.000000000000000000e+00
8.736215664284750770e-03 -9.999618385397850417e-01 0.000000000000000000e+00 -2.278440000000000154e+01 9.999618385397850417e-01 8.736215664284750770e-03 0.000000000000000000e+00 1.210589999999999999e-01 0.000000000000000000e+00 0.000000000000000000e+00 1.000000000000000000e+00 0.000000000000000000e+00
6.696276750242005811e-03 -9.999775796875068901e-01 0.000000000000000000e+00 -2.277860000000000085e+01 9.999775796875068901e-01 6.696276750242005811e-03 0.000000000000000000e+00 3.464659999999999962e-01 0.000000000000000000e+00 0.000000000000000000e+00 1.000000000000000000e+00 0.000000000000000000e+00
2.144468281114739541e-02 -9.997700363479240515e-01 0.000000000000000000e+00 -2.276950000000000074e+01 9.997700363479240515e-01 2.144468281114739541e-02 0.000000000000000000e+00 5.674519999999999564e-01 0.000000000000000000e+00 0.000000000000000000e+00 1.000000000000000000e+00 0.000000000000000000e+00
1.312594985279707215e-02 -9.999138510094066623e-01 0.000000000000000000e+00 -2.276510000000000034e+01 9.999138510094066623e-01 1.312594985279707215e-02 0.000000000000000000e+00 7.903559999999999475e-01 0.000000000000000000e+00 0.000000000000000000e+00 1.000000000000000000e+00 0.000000000000000000e+00
8.346229892751274096e-03 -9.999651696167108916e-01 0.000000000000000000e+00 -2.275979999999999848e+01 9.999651696167108916e-01 8.346229892751274096e-03 0.000000000000000000e+00 1.015959999999999974e+00 0.000000000000000000e+00 0.000000000000000000e+00 1.000000000000000000e+00 0.000000000000000000e+00
1.263599050963881178e-02 -9.999201626849216762e-01 0.000000000000000000e+00 -2.275469999999999970e+01 9.999201626849216762e-01 1.263599050963881178e-02 0.000000000000000000e+00 1.246159999999999934e+00 0.000000000000000000e+00 0.000000000000000000e+00 1.000000000000000000e+00 0.000000000000000000e+00
4.906307110702355645e-03 -9.999879640028350725e-01 0.000000000000000000e+00 -2.274790000000000134e+01 9.999879640028350725e-01 4.906307110702355645e-03 0.000000000000000000e+00 1.471999999999999975e+00 0.000000000000000000e+00 0.000000000000000000e+00 1.000000000000000000e+00 0.000000000000000000e+00
6.896272130920647753e-03 -9.999762204326142490e-01 0.000000000000000000e+00 -2.274309999999999832e+01 9.999762204326142490e-01 6.896272130920647753e-03 0.000000000000000000e+00 1.687820000000000098e+00 0.000000000000000000e+00 0.000000000000000000e+00 1.000000000000000000e+00 0.000000000000000000e+00
1.676326009796960887e-03 -9.999985949645673333e-01 0.000000000000000000e+00 -2.273710000000000164e+01 9.999985949645673333e-01 1.676326009796960887e-03 0.000000000000000000e+00 1.918460000000000054e+00 0.000000000000000000e+00 0.000000000000000000e+00 1.000000000000000000e+00 0.000000000000000000e+00
-9.128853586293072392e-03 -9.999583311479534053e-01 0.000000000000000000e+00 -2.273229999999999862e+01 9.999583311479534053e-01 -9.128853586293072392e-03 0.000000000000000000e+00 2.143670000000000186e+00 0.000000000000000000e+00 0.000000000000000000e+00 1.000000000000000000e+00 0.000000000000000000e+00
7.136266222907911363e-03 -9.999745365280037213e-01 0.000000000000000000e+00 -2.272850000000000037e+01 9.999745365280037213e-01 7.136266222907911363e-03 0.000000000000000000e+00 2.362000000000000099e+00 0.000000000000000000e+00 0.000000000000000000e+00 1.000000000000000000e+00 0.000000000000000000e+00
5.286302173642887930e-03 -9.999860274070477839e-01 0.000000000000000000e+00 -2.272230000000000061e+01 9.999860274070477839e-01 5.286302173642887930e-03 0.000000000000000000e+00 2.587959999999999816e+00 0.000000000000000000e+00 0.000000000000000000e+00 1.000000000000000000e+00 0.000000000000000000e+00
-4.618963960398504882e-03 -9.999893325290688528e-01 0.000000000000000000e+00 -2.271829999999999927e+01 9.999893325290688528e-01 -4.618963960398504882e-03 0.000000000000000000e+00 2.813530000000000086e+00 0.000000000000000000e+00 0.000000000000000000e+00 1.000000000000000000e+00 0.000000000000000000e+00
2.456324324839093739e-03 -9.999969832308551743e-01 0.000000000000000000e+00 -2.271499999999999986e+01 9.999969832308551743e-01 2.456324324839093739e-03 0.000000000000000000e+00 3.041980000000000128e+00 0.000000000000000000e+00 0.000000000000000000e+00 1.000000000000000000e+00 0.000000000000000000e+00
-4.408966100262685581e-03 -9.999902804617286645e-01 0.000000000000000000e+00 -2.271440000000000126e+01 9.999902804617286645e-01 -4.408966100262685581e-03 0.000000000000000000e+00 3.260149999999999881e+00 0.000000000000000000e+00 0.000000000000000000e+00 1.000000000000000000e+00 0.000000000000000000e+00
-5.125651003694490365e-02 -9.986855211621086248e-01 0.000000000000000000e+00 -2.271849999999999881e+01 9.986855211621086248e-01 -5.125651003694490365e-02 0.000000000000000000e+00 3.482969999999999899e+00 0.000000000000000000e+00 0.000000000000000000e+00 1.000000000000000000e+00 0.000000000000000000e+00
-2.907867143118729181e-01 -9.567879006235944228e-01 0.000000000000000000e+00 -2.276269999999999882e+01 9.567879006235944228e-01 -2.907867143118729181e-01 0.000000000000000000e+00 3.677529999999999966e+00 0.000000000000000000e+00 0.000000000000000000e+00 1.000000000000000000e+00 0.000000000000000000e+00
-8.081233241328517058e-01 -5.890133215747075379e-01 0.000000000000000000e+00 -2.284280000000000044e+01 5.890133215747075379e-01 -8.081233241328517058e-01 0.000000000000000000e+00 3.732979999999999965e+00 0.000000000000000000e+00 0.000000000000000000e+00 1.000000000000000000e+00 0.000000000000000000e+00
-9.546967270274454576e-01 -2.975805091115400480e-01 0.000000000000000000e+00 -2.305679999999999907e+01 2.975805091115400480e-01 -9.546967270274454576e-01 0.000000000000000000e+00 3.801590000000000025e+00 0.000000000000000000e+00 0.000000000000000000e+00 1.000000000000000000e+00 0.000000000000000000e+00
-9.986442814350340313e-01 -5.205381020736690040e-02 0.000000000000000000e+00 -2.326099999999999923e+01 5.205381020736690040e-02 -9.986442814350340313e-01 0.000000000000000000e+00 3.826169999999999849e+00 0.000000000000000000e+00 0.000000000000000000e+00 1.000000000000000000e+00 0.000000000000000000e+00
-9.954182600931861247e-01 9.561635567754112053e-02 0.000000000000000000e+00 -2.348430000000000106e+01 -9.561635567754112053e-02 -9.954182600931861247e-01 0.000000000000000000e+00 3.814869999999999983e+00 0.000000000000000000e+00 0.000000000000000000e+00 1.000000000000000000e+00 0.000000000000000000e+00
-9.963143511352366977e-01 8.577711654032386945e-02 0.000000000000000000e+00 -2.371750000000000114e+01 -8.577711654032386945e-02 -9.963143511352366977e-01 0.000000000000000000e+00 3.797550000000000203e+00 0.000000000000000000e+00 0.000000000000000000e+00 1.000000000000000000e+00 0.000000000000000000e+00
-9.999605077968342082e-01 -8.887229416268670537e-03 0.000000000000000000e+00 -2.393430000000000035e+01 8.887229416268670537e-03 -9.999605077968342082e-01 0.000000000000000000e+00 3.796310000000000073e+00 0.000000000000000000e+00 0.000000000000000000e+00 1.000000000000000000e+00 0.000000000000000000e+00
-9.906277997797316992e-01 -1.365890270247496485e-01 0.000000000000000000e+00 -2.414770000000000039e+01 1.365890270247496485e-01 -9.906277997797316992e-01 0.000000000000000000e+00 3.821829999999999838e+00 0.000000000000000000e+00 0.000000000000000000e+00 1.000000000000000000e+00 0.000000000000000000e+00
-9.983249953785168218e-01 -5.785502227537720615e-02 0.000000000000000000e+00 -2.436189999999999856e+01 5.785502227537720615e-02 -9.983249953785168218e-01 0.000000000000000000e+00 3.845320000000000071e+00 0.000000000000000000e+00 0.000000000000000000e+00 1.000000000000000000e+00 0.000000000000000000e+00
-9.854860249164056896e-01 1.697565748195379587e-01 0.000000000000000000e+00 -2.459199999999999875e+01 -1.697565748195379587e-01 -9.854860249164056896e-01 0.000000000000000000e+00 3.819980000000000153e+00 0.000000000000000000e+00 0.000000000000000000e+00 1.000000000000000000e+00 0.000000000000000000e+00
-8.991501239268365753e-01 4.376403256583589196e-01 0.000000000000000000e+00 -2.478849999999999909e+01 -4.376403256583589196e-01 -8.991501239268365753e-01 0.000000000000000000e+00 3.742449999999999832e+00 0.000000000000000000e+00 0.000000000000000000e+00 1.000000000000000000e+00 0.000000000000000000e+00
-5.618940187606691339e-01 8.272092308968661545e-01 0.000000000000000000e+00 -2.493619999999999948e+01 -8.272092308968661545e-01 -5.618940187606691339e-01 0.000000000000000000e+00 3.584400000000000031e+00 0.000000000000000000e+00 0.000000000000000000e+00 1.000000000000000000e+00 0.000000000000000000e+00
-1.652916022095139159e-01 9.862447395241263903e-01 0.000000000000000000e+00 -2.499650000000000105e+01 -9.862447395241263903e-01 -1.652916022095139159e-01 0.000000000000000000e+00 3.339630000000000098e+00 0.000000000000000000e+00 0.000000000000000000e+00 1.000000000000000000e+00 0.000000000000000000e+00
-7.795450283525535984e-02 9.969569175685116802e-01 0.000000000000000000e+00 -2.502100000000000080e+01 -9.969569175685116802e-01 -7.795450283525535984e-02 0.000000000000000000e+00 3.112169999999999881e+00 0.000000000000000000e+00 0.000000000000000000e+00 1.000000000000000000e+00 0.000000000000000000e+00
-7.676806918767473120e-02 9.970489775097292062e-01 0.000000000000000000e+00 -2.503930000000000078e+01 -9.970489775097292062e-01 -7.676806918767473120e-02 0.000000000000000000e+00 2.895059999999999967e+00 0.000000000000000000e+00 0.000000000000000000e+00 1.000000000000000000e+00 0.000000000000000000e+00
-1.046218663988587039e-01 9.945120738689999795e-01 0.000000000000000000e+00 -2.506400000000000006e+01 -9.945120738689999795e-01 -1.046218663988587039e-01 0.000000000000000000e+00 2.680769999999999875e+00 0.000000000000000000e+00 0.000000000000000000e+00 1.000000000000000000e+00 0.000000000000000000e+00
-2.544092800429141599e-02 9.996763272091024888e-01 0.000000000000000000e+00 -2.507789999999999964e+01 -9.996763272091024888e-01 -2.544092800429141599e-02 0.000000000000000000e+00 2.460679999999999978e+00 0.000000000000000000e+00 0.000000000000000000e+00 1.000000000000000000e+00 0.000000000000000000e+00
4.976576196213538389e-02 9.987609168045814556e-01 0.000000000000000000e+00 -2.507140000000000057e+01 -9.987609168045814556e-01 4.976576196213538389e-02 0.000000000000000000e+00 2.232209999999999805e+00 0.000000000000000000e+00 0.000000000000000000e+00 1.000000000000000000e+00 0.000000000000000000e+00
1.117609412333038336e-02 9.999375455097915255e-01 0.000000000000000000e+00 -2.506859999999999999e+01 -9.999375455097915255e-01 1.117609412333038336e-02 0.000000000000000000e+00 2.005119999999999791e+00 0.000000000000000000e+00 0.000000000000000000e+00 1.000000000000000000e+00 0.000000000000000000e+00
-2.674048536603385387e-02 9.996424092856349697e-01 0.000000000000000000e+00 -2.507610000000000028e+01 -9.996424092856349697e-01 -2.674048536603385387e-02 0.000000000000000000e+00 1.787449999999999983e+00 0.000000000000000000e+00 0.000000000000000000e+00 1.000000000000000000e+00 0.000000000000000000e+00
-5.883639258711111965e-03 9.999826912447401517e-01 0.000000000000000000e+00 -2.508449999999999847e+01 -9.999826912447401517e-01 -5.883639258711111965e-03 0.000000000000000000e+00 1.566969999999999974e+00 0.000000000000000000e+00 0.000000000000000000e+00 1.000000000000000000e+00 0.000000000000000000e+00
1.849527217055595488e-02 9.998289478242451400e-01 0.000000000000000000e+00 -2.508340000000000103e+01 -9.998289478242451400e-01 1.849527217055595488e-02 0.000000000000000000e+00 1.274869999999999948e+00 0.000000000000000000e+00 0.000000000000000000e+00 1.000000000000000000e+00 0.000000000000000000e+00
2.658319489107227249e-02 9.996466044304773702e-01 0.000000000000000000e+00 -2.507999999999999829e+01 -9.996466044304773702e-01 2.658319489107227249e-02 0.000000000000000000e+00 1.047139999999999960e+00 0.000000000000000000e+00 0.000000000000000000e+00 1.000000000000000000e+00 0.000000000000000000e+00
2.736323380197222370e-03 9.999962562601717453e-01 0.000000000000000000e+00 -2.508030000000000115e+01 -9.999962562601717453e-01 2.736323380197222370e-03 0.000000000000000000e+00 8.233249999999999735e-01 0.000000000000000000e+00 0.000000000000000000e+00 1.000000000000000000e+00 0.000000000000000000e+00
-4.602740601273713761e-02 9.989401773358296266e-01 0.000000000000000000e+00 -2.509339999999999904e+01 -9.989401773358296266e-01 -4.602740601273713761e-02 0.000000000000000000e+00 6.029250000000000442e-01 0.000000000000000000e+00 0.000000000000000000e+00 1.000000000000000000e+00 0.000000000000000000e+00
-5.502586699270250320e-02 9.984849292611789329e-01 0.000000000000000000e+00 -2.510970000000000013e+01 -9.984849292611789329e-01 -5.502586699270250320e-02 0.000000000000000000e+00 3.854850000000000221e-01 0.000000000000000000e+00 0.000000000000000000e+00 1.000000000000000000e+00 0.000000000000000000e+00
-2.336154770923367513e-02 9.997270818021432026e-01 0.000000000000000000e+00 -2.512010000000000076e+01 -9.997270818021432026e-01 -2.336154770923367513e-02 0.000000000000000000e+00 1.614740000000000064e-01 0.000000000000000000e+00 0.000000000000000000e+00 1.000000000000000000e+00 0.000000000000000000e+00
-2.585079314865386391e-02 9.996658124061188477e-01 0.000000000000000000e+00 -2.512829999999999941e+01 -9.996658124061188477e-01 -2.585079314865386391e-02 0.000000000000000000e+00 -6.735919999999999408e-02 0.000000000000000000e+00 0.000000000000000000e+00 1.000000000000000000e+00 0.000000000000000000e+00
-1.324235569293838177e-01 9.911932211078575694e-01 0.000000000000000000e+00 -2.515579999999999927e+01 -9.911932211078575694e-01 -1.324235569293838177e-01 0.000000000000000000e+00 -2.897270000000000123e-01 0.000000000000000000e+00 0.000000000000000000e+00 1.000000000000000000e+00 0.000000000000000000e+00
-9.858328779541684905e-02 9.951288034055922882e-01 0.000000000000000000e+00 -2.518250000000000099e+01 -9.951288034055922882e-01 -9.858328779541684905e-02 0.000000000000000000e+00 -5.059489999999999821e-01 0.000000000000000000e+00 0.000000000000000000e+00 1.000000000000000000e+00 0.000000000000000000e+00
1.114045901381410103e-01 9.937751341707805608e-01 0.000000000000000000e+00 -2.517399999999999949e+01 -9.937751341707805608e-01 1.114045901381410103e-01 0.000000000000000000e+00 -7.180010000000000003e-01 0.000000000000000000e+00 0.000000000000000000e+00 1.000000000000000000e+00 0.000000000000000000e+00
8.719545517827788361e-02 9.961912229066530733e-01 0.000000000000000000e+00 -2.515269999999999939e+01 -9.961912229066530733e-01 8.719545517827788361e-02 0.000000000000000000e+00 -9.634909999999999863e-01 0.000000000000000000e+00 0.000000000000000000e+00 1.000000000000000000e+00 0.000000000000000000e+00
-1.871258096462206921e-02 9.998249043275739822e-01 0.000000000000000000e+00 -2.515380000000000038e+01 -9.998249043275739822e-01 -1.871258096462206921e-02 0.000000000000000000e+00 -1.177019999999999955e+00 0.000000000000000000e+00 0.000000000000000000e+00 1.000000000000000000e+00 0.000000000000000000e+00
-1.624209342156177904e-01 9.867215616011063561e-01 0.000000000000000000e+00 -2.518309999999999960e+01 -9.867215616011063561e-01 -1.624209342156177904e-01 0.000000000000000000e+00 -1.376060000000000061e+00 0.000000000000000000e+00 0.000000000000000000e+00 1.000000000000000000e+00 0.000000000000000000e+00
-9.457212903344144883e-02 9.955180120972608737e-01 0.000000000000000000e+00 -2.521300000000000097e+01 -9.955180120972608737e-01 -9.457212903344144883e-02 0.000000000000000000e+00 -1.584600000000000009e+00 0.000000000000000000e+00 0.000000000000000000e+00 1.000000000000000000e+00 0.000000000000000000e+00
4.638967221938834762e-02 9.989234196430564205e-01 0.000000000000000000e+00 -2.521239999999999881e+01 -9.989234196430564205e-01 4.638967221938834762e-02 0.000000000000000000e+00 -1.812210000000000099e+00 0.000000000000000000e+00 0.000000000000000000e+00 1.000000000000000000e+00 0.000000000000000000e+00
3.847682652430161471e-02 9.992594927348045220e-01 0.000000000000000000e+00 -2.520560000000000045e+01 -9.992594927348045220e-01 3.847682652430161471e-02 0.000000000000000000e+00 -2.042269999999999808e+00 0.000000000000000000e+00 0.000000000000000000e+00 1.000000000000000000e+00 0.000000000000000000e+00
-2.982924783490313245e-02 9.995550089782972991e-01 0.000000000000000000e+00 -2.521259999999999835e+01 -9.995550089782972991e-01 -2.982924783490313245e-02 0.000000000000000000e+00 -2.256369999999999987e+00 0.000000000000000000e+00 0.000000000000000000e+00 1.000000000000000000e+00 0.000000000000000000e+00
-1.920249290169264919e-02 9.998156151342908471e-01 0.000000000000000000e+00 -2.522289999999999921e+01 -9.998156151342908471e-01 -1.920249290169264919e-02 0.000000000000000000e+00 -2.476910000000000167e+00 0.000000000000000000e+00 0.000000000000000000e+00 1.000000000000000000e+00 0.000000000000000000e+00
-3.503666036752478563e-03 9.999938621433147601e-01 0.000000000000000000e+00 -2.522660000000000124e+01 -9.999938621433147601e-01 -3.503666036752478563e-03 0.000000000000000000e+00 -2.695209999999999884e+00 0.000000000000000000e+00 0.000000000000000000e+00 1.000000000000000000e+00 0.000000000000000000e+00
2.504370820639866685e-02 9.996863571537188964e-01 0.000000000000000000e+00 -2.522550000000000026e+01 -9.996863571537188964e-01 2.504370820639866685e-02 0.000000000000000000e+00 -2.915570000000000217e+00 0.000000000000000000e+00 0.000000000000000000e+00 1.000000000000000000e+00 0.000000000000000000e+00
3.699788087513997126e-02 9.993153440284747724e-01 0.000000000000000000e+00 -2.522550000000000026e+01 -9.993153440284747724e-01 3.699788087513997126e-02 0.000000000000000000e+00 -3.142590000000000217e+00 0.000000000000000000e+00 0.000000000000000000e+00 1.000000000000000000e+00 0.000000000000000000e+00
2.405400660181400765e-02 9.997106605245339450e-01 0.000000000000000000e+00 -2.522100000000000009e+01 -9.997106605245339450e-01 2.405400660181400765e-02 0.000000000000000000e+00 -3.369510000000000005e+00 0.000000000000000000e+00 0.000000000000000000e+00 1.000000000000000000e+00 0.000000000000000000e+00
2.194456512790746508e-02 9.997591890357132582e-01 0.000000000000000000e+00 -2.522240000000000038e+01 -9.997591890357132582e-01 2.194456512790746508e-02 0.000000000000000000e+00 -3.583089999999999886e+00 0.000000000000000000e+00 0.000000000000000000e+00 1.000000000000000000e+00 0.000000000000000000e+00
1.517574423074382652e-02 9.998848417628116714e-01 0.000000000000000000e+00 -2.522019999999999840e+01 -9.998848417628116714e-01 1.517574423074382652e-02 0.000000000000000000e+00 -3.808190000000000186e+00 0.000000000000000000e+00 0.000000000000000000e+00 1.000000000000000000e+00 0.000000000000000000e+00
2.248443186423153967e-02 9.997471932062338418e-01 0.000000000000000000e+00 -2.522109999999999985e+01 -9.997471932062338418e-01 2.248443186423153967e-02 0.000000000000000000e+00 -4.028369999999999784e+00 0.000000000000000000e+00 0.000000000000000000e+00 1.000000000000000000e+00 0.000000000000000000e+00
2.235446453948738976e-02 9.997501077345042342e-01 0.000000000000000000e+00 -2.522109999999999985e+01 -9.997501077345042342e-01 2.235446453948738976e-02 0.000000000000000000e+00 -4.251960000000000406e+00 0.000000000000000000e+00 0.000000000000000000e+00 1.000000000000000000e+00 0.000000000000000000e+00
-2.598074948546159890e-02 9.996624433558428668e-01 0.000000000000000000e+00 -2.522769999999999868e+01 -9.996624433558428668e-01 -2.598074948546159890e-02 0.000000000000000000e+00 -4.476569999999999716e+00 0.000000000000000000e+00 0.000000000000000000e+00 1.000000000000000000e+00 0.000000000000000000e+00
-9.192371966697071572e-02 9.957660517222849395e-01 0.000000000000000000e+00 -2.524729999999999919e+01 -9.957660517222849395e-01 -9.192371966697071572e-02 0.000000000000000000e+00 -4.696139999999999759e+00 0.000000000000000000e+00 0.000000000000000000e+00 1.000000000000000000e+00 0.000000000000000000e+00
-7.454446093074799939e-02 9.972176910507274394e-01 0.000000000000000000e+00 -2.526679999999999993e+01 -9.972176910507274394e-01 -7.454446093074799939e-02 0.000000000000000000e+00 -4.921030000000000015e+00 0.000000000000000000e+00 0.000000000000000000e+00 1.000000000000000000e+00 0.000000000000000000e+00
-5.067196348479267864e-02 9.987153508966385429e-01 0.000000000000000000e+00 -2.528480000000000061e+01 -9.987153508966385429e-01 -5.067196348479267864e-02 0.000000000000000000e+00 -5.143299999999999983e+00 0.000000000000000000e+00 0.000000000000000000e+00 1.000000000000000000e+00 0.000000000000000000e+00
-4.040267306390960683e-02 9.991834786510888078e-01 0.000000000000000000e+00 -2.529929999999999879e+01 -9.991834786510888078e-01 -4.040267306390960683e-02 0.000000000000000000e+00 -5.358789999999999942e+00 0.000000000000000000e+00 0.000000000000000000e+00 1.000000000000000000e+00 0.000000000000000000e+00
-1.977238465201445680e-02 9.998045072938873679e-01 0.000000000000000000e+00 -2.530709999999999837e+01 -9.998045072938873679e-01 -1.977238465201445680e-02 0.000000000000000000e+00 -5.581059999999999910e+00 0.000000000000000000e+00 0.000000000000000000e+00 1.000000000000000000e+00 0.000000000000000000e+00
-9.733519504003184178e-03 9.999526281769878233e-01 0.000000000000000000e+00 -2.530999999999999872e+01 -9.999526281769878233e-01 -9.733519504003184178e-03 0.000000000000000000e+00 -5.804249999999999687e+00 0.000000000000000000e+00 0.000000000000000000e+00 1.000000000000000000e+00 0.000000000000000000e+00
