-3.230335961435689546e-02 -9.994781102943803841e-01 0.000000000000000000e+00 -2.304410000000000025e+01 9.994781102943807172e-01 -3.230335961435649994e-02 0.000000000000000000e+00 -1.348210000000000086e+01 0.000000000000000000e+00 0.000000000000000000e+00 1.000000000000000000e+00 0.000000000000000000e+00
-6.508934423980768103e-03 -9.999788166619653085e-01 0.000000000000000000e+00 -2.304314602591882633e+01 9.999788166619655305e-01 -6.508934423980423760e-03 0.000000000000000000e+00 -1.325590066305700176e+01 0.000000000000000000e+00 0.000000000000000000e+00 1.000000000000000000e+00 0.000000000000000000e+00
-6.958924217262159664e-03 -9.999757863937199787e-01 0.000000000000000000e+00 -2.304068207055750506e+01 9.999757863937202007e-01 -6.958924217261818791e-03 0.000000000000000000e+00 -1.303871733168928948e+01 0.000000000000000000e+00 0.000000000000000000e+00 1.000000000000000000e+00 0.000000000000000000e+00
4.301006354727161286e-03 -9.999907506293927995e-01 0.000000000000000000e+00 -2.303591172853033697e+01 9.999907506293931325e-01 4.301006354727498690e-03 0.000000000000000000e+00 -1.281255017705152355e+01 0.000000000000000000e+00 0.000000000000000000e+00 1.000000000000000000e+00 0.000000000000000000e+00
7.730942603421245458e-03 -9.999701158166991455e-01 0.000000000000000000e+00 -2.303184486835708000e+01 9.999701158166993675e-01 7.730942603421600209e-03 0.000000000000000000e+00 -1.258732595044982894e+01 0.000000000000000000e+00 0.000000000000000000e+00 1.000000000000000000e+00 0.000000000000000000e+00
-2.344683152183000066e-02 -9.997250852567355350e-01 0.000000000000000000e+00 -2.303149816680987527e+01 9.997250852567357571e-01 -2.344683152182968147e-02 0.000000000000000000e+00 -1.237041045538772543e+01 0.000000000000000000e+00 0.000000000000000000e+00 1.000000000000000000e+00 0.000000000000000000e+00
-8.268886151660791162e-03 -9.999658121765018226e-01 0.000000000000000000e+00 -2.303058897766142366e+01 9.999658121765020447e-01 -8.268886151660402584e-03 0.000000000000000000e+00 -1.214626863984432426e+01 0.000000000000000000e+00 0.000000000000000000e+00 1.000000000000000000e+00 0.000000000000000000e+00
3.740229357947102984e-02 -9.993002894200497810e-01 0.000000000000000000e+00 -2.301919693851342430e+01 9.993002894200500030e-01 3.740229357947139760e-02 0.000000000000000000e+00 -1.192157333004892372e+01 0.000000000000000000e+00 0.000000000000000000e+00 1.000000000000000000e+00 0.000000000000000000e+00
5.284639093696694850e-02 -9.986026531934197870e-01 0.000000000000000000e+00 -2.300468188463118224e+01 9.986026531934200090e-01 5.284639093696727463e-02 0.000000000000000000e+00 -1.169890169981553285e+01 0.000000000000000000e+00 0.000000000000000000e+00 1.000000000000000000e+00 0.000000000000000000e+00
3.740229357947102984e-02 -9.993002894200497810e-01 0.000000000000000000e+00 -2.299253273629935279e+01 9.993002894200500030e-01 3.740229357947139760e-02 0.000000000000000000e+00 -1.148130323338065395e+01 0.000000000000000000e+00 0.000000000000000000e+00 1.000000000000000000e+00 0.000000000000000000e+00
1.633029370517601747e-02 -9.998666518628884781e-01 0.000000000000000000e+00 -2.298512661188104289e+01 9.998666518628887001e-01 1.633029370517640952e-02 0.000000000000000000e+00 -1.126052676062800550e+01 0.000000000000000000e+00 0.000000000000000000e+00 1.000000000000000000e+00 0.000000000000000000e+00
2.517835855379212465e-02 -9.996829748778043312e-01 0.000000000000000000e+00 -2.297968144277574254e+01 9.996829748778045532e-01 2.517835855379248547e-02 0.000000000000000000e+00 -1.103068713973244641e+01 0.000000000000000000e+00 0.000000000000000000e+00 1.000000000000000000e+00 0.000000000000000000e+00
8.391223160100824696e-02 -9.964731493561373998e-01 0.000000000000000000e+00 -2.296005544277370802e+01 9.964731493561376219e-01 8.391223160100860778e-02 0.000000000000000000e+00 -1.081241696718493550e+01 0.000000000000000000e+00 0.000000000000000000e+00 1.000000000000000000e+00 0.000000000000000000e+00
6.419684259595490050e-02 -9.979372552423876330e-01 0.000000000000000000e+00 -2.294121325059511207e+01 9.979372552423878551e-01 6.419684259595521969e-02 0.000000000000000000e+00 -1.059761450934540150e+01 0.000000000000000000e+00 0.000000000000000000e+00 1.000000000000000000e+00 0.000000000000000000e+00
4.486595378215321728e-02 -9.989930160873087273e-01 0.000000000000000000e+00 -2.292745856238351365e+01 9.989930160873089493e-01 4.486595378215352259e-02 0.000000000000000000e+00 -1.037746088309272707e+01 0.000000000000000000e+00 0.000000000000000000e+00 1.000000000000000000e+00 0.000000000000000000e+00
2.655789664642132022e-02 -9.996472768560509259e-01 0.000000000000000000e+00 -2.291839874164054791e+01 9.996472768560511479e-01 2.655789664642171574e-02 0.000000000000000000e+00 -1.015704132554824568e+01 0.000000000000000000e+00 0.000000000000000000e+00 1.000000000000000000e+00 0.000000000000000000e+00
-7.808901019433726366e-03 -9.999695100676163628e-01 0.000000000000000000e+00 -2.291522377889949880e+01 9.999695100676165849e-01 -7.808901019433342992e-03 0.000000000000000000e+00 -9.938529134328641490e+00 0.000000000000000000e+00 0.000000000000000000e+00 1.000000000000000000e+00 0.000000000000000000e+00
4.891000114779199548e-03 -9.999880389874057363e-01 0.000000000000000000e+00 -2.291306712858368755e+01 9.999880389874059583e-01 4.891000114779595065e-03 0.000000000000000000e+00 -9.722448555702484896e+00 0.000000000000000000e+00 0.000000000000000000e+00 1.000000000000000000e+00 0.000000000000000000e+00
1.821001304449417282e-02 -9.998341839649810270e-01 0.000000000000000000e+00 -2.290837326283158148e+01 9.998341839649812490e-01 1.821001304449453712e-02 0.000000000000000000e+00 -9.501811197749887583e+00 0.000000000000000000e+00 0.000000000000000000e+00 1.000000000000000000e+00 0.000000000000000000e+00
1.582035961107663286e-02 -9.998748502796618309e-01 0.000000000000000000e+00 -2.290517122683846551e+01 9.998748502796620530e-01 1.582035961107701103e-02 0.000000000000000000e+00 -9.273286625842406039e+00 0.000000000000000000e+00 0.000000000000000000e+00 1.000000000000000000e+00 0.000000000000000000e+00
1.001019448133391200e-03 -9.999994989799068090e-01 0.000000000000000000e+00 -2.290456364553993751e+01 9.999994989799070311e-01 1.001019448133766985e-03 0.000000000000000000e+00 -9.052772472453181507e+00 0.000000000000000000e+00 0.000000000000000000e+00 1.000000000000000000e+00 0.000000000000000000e+00
-1.008980213492173192e-03 -9.999994909793348263e-01 0.000000000000000000e+00 -2.290295203447198702e+01 9.999994909793351594e-01 -1.008980213491815188e-03 0.000000000000000000e+00 -8.834133665491185283e+00 0.000000000000000000e+00 0.000000000000000000e+00 1.000000000000000000e+00 0.000000000000000000e+00
-1.808979398069070817e-03 -9.999983637954301674e-01 0.000000000000000000e+00 -2.290180439384774758e+01 9.999983637954303894e-01 -1.808979398068720186e-03 0.000000000000000000e+00 -8.610705951406746550e+00 0.000000000000000000e+00 0.000000000000000000e+00 1.000000000000000000e+00 0.000000000000000000e+00
-2.418978025593575016e-03 -9.999970742683760294e-01 0.000000000000000000e+00 -2.290078214794897704e+01 9.999970742683761404e-01 -2.418978025593248021e-03 0.000000000000000000e+00 -8.387171110468420565e+00 0.000000000000000000e+00 0.000000000000000000e+00 1.000000000000000000e+00 0.000000000000000000e+00
2.808732529860793331e-02 -9.996054732531081122e-01 0.000000000000000000e+00 -2.289551786250585863e+01 9.996054732531083342e-01 2.808732529860830107e-02 0.000000000000000000e+00 -8.163524911978992549e+00 0.000000000000000000e+00 0.000000000000000000e+00 1.000000000000000000e+00 0.000000000000000000e+00
7.732375890389515949e-02 -9.970060362450030578e-01 0.000000000000000000e+00 -2.287965901407051916e+01 9.970060362450032798e-01 7.732375890389550643e-02 0.000000000000000000e+00 -7.941688695534730336e+00 0.000000000000000000e+00 0.000000000000000000e+00 1.000000000000000000e+00 0.000000000000000000e+00
8.623378416276732128e-02 -9.962749291580960120e-01 0.000000000000000000e+00 -2.285792406056629389e+01 9.962749291580962341e-01 8.623378416276761271e-02 0.000000000000000000e+00 -7.719191276232462151e+00 0.000000000000000000e+00 0.000000000000000000e+00 1.000000000000000000e+00 0.000000000000000000e+00
5.888693298084433925e-02 -9.982646588576146174e-01 0.000000000000000000e+00 -2.284340214730929830e+01 9.982646588576148394e-01 5.888693298084472783e-02 0.000000000000000000e+00 -7.505562568809147628e+00 0.000000000000000000e+00 0.000000000000000000e+00 1.000000000000000000e+00 0.000000000000000000e+00
3.954070892284320543e-02 -9.992179603759527851e-01 0.000000000000000000e+00 -2.283182075671438582e+01 9.992179603759530071e-01 3.954070892284355931e-02 0.000000000000000000e+00 -7.284218952023191029e+00 0.000000000000000000e+00 0.000000000000000000e+00 1.000000000000000000e+00 0.000000000000000000e+00
4.436645168667760486e-02 -9.990153241891406299e-01 0.000000000000000000e+00 -2.282213236671467271e+01 9.990153241891408520e-01 4.436645168667790323e-02 0.000000000000000000e+00 -7.063216727601776768e+00 0.000000000000000000e+00 0.000000000000000000e+00 1.000000000000000000e+00 0.000000000000000000e+00
4.515565986614398369e-02 -9.989799629532382097e-01 0.000000000000000000e+00 -2.281232523554965752e+01 9.989799629532384317e-01 4.515565986614435839e-02 0.000000000000000000e+00 -6.843725893446197972e+00 0.000000000000000000e+00 0.000000000000000000e+00 1.000000000000000000e+00 0.000000000000000000e+00
3.671276753086869654e-02 -9.993258591171473304e-01 0.000000000000000000e+00 -2.280280906706833122e+01 9.993258591171475524e-01 3.671276753086905043e-02 0.000000000000000000e+00 -6.631808185508811349e+00 0.000000000000000000e+00 0.000000000000000000e+00 1.000000000000000000e+00 0.000000000000000000e+00
4.480601412046519155e-02 -9.989957062463465931e-01 0.000000000000000000e+00 -2.279082911140369561e+01 9.989957062463468151e-01 4.480601412046555238e-02 0.000000000000000000e+00 -6.431762888982566650e+00 0.000000000000000000e+00 0.000000000000000000e+00 1.000000000000000000e+00 0.000000000000000000e+00
3.755218820154624521e-02 -9.992946678339055255e-01 0.000000000000000000e+00 -2.278033196152238560e+01 9.992946678339058586e-01 3.755218820154659215e-02 0.000000000000000000e+00 -6.225653156208080574e+00 0.000000000000000000e+00 0.000000000000000000e+00 1.000000000000000000e+00 0.000000000000000000e+00
6.749965720597017604e-02 -9.977192973362180028e-01 0.000000000000000000e+00 -2.276533516161280701e+01 9.977192973362182249e-01 6.749965720597052299e-02 0.000000000000000000e+00 -6.023827761144743498e+00 0.000000000000000000e+00 0.000000000000000000e+00 1.000000000000000000e+00 0.000000000000000000e+00
8.470938318354842567e-02 -9.964057007066262628e-01 0.000000000000000000e+00 -2.274400979351907637e+01 9.964057007066264848e-01 8.470938318354884200e-02 0.000000000000000000e+00 -5.834928265421047477e+00 0.000000000000000000e+00 0.000000000000000000e+00 1.000000000000000000e+00 0.000000000000000000e+00
6.180161059580179667e-02 -9.980884534587928236e-01 0.000000000000000000e+00 -2.272786309345309519e+01 9.980884534587930457e-01 6.180161059580217831e-02 0.000000000000000000e+00 -5.636703541632667402e+00 0.000000000000000000e+00 0.000000000000000000e+00 1.000000000000000000e+00 0.000000000000000000e+00
3.905108739499011522e-02 -9.992372153664358381e-01 0.000000000000000000e+00 -2.271867713956125101e+01 9.992372153664361711e-01 3.905108739499046910e-02 0.000000000000000000e+00 -5.438034119407967104e+00 0.000000000000000000e+00 0.000000000000000000e+00 1.000000000000000000e+00 0.000000000000000000e+00
1.662025434346322064e-02 -9.998618740333879984e-01 0.000000000000000000e+00 -2.271371757797733437e+01 9.998618740333883315e-01 1.662025434346359534e-02 0.000000000000000000e+00 -5.239182551473752447e+00 0.000000000000000000e+00 0.000000000000000000e+00 1.000000000000000000e+00 0.000000000000000000e+00
2.540828497001937011e-02 -9.996771574137734984e-01 0.000000000000000000e+00 -2.270728861193281745e+01 9.996771574137737204e-01 2.540828497001969624e-02 0.000000000000000000e+00 -5.040389460297023838e+00 0.000000000000000000e+00 0.000000000000000000e+00 1.000000000000000000e+00 0.000000000000000000e+00
3.430428792608237326e-02 -9.994114347103921769e-01 0.000000000000000000e+00 -2.269698665393068637e+01 9.994114347103925100e-01 3.430428792608272714e-02 0.000000000000000000e+00 -4.841539121445610938e+00 0.000000000000000000e+00 0.000000000000000000e+00 1.000000000000000000e+00 0.000000000000000000e+00
1.254069088187695705e-02 -9.999213624441699588e-01 0.000000000000000000e+00 -2.268912741578578718e+01 9.999213624441702919e-01 1.254069088187730052e-02 0.000000000000000000e+00 -4.647988519917789496e+00 0.000000000000000000e+00 0.000000000000000000e+00 1.000000000000000000e+00 0.000000000000000000e+00
-8.788867232605605470e-03 -9.999613771605219137e-01 0.000000000000000000e+00 -2.268824359562496795e+01 9.999613771605222468e-01 -8.788867232605300159e-03 0.000000000000000000e+00 -4.446514980806759887e+00 0.000000000000000000e+00 0.000000000000000000e+00 1.000000000000000000e+00 0.000000000000000000e+00
1.653026670760960465e-02 -9.998633658068363239e-01 0.000000000000000000e+00 -2.268511482769718057e+01 9.998633658068365460e-01 1.653026670760995853e-02 0.000000000000000000e+00 -4.251913550456046131e+00 0.000000000000000000e+00 0.000000000000000000e+00 1.000000000000000000e+00 0.000000000000000000e+00
4.195869824367262635e-02 -9.991193460451541775e-01 0.000000000000000000e+00 -2.267418705228678277e+01 9.991193460451543995e-01 4.195869824367295942e-02 0.000000000000000000e+00 -4.050653300431680925e+00 0.000000000000000000e+00 0.000000000000000000e+00 1.000000000000000000e+00 0.000000000000000000e+00
2.122942464899221782e-02 -9.997746303688010983e-01 0.000000000000000000e+00 -2.266561027120448912e+01 9.997746303688013203e-01 2.122942464899256476e-02 0.000000000000000000e+00 -3.851926628856708668e+00 0.000000000000000000e+00 0.000000000000000000e+00 1.000000000000000000e+00 0.000000000000000000e+00
1.633029370517601747e-02 -9.998666518628884781e-01 0.000000000000000000e+00 -2.266067725378597331e+01 9.998666518628887001e-01 1.633029370517640952e-02 0.000000000000000000e+00 -3.655058209784098899e+00 0.000000000000000000e+00 0.000000000000000000e+00 1.000000000000000000e+00 0.000000000000000000e+00
-3.648972286964098210e-03 -9.999933424784632763e-01 0.000000000000000000e+00 -2.266048941705751574e+01 9.999933424784634983e-01 -3.648972286963728714e-03 0.000000000000000000e+00 -3.453834772775972617e+00 0.000000000000000000e+00 0.000000000000000000e+00 1.000000000000000000e+00 0.000000000000000000e+00
7.790940796418537560e-03 -9.999696501601970100e-01 0.000000000000000000e+00 -2.265927531983831500e+01 9.999696501601972320e-01 7.790940796418897515e-03 0.000000000000000000e+00 -3.256422820308695343e+00 0.000000000000000000e+00 0.000000000000000000e+00 1.000000000000000000e+00 0.000000000000000000e+00
4.061008453011319061e-03 -9.999917540711745767e-01 0.000000000000000000e+00 -2.265562740873504310e+01 9.999917540711749098e-01 4.061008453011687690e-03 0.000000000000000000e+00 -3.054331299594484683e+00 0.000000000000000000e+00 0.000000000000000000e+00 1.000000000000000000e+00 0.000000000000000000e+00
1.143077067179248084e-02 -9.999346666066983857e-01 0.000000000000000000e+00 -2.265289488183985611e+01 9.999346666066986078e-01 1.143077067179283299e-02 0.000000000000000000e+00 -2.860503107068816053e+00 0.000000000000000000e+00 0.000000000000000000e+00 1.000000000000000000e+00 0.000000000000000000e+00
1.312064313023421878e-02 -9.999139206570979432e-01 0.000000000000000000e+00 -2.264923321077715102e+01 9.999139206570981653e-01 1.312064313023454838e-02 0.000000000000000000e+00 -2.662944106036141623e+00 0.000000000000000000e+00 0.000000000000000000e+00 1.000000000000000000e+00 0.000000000000000000e+00
-4.868961146583604405e-03 -9.999881465384242718e-01 0.000000000000000000e+00 -2.265073475332176400e+01 9.999881465384246049e-01 -4.868961146583220163e-03 0.000000000000000000e+00 -2.459486301629461469e+00 0.000000000000000000e+00 0.000000000000000000e+00 1.000000000000000000e+00 0.000000000000000000e+00
-2.618598681324567704e-02 -9.996570882530751989e-01 0.000000000000000000e+00 -2.265662416745592012e+01 9.996570882530754210e-01 -2.618598681324530927e-02 0.000000000000000000e+00 -2.259276011181752697e+00 0.000000000000000000e+00 0.000000000000000000e+00 1.000000000000000000e+00 0.000000000000000000e+00
-8.178889195197715581e-03 -9.999665523263929767e-01 0.000000000000000000e+00 -2.265912173584385414e+01 9.999665523263931988e-01 -8.178889195197353024e-03 0.000000000000000000e+00 -2.064138962541193667e+00 0.000000000000000000e+00 0.000000000000000000e+00 1.000000000000000000e+00 0.000000000000000000e+00
6.456607497769610571e-02 -9.979134341023646604e-01 0.000000000000000000e+00 -2.264778133087288126e+01 9.979134341023649934e-01 6.456607497769654980e-02 0.000000000000000000e+00 -1.865040172702846721e+00 0.000000000000000000e+00 0.000000000000000000e+00 1.000000000000000000e+00 0.000000000000000000e+00
5.406464654336526343e-02 -9.985374374524678132e-01 0.000000000000000000e+00 -2.263382764846987172e+01 9.985374374524681462e-01 5.406464654336557568e-02 0.000000000000000000e+00 -1.665921862024506428e+00 0.000000000000000000e+00 0.000000000000000000e+00 1.000000000000000000e+00 0.000000000000000000e+00
1.936980818609199823e-02 -9.998123876662231568e-01 0.000000000000000000e+00 -2.262602936067026604e+01 9.998123876662234899e-01 1.936980818609240415e-02 0.000000000000000000e+00 -1.468486173489241375e+00 0.000000000000000000e+00 0.000000000000000000e+00 1.000000000000000000e+00 0.000000000000000000e+00
1.641028298498294416e-02 -9.998653422398202650e-01 0.000000000000000000e+00 -2.262031294034018458e+01 9.998653422398204871e-01 1.641028298498327723e-02 0.000000000000000000e+00 -1.266885844772718039e+00 0.000000000000000000e+00 0.000000000000000000e+00 1.000000000000000000e+00 0.000000000000000000e+00
1.843997442312389490e-02 -9.998299692164036578e-01 0.000000000000000000e+00 -2.261505656407578968e+01 9.998299692164038799e-01 1.843997442312426960e-02 0.000000000000000000e+00 -1.073224581458220195e+00 0.000000000000000000e+00 0.000000000000000000e+00 1.000000000000000000e+00 0.000000000000000000e+00
1.857995043764525123e-02 -9.998273778216590912e-01 0.000000000000000000e+00 -2.261002318034653058e+01 9.998273778216594243e-01 1.857995043764563287e-02 0.000000000000000000e+00 -8.672000510055719591e-01 0.000000000000000000e+00 0.000000000000000000e+00 1.000000000000000000e+00 0.000000000000000000e+00
1.890989245465957147e-02 -9.998211919975257267e-01 0.000000000000000000e+00 -2.260349737871586839e+01 9.998211919975260598e-01 1.890989245465994617e-02 0.000000000000000000e+00 -6.653916311785562643e-01 0.000000000000000000e+00 0.000000000000000000e+00 1.000000000000000000e+00 0.000000000000000000e+00
1.954977410110902633e-02 -9.998088849038079262e-01 0.000000000000000000e+00 -2.259726679602729860e+01 9.998088849038081483e-01 1.954977410110938715e-02 0.000000000000000000e+00 -4.635479157961822638e-01 0.000000000000000000e+00 0.000000000000000000e+00 1.000000000000000000e+00 0.000000000000000000e+00
5.045958193611135151e-02 -9.987261038897665699e-01 0.000000000000000000e+00 -2.258700900925428101e+01 9.987261038897669030e-01 5.045958193611167764e-02 0.000000000000000000e+00 -2.663249825188387931e-01 0.000000000000000000e+00 0.000000000000000000e+00 1.000000000000000000e+00 0.000000000000000000e+00
3.695260467742640664e-02 -9.993170192724398770e-01 0.000000000000000000e+00 -2.257815056348374227e+01 9.993170192724400991e-01 3.695260467742674665e-02 0.000000000000000000e+00 -6.727496282898751123e-02 0.000000000000000000e+00 0.000000000000000000e+00 1.000000000000000000e+00 0.000000000000000000e+00
3.833162654004526604e-02 -9.992650731446558465e-01 0.000000000000000000e+00 -2.256929756942734144e+01 9.992650731446561796e-01 3.833162654004560604e-02 0.000000000000000000e+00 1.344720126037000363e-01 0.000000000000000000e+00 0.000000000000000000e+00 1.000000000000000000e+00 0.000000000000000000e+00
4.000034498499911717e-02 -9.991996659332313957e-01 0.000000000000000000e+00 -2.255921461874457634e+01 9.991996659332316177e-01 4.000034498499948493e-02 0.000000000000000000e+00 3.411461379932348437e-01 0.000000000000000000e+00 0.000000000000000000e+00 1.000000000000000000e+00 0.000000000000000000e+00
4.174888225735592234e-02 -9.991281353411390898e-01 0.000000000000000000e+00 -2.254819018735320668e+01 9.991281353411393118e-01 4.174888225735626929e-02 0.000000000000000000e+00 5.428435160438614959e-01 0.000000000000000000e+00 0.000000000000000000e+00 1.000000000000000000e+00 0.000000000000000000e+00
4.369710151149899108e-02 -9.990448254805656125e-01 0.000000000000000000e+00 -2.253718344979667165e+01 9.990448254805659456e-01 4.369710151149931027e-02 0.000000000000000000e+00 7.345842989471372819e-01 0.000000000000000000e+00 0.000000000000000000e+00 1.000000000000000000e+00 0.000000000000000000e+00
4.442639252623320489e-02 -9.990126604038134239e-01 0.000000000000000000e+00 -2.252370162386998231e+01 9.990126604038136460e-01 4.442639252623357959e-02 0.000000000000000000e+00 9.525179823686811265e-01 0.000000000000000000e+00 0.000000000000000000e+00 1.000000000000000000e+00 0.000000000000000000e+00
5.207745130367848890e-02 -9.986430488746782519e-01 0.000000000000000000e+00 -2.251225374805907364e+01 9.986430488746784739e-01 5.207745130367886360e-02 0.000000000000000000e+00 1.170721937739383600e+00 0.000000000000000000e+00 0.000000000000000000e+00 1.000000000000000000e+00 0.000000000000000000e+00
7.577830728135626082e-02 -9.971246903700521358e-01 0.000000000000000000e+00 -2.249806097359039825e+01 9.971246903700524689e-01 7.577830728135667715e-02 0.000000000000000000e+00 1.381795989088385079e+00 0.000000000000000000e+00 0.000000000000000000e+00 1.000000000000000000e+00 0.000000000000000000e+00
8.467949097441226924e-02 -9.964082415397388370e-01 0.000000000000000000e+00 -2.247920794827679458e+01 9.964082415397390591e-01 8.467949097441268558e-02 0.000000000000000000e+00 1.600117251077508573e+00 0.000000000000000000e+00 0.000000000000000000e+00 1.000000000000000000e+00 0.000000000000000000e+00
8.240746205316057393e-02 -9.965987207487058130e-01 0.000000000000000000e+00 -2.245611701693652762e+01 9.965987207487060351e-01 8.240746205316100415e-02 0.000000000000000000e+00 1.826244315556396547e+00 0.000000000000000000e+00 0.000000000000000000e+00 1.000000000000000000e+00 0.000000000000000000e+00
9.312588694492188179e-02 -9.956543422195885951e-01 0.000000000000000000e+00 -2.243171416263890805e+01 9.956543422195888171e-01 9.312588694492225649e-02 0.000000000000000000e+00 2.055269889678874140e+00 0.000000000000000000e+00 0.000000000000000000e+00 1.000000000000000000e+00 0.000000000000000000e+00
7.914814945713530281e-02 -9.968628644088969315e-01 0.000000000000000000e+00 -2.241004817266452775e+01 9.968628644088971535e-01 7.914814945713566363e-02 0.000000000000000000e+00 2.274243937863650533e+00 0.000000000000000000e+00 0.000000000000000000e+00 1.000000000000000000e+00 0.000000000000000000e+00
2.516836172278448525e-02 -9.996832266114057397e-01 0.000000000000000000e+00 -2.239429968068362342e+01 9.996832266114059617e-01 2.516836172278482178e-02 0.000000000000000000e+00 2.498579638545303627e+00 0.000000000000000000e+00 0.000000000000000000e+00 1.000000000000000000e+00 0.000000000000000000e+00
-2.263794116339096774e-01 -9.740391994105190854e-01 0.000000000000000000e+00 -2.242244748714776392e+01 9.740391994105194184e-01 -2.263794116339094276e-01 0.000000000000000000e+00 2.697670835214710738e+00 0.000000000000000000e+00 0.000000000000000000e+00 1.000000000000000000e+00 0.000000000000000000e+00
-7.931591799946257071e-01 -6.090143801177876348e-01 0.000000000000000000e+00 -2.249743647875754959e+01 6.090143801177880789e-01 -7.931591799946255961e-01 0.000000000000000000e+00 2.759668137876583049e+00 0.000000000000000000e+00 0.000000000000000000e+00 1.000000000000000000e+00 0.000000000000000000e+00
-9.469310579172126596e-01 -3.214367302468533194e-01 0.000000000000000000e+00 -2.270890472498252066e+01 3.214367302468537080e-01 -9.469310579172128817e-01 0.000000000000000000e+00 2.835699469171880427e+00 0.000000000000000000e+00 0.000000000000000000e+00 1.000000000000000000e+00 0.000000000000000000e+00
-9.971929118003810544e-01 -7.487520721225006393e-02 0.000000000000000000e+00 -2.291143534450599262e+01 7.487520721225048026e-02 -9.971929118003813874e-01 0.000000000000000000e+00 2.867270718045473732e+00 0.000000000000000000e+00 0.000000000000000000e+00 1.000000000000000000e+00 0.000000000000000000e+00
-9.981196810308824441e-01 6.129520649128808452e-02 0.000000000000000000e+00 -2.313380679637110759e+01 -6.129520649128779308e-02 -9.981196810308826661e-01 0.000000000000000000e+00 2.863228714161269117e+00 0.000000000000000000e+00 0.000000000000000000e+00 1.000000000000000000e+00 0.000000000000000000e+00
-9.989076208752118990e-01 4.672863102450256628e-02 0.000000000000000000e+00 -2.336645904059153978e+01 -4.672863102450223322e-02 -9.989076208752121211e-01 0.000000000000000000e+00 2.856039440262132523e+00 0.000000000000000000e+00 0.000000000000000000e+00 1.000000000000000000e+00 0.000000000000000000e+00
-9.984490253884735766e-01 -5.567354578978452734e-02 0.000000000000000000e+00 -2.358186087082676963e+01 5.567354578978486040e-02 -9.984490253884739097e-01 0.000000000000000000e+00 2.865431544995035829e+00 0.000000000000000000e+00 0.000000000000000000e+00 1.000000000000000000e+00 0.000000000000000000e+00
-9.876332593571782725e-01 -1.567818389084545960e-01 0.000000000000000000e+00 -2.379280304642815835e+01 1.567818389084550401e-01 -9.876332593571784946e-01 0.000000000000000000e+00 2.902798121671959386e+00 0.000000000000000000e+00 0.000000000000000000e+00 1.000000000000000000e+00 0.000000000000000000e+00
-9.970247712922384320e-01 -7.708180997913773036e-02 0.000000000000000000e+00 -2.400539626411547545e+01 7.708180997913813282e-02 -9.970247712922385430e-01 0.000000000000000000e+00 2.932605137513063731e+00 0.000000000000000000e+00 0.000000000000000000e+00 1.000000000000000000e+00 0.000000000000000000e+00
-9.858941170984314439e-01 1.673702179920445454e-01 0.000000000000000000e+00 -2.423467561578322460e+01 -1.673702179920442679e-01 -9.858941170984316660e-01 0.000000000000000000e+00 2.913577029388036088e+00 0.000000000000000000e+00 0.000000000000000000e+00 1.000000000000000000e+00 0.000000000000000000e+00
-8.910411358538843363e-01 4.539225641188368576e-01 0.000000000000000000e+00 -2.443037068753696417e+01 -4.539225641188365801e-01 -8.910411358538847804e-01 0.000000000000000000e+00 2.838545144223803440e+00 0.000000000000000000e+00 0.000000000000000000e+00 1.000000000000000000e+00 0.000000000000000000e+00
-5.433015196069407304e-01 8.395376458460865887e-01 0.000000000000000000e+00 -2.457401306332244317e+01 -8.395376458460865887e-01 -5.433015196069411745e-01 0.000000000000000000e+00 2.679903350302075715e+00 0.000000000000000000e+00 0.000000000000000000e+00 1.000000000000000000e+00 0.000000000000000000e+00
-1.521573498146454595e-01 9.883562823685513310e-01 0.000000000000000000e+00 -2.462788533522334689e+01 -9.883562823685516641e-01 -1.521573498146458758e-01 0.000000000000000000e+00 2.435784366156567238e+00 0.000000000000000000e+00 0.000000000000000000e+00 1.000000000000000000e+00 0.000000000000000000e+00
-6.376737794924115799e-02 9.979647897142858159e-01 0.000000000000000000e+00 -2.464838940262287892e+01 -9.979647897142860380e-01 -6.376737794924149105e-02 0.000000000000000000e+00 2.209903543331618980e+00 0.000000000000000000e+00 0.000000000000000000e+00 1.000000000000000000e+00 0.000000000000000000e+00
-6.794129460710378321e-02 9.976893206239659806e-01 0.000000000000000000e+00 -2.466918954947463405e+01 -9.976893206239662026e-01 -6.794129460710419954e-02 0.000000000000000000e+00 1.967975140098458864e+00 0.000000000000000000e+00 0.000000000000000000e+00 1.000000000000000000e+00 0.000000000000000000e+00
-1.021183507472936958e-01 9.947722565696396346e-01 0.000000000000000000e+00 -2.469743782160247036e+01 -9.947722565696398567e-01 -1.021183507472941260e-01 0.000000000000000000e+00 1.729213490703520595e+00 0.000000000000000000e+00 0.000000000000000000e+00 1.000000000000000000e+00 0.000000000000000000e+00
-2.737525286205509667e-02 9.996252275381702912e-01 0.000000000000000000e+00 -2.471618721696521703e+01 -9.996252275381705132e-01 -2.737525286205550606e-02 0.000000000000000000e+00 1.484939769084654859e+00 0.000000000000000000e+00 0.000000000000000000e+00 1.000000000000000000e+00 0.000000000000000000e+00
4.072805860248601695e-02 9.991702683939671648e-01 0.000000000000000000e+00 -2.471568981966845158e+01 -9.991702683939674978e-01 4.072805860248567000e-02 0.000000000000000000e+00 1.232274559378354173e+00 0.000000000000000000e+00 0.000000000000000000e+00 1.000000000000000000e+00 0.000000000000000000e+00
2.694323535032982966e-03 9.999963703037568763e-01 0.000000000000000000e+00 -2.472063028516621586e+01 -9.999963703037572094e-01 2.694323535032609133e-03 0.000000000000000000e+00 9.813840745036482849e-01 0.000000000000000000e+00 0.000000000000000000e+00 1.000000000000000000e+00 0.000000000000000000e+00
-2.708136186628906650e-02 9.996332326605928964e-01 0.000000000000000000e+00 -2.473534562213498234e+01 -9.996332326605932295e-01 -2.708136186628942385e-02 0.000000000000000000e+00 7.397376086534389605e-01 0.000000000000000000e+00 0.000000000000000000e+00 1.000000000000000000e+00 0.000000000000000000e+00
-2.471015787686396681e-02 9.996946574318082979e-01 0.000000000000000000e+00 -2.474932659397016721e+01 -9.996946574318085199e-01 -2.471015787686433110e-02 0.000000000000000000e+00 4.954222089616798219e-01 0.000000000000000000e+00 0.000000000000000000e+00 1.000000000000000000e+00 0.000000000000000000e+00
-5.478645797296581924e-03 9.999849921074954739e-01 0.000000000000000000e+00 -2.475911020477281710e+01 -9.999849921074958070e-01 -5.478645797296946215e-03 0.000000000000000000e+00 1.793317800719995414e-01 0.000000000000000000e+00 0.000000000000000000e+00 1.000000000000000000e+00 0.000000000000000000e+00
1.494777009434896525e-02 9.998882758434597395e-01 0.000000000000000000e+00 -2.476673115462957497e+01 -9.998882758434599616e-01 1.494777009434857841e-02 0.000000000000000000e+00 -7.248544349358694572e-02 0.000000000000000000e+00 0.000000000000000000e+00 1.000000000000000000e+00 0.000000000000000000e+00
-2.151671544837834970e-03 9.999976851521023002e-01 0.000000000000000000e+00 -2.477514016537303121e+01 -9.999976851521025223e-01 -2.151671544838154159e-03 0.000000000000000000e+00 -3.205670834315642592e-01 0.000000000000000000e+00 0.000000000000000000e+00 1.000000000000000000e+00 0.000000000000000000e+00
-5.716249711222387564e-02 9.983648876657748028e-01 0.000000000000000000e+00 -2.479518494223403025e+01 -9.983648876657749138e-01 -5.716249711222420871e-02 0.000000000000000000e+00 -5.650266968845709670e-01 0.000000000000000000e+00 0.000000000000000000e+00 1.000000000000000000e+00 0.000000000000000000e+00
-6.478127708902479964e-02 9.978994869919090016e-01 0.000000000000000000e+00 -2.481960457851597823e+01 -9.978994869919092237e-01 -6.478127708902518822e-02 0.000000000000000000e+00 -8.069545856197404277e-01 0.000000000000000000e+00 0.000000000000000000e+00 1.000000000000000000e+00 0.000000000000000000e+00
-3.212514497887877102e-02 9.994838543268651510e-01 0.000000000000000000e+00 -2.483783239430248102e+01 -9.994838543268653730e-01 -3.212514497887914572e-02 0.000000000000000000e+00 -1.055644722498254140e+00 0.000000000000000000e+00 0.000000000000000000e+00 1.000000000000000000e+00 0.000000000000000000e+00
-3.041598145236135489e-02 9.995373270029936918e-01 0.000000000000000000e+00 -2.485380353234279838e+01 -9.995373270029940249e-01 -3.041598145236173306e-02 0.000000000000000000e+00 -1.309357134315467741e+00 0.000000000000000000e+00 0.000000000000000000e+00 1.000000000000000000e+00 0.000000000000000000e+00
-1.346999764091216245e-01 9.908864295949270096e-01 0.000000000000000000e+00 -2.488811395455890363e+01 -9.908864295949272316e-01 -1.346999764091220131e-01 0.000000000000000000e+00 -1.556855394673318793e+00 0.000000000000000000e+00 0.000000000000000000e+00 1.000000000000000000e+00 0.000000000000000000e+00
-6.014634996991206906e-02 9.981895694632842986e-01 0.000000000000000000e+00 -2.492092266586878679e+01 -9.981895694632845206e-01 -6.014634996991249927e-02 0.000000000000000000e+00 -1.798496387650885930e+00 0.000000000000000000e+00 0.000000000000000000e+00 1.000000000000000000e+00 0.000000000000000000e+00
1.212075651590642233e-01 9.926271838652270807e-01 0.000000000000000000e+00 -2.490415309469899086e+01 -9.926271838652273027e-01 1.212075651590639458e-01 0.000000000000000000e+00 -2.000779787569865409e+00 0.000000000000000000e+00 0.000000000000000000e+00 1.000000000000000000e+00 0.000000000000000000e+00
8.571103401407459410e-02 9.963200382649333164e-01 0.000000000000000000e+00 -2.488046238107127905e+01 -9.963200382649335385e-01 8.571103401407424716e-02 0.000000000000000000e+00 -2.236559972947706587e+00 0.000000000000000000e+00 0.000000000000000000e+00 1.000000000000000000e+00 0.000000000000000000e+00
-2.210587239779225263e-02 9.997556353457242029e-01 0.000000000000000000e+00 -2.488149045516672686e+01 -9.997556353457244249e-01 -2.210587239779263080e-02 0.000000000000000000e+00 -2.440959843516781635e+00 0.000000000000000000e+00 0.000000000000000000e+00 1.000000000000000000e+00 0.000000000000000000e+00
-1.529954211331679415e-01 9.882268975859159754e-01 0.000000000000000000e+00 -2.491114485979359827e+01 -9.882268975859163085e-01 -1.529954211331683023e-01 0.000000000000000000e+00 -2.630511811024970559e+00 0.000000000000000000e+00 0.000000000000000000e+00 1.000000000000000000e+00 0.000000000000000000e+00
-7.737625474353854171e-02 9.970019634894723426e-01 0.000000000000000000e+00 -2.493838096203350929e+01 -9.970019634894725646e-01 -7.737625474353891641e-02 0.000000000000000000e+00 -2.829758804555054130e+00 0.000000000000000000e+00 0.000000000000000000e+00 1.000000000000000000e+00 0.000000000000000000e+00
5.571745790815579857e-02 9.984465758788764189e-01 0.000000000000000000e+00 -2.493340426189296721e+01 -9.984465758788766410e-01 5.571745790815545857e-02 0.000000000000000000e+00 -3.048174516425128378e+00 0.000000000000000000e+00 0.000000000000000000e+00 1.000000000000000000e+00 0.000000000000000000e+00
4.408803156898248587e-02 9.990276500039289020e-01 0.000000000000000000e+00 -2.492432726392458875e+01 -9.990276500039291241e-01 4.408803156898211811e-02 0.000000000000000000e+00 -3.268703650572709396e+00 0.000000000000000000e+00 0.000000000000000000e+00 1.000000000000000000e+00 0.000000000000000000e+00
-1.408720723050160481e-02 9.999007703729630991e-01 0.000000000000000000e+00 -2.492993554352352348e+01 -9.999007703729633212e-01 -1.408720723050199339e-02 0.000000000000000000e+00 -3.473541633622583280e+00 0.000000000000000000e+00 0.000000000000000000e+00 1.000000000000000000e+00 0.000000000000000000e+00
-1.048748094737803407e-02 9.999450048594564766e-01 0.000000000000000000e+00 -2.493632624884646987e+01 -9.999450048594566987e-01 -1.048748094737834979e-02 0.000000000000000000e+00 -3.684952310943940379e+00 0.000000000000000000e+00 0.000000000000000000e+00 1.000000000000000000e+00 0.000000000000000000e+00
8.379228738797818779e-03 9.999648936466434268e-01 0.000000000000000000e+00 -2.493789498638579261e+01 -9.999648936466437599e-01 8.379228738797464895e-03 0.000000000000000000e+00 -3.893911228347655573e+00 0.000000000000000000e+00 0.000000000000000000e+00 1.000000000000000000e+00 0.000000000000000000e+00
4.257845103508765827e-02 9.990931265439937370e-01 0.000000000000000000e+00 -2.493389256626684158e+01 -9.990931265439939590e-01 4.257845103508732520e-02 0.000000000000000000e+00 -4.104918243001651312e+00 0.000000000000000000e+00 0.000000000000000000e+00 1.000000000000000000e+00 0.000000000000000000e+00
3.025770792410500953e-02 9.995421307334573235e-01 0.000000000000000000e+00 -2.492955686106128610e+01 -9.995421307334574346e-01 3.025770792410465912e-02 0.000000000000000000e+00 -4.322685540271858251e+00 0.000000000000000000e+00 0.000000000000000000e+00 1.000000000000000000e+00 0.000000000000000000e+00
3.308528776036747526e-02 9.994525320063047946e-01 0.000000000000000000e+00 -2.492619839113109137e+01 -9.994525320063050167e-01 3.308528776036710056e-02 0.000000000000000000e+00 -4.540166636185337445e+00 0.000000000000000000e+00 0.000000000000000000e+00 1.000000000000000000e+00 0.000000000000000000e+00
1.729246485317837215e-02 9.998504741506610838e-01 0.000000000000000000e+00 -2.492555277946504333e+01 -9.998504741506613058e-01 1.729246485317802520e-02 0.000000000000000000e+00 -4.744356742668430549e+00 0.000000000000000000e+00 0.000000000000000000e+00 1.000000000000000000e+00 0.000000000000000000e+00
2.256841054903693800e-02 9.997453009868514373e-01 0.000000000000000000e+00 -2.492391947532616214e+01 -9.997453009868516594e-01 2.256841054903661534e-02 0.000000000000000000e+00 -4.960242782785873494e+00 0.000000000000000000e+00 0.000000000000000000e+00 1.000000000000000000e+00 0.000000000000000000e+00
2.481977783597217116e-02 9.996919418641789790e-01 0.000000000000000000e+00 -2.492260364321673904e+01 -9.996919418641793120e-01 2.481977783597182075e-02 0.000000000000000000e+00 -5.171321525168566247e+00 0.000000000000000000e+00 0.000000000000000000e+00 1.000000000000000000e+00 0.000000000000000000e+00
1.370189802169316344e-02 9.999061245890051852e-01 0.000000000000000000e+00 -2.492187600131672554e+01 -9.999061245890054073e-01 1.370189802169284252e-02 0.000000000000000000e+00 -5.385642740724249755e+00 0.000000000000000000e+00 0.000000000000000000e+00 1.000000000000000000e+00 0.000000000000000000e+00
-4.654784757472171103e-02 9.989160614817245154e-01 0.000000000000000000e+00 -2.493016017263656892e+01 -9.989160614817247374e-01 -4.654784757472202328e-02 0.000000000000000000e+00 -5.600979890574302011e+00 0.000000000000000000e+00 0.000000000000000000e+00 1.000000000000000000e+00 0.000000000000000000e+00
-1.064635222853496793e-01 9.943166087432094846e-01 0.000000000000000000e+00 -2.495381723280781472e+01 -9.943166087432098177e-01 -1.064635222853500818e-01 0.000000000000000000e+00 -5.810814024127577859e+00 0.000000000000000000e+00 0.000000000000000000e+00 1.000000000000000000e+00 0.000000000000000000e+00
-7.573209405006006700e-02 9.971282013516580278e-01 0.000000000000000000e+00 -2.497604629081048699e+01 -9.971282013516583609e-01 -7.573209405006037231e-02 0.000000000000000000e+00 -6.026015029191014172e+00 0.000000000000000000e+00 0.000000000000000000e+00 1.000000000000000000e+00 0.000000000000000000e+00
-5.847529713773318150e-02 9.982888558050990735e-01 0.000000000000000000e+00 -2.499401740542243289e+01 -9.982888558050992955e-01 -5.847529713773361865e-02 0.000000000000000000e+00 -6.238920404040041667e+00 0.000000000000000000e+00 0.000000000000000000e+00 1.000000000000000000e+00 0.000000000000000000e+00
-5.676514337003916305e-02 9.983875592665300003e-01 0.000000000000000000e+00 -2.501008717946039184e+01 -9.983875592665302223e-01 -5.676514337003947530e-02 0.000000000000000000e+00 -6.444824564421440805e+00 0.000000000000000000e+00 0.000000000000000000e+00 1.000000000000000000e+00 0.000000000000000000e+00
-3.981914305575968982e-02 9.992069034220615320e-01 0.000000000000000000e+00 -2.502123346020196593e+01 -9.992069034220618651e-01 -3.981914305576006452e-02 0.000000000000000000e+00 -6.657780363886095287e+00 0.000000000000000000e+00 0.000000000000000000e+00 1.000000000000000000e+00 0.000000000000000000e+00
-2.296965290828965889e-02 9.997361627175805898e-01 0.000000000000000000e+00 -2.502823655350233878e+01 -9.997361627175808119e-01 -2.296965290829003012e-02 0.000000000000000000e+00 -6.871468623470533998e+00 0.000000000000000000e+00 0.000000000000000000e+00 1.000000000000000000e+00 0.000000000000000000e+00
