-1.150466925457014483e-01 -9.933600850317542141e-01 0.000000000000000000e+00 -2.286431321140403128e+01 9.933600850317544362e-01 -1.150466925457011153e-01 0.000000000000000000e+00 -1.355688608179877441e+01 0.000000000000000000e+00 0.000000000000000000e+00 1.000000000000000000e+00 0.000000000000000000e+00
-8.938255778782197569e-02 -9.959973686528020842e-01 0.000000000000000000e+00 -2.288211394435406376e+01 9.959973686528021952e-01 -8.938255778782155936e-02 0.000000000000000000e+00 -1.333138622812600182e+01 0.000000000000000000e+00 0.000000000000000000e+00 1.000000000000000000e+00 0.000000000000000000e+00
-8.983074753860541273e-02 -9.959570456584232456e-01 0.000000000000000000e+00 -2.289766248642402502e+01 9.959570456584234677e-01 -8.983074753860509354e-02 0.000000000000000000e+00 -1.311474617333580639e+01 0.000000000000000000e+00 0.000000000000000000e+00 1.000000000000000000e+00 0.000000000000000000e+00
-7.861081352680389378e-02 -9.969053816670131463e-01 0.000000000000000000e+00 -2.291165731931369365e+01 9.969053816670133683e-01 -7.861081352680358847e-02 0.000000000000000000e+00 -1.288896202275745040e+01 0.000000000000000000e+00 0.000000000000000000e+00 1.000000000000000000e+00 0.000000000000000000e+00
-7.519097234874311253e-02 -9.971691519883925103e-01 0.000000000000000000e+00 -2.292627504606810618e+01 9.971691519883926214e-01 -7.519097234874276559e-02 0.000000000000000000e+00 -1.266417587179495641e+01 0.000000000000000000e+00 0.000000000000000000e+00 1.000000000000000000e+00 0.000000000000000000e+00
-1.062411218097926574e-01 -9.943403964621955193e-01 0.000000000000000000e+00 -2.294391135144577376e+01 9.943403964621956304e-01 -1.062411218097922549e-01 0.000000000000000000e+00 -1.244797824707945111e+01 0.000000000000000000e+00 0.000000000000000000e+00 1.000000000000000000e+00 0.000000000000000000e+00
-9.113537381598871279e-02 -9.958385128319847679e-01 0.000000000000000000e+00 -2.296158615121915858e+01 9.958385128319849899e-01 -9.113537381598840748e-02 0.000000000000000000e+00 -1.222453254550304891e+01 0.000000000000000000e+00 0.000000000000000000e+00 1.000000000000000000e+00 0.000000000000000000e+00
-4.556622139844797303e-02 -9.989613203059801716e-01 0.000000000000000000e+00 -2.296886006582916551e+01 9.989613203059801716e-01 -4.556622139844759833e-02 0.000000000000000000e+00 -1.199966624974878115e+01 0.000000000000000000e+00 0.000000000000000000e+00 1.000000000000000000e+00 0.000000000000000000e+00
-3.011744927343177128e-02 -9.995463667330602986e-01 0.000000000000000000e+00 -2.297285395640010464e+01 9.995463667330604096e-01 -3.011744927343136535e-02 0.000000000000000000e+00 -1.177655777716625529e+01 0.000000000000000000e+00 0.000000000000000000e+00 1.000000000000000000e+00 0.000000000000000000e+00
-4.556622139844797303e-02 -9.989613203059801716e-01 0.000000000000000000e+00 -2.297878505517468994e+01 9.989613203059801716e-01 -4.556622139844759833e-02 0.000000000000000000e+00 -1.155870113515751285e+01 0.000000000000000000e+00 0.000000000000000000e+00 1.000000000000000000e+00 0.000000000000000000e+00
-6.081445565701191353e-02 -9.981490880540544453e-01 0.000000000000000000e+00 -2.298806197782782590e+01 9.981490880540545563e-01 -6.081445565701153189e-02 0.000000000000000000e+00 -1.133250331442068948e+01 0.000000000000000000e+00 0.000000000000000000e+00 1.000000000000000000e+00 0.000000000000000000e+00
-4.662509460057533833e-02 -9.989124589039255486e-01 0.000000000000000000e+00 -2.299869789658671237e+01 9.989124589039256596e-01 -4.662509460057492200e-02 0.000000000000000000e+00 -1.109737151195204241e+01 0.000000000000000000e+00 0.000000000000000000e+00 1.000000000000000000e+00 0.000000000000000000e+00
1.719714804204676775e-02 -9.998521181150835657e-01 0.000000000000000000e+00 -2.299311001582024616e+01 9.998521181150836767e-01 1.719714804204713204e-02 0.000000000000000000e+00 -1.087270995919203109e+01 0.000000000000000000e+00 0.000000000000000000e+00 1.000000000000000000e+00 0.000000000000000000e+00
2.087994290569082385e-03 -9.999978201375450126e-01 0.000000000000000000e+00 -2.298698228466327365e+01 9.999978201375450126e-01 2.087994290569514331e-03 0.000000000000000000e+00 -1.065159897843605918e+01 0.000000000000000000e+00 0.000000000000000000e+00 1.000000000000000000e+00 0.000000000000000000e+00
-1.297164038919876305e-02 -9.999158647334346339e-01 0.000000000000000000e+00 -2.298523301345412762e+01 9.999158647334348560e-01 -1.297164038919834152e-02 0.000000000000000000e+00 -1.042549469331470924e+01 0.000000000000000000e+00 0.000000000000000000e+00 1.000000000000000000e+00 0.000000000000000000e+00
-2.740857134245244797e-02 -9.996243145386994877e-01 0.000000000000000000e+00 -2.298723138753980066e+01 9.996243145386995987e-01 -2.740857134245210103e-02 0.000000000000000000e+00 -1.019940284781599615e+01 0.000000000000000000e+00 0.000000000000000000e+00 1.000000000000000000e+00 0.000000000000000000e+00
-5.826898051802897188e-02 -9.983009195174513684e-01 0.000000000000000000e+00 -2.299414871122907655e+01 9.983009195174514794e-01 -5.826898051802859718e-02 0.000000000000000000e+00 -9.975531460557647279e+00 0.000000000000000000e+00 0.000000000000000000e+00 1.000000000000000000e+00 0.000000000000000000e+00
-4.253916406015674501e-02 -9.990948000670718532e-01 0.000000000000000000e+00 -2.300118045694477686e+01 9.990948000670719642e-01 -4.253916406015634255e-02 0.000000000000000000e+00 -9.754126935192447334e+00 0.000000000000000000e+00 0.000000000000000000e+00 1.000000000000000000e+00 0.000000000000000000e+00
-2.658887028162967847e-02 -9.996464534910060040e-01 0.000000000000000000e+00 -2.300524936206771187e+01 9.996464534910060040e-01 -2.658887028162930377e-02 0.000000000000000000e+00 -9.528017733895595143e+00 0.000000000000000000e+00 0.000000000000000000e+00 1.000000000000000000e+00 0.000000000000000000e+00
-2.676880621154702905e-02 -9.996416513001085136e-01 0.000000000000000000e+00 -2.301055150716351605e+01 9.996416513001087356e-01 -2.676880621154668558e-02 0.000000000000000000e+00 -9.294099133187179618e+00 0.000000000000000000e+00 0.000000000000000000e+00 1.000000000000000000e+00 0.000000000000000000e+00
-3.980148804992454659e-02 -9.992076068310383752e-01 0.000000000000000000e+00 -2.301761066535511091e+01 9.992076068310384862e-01 -3.980148804992419270e-02 0.000000000000000000e+00 -9.068278699245460928e+00 0.000000000000000000e+00 0.000000000000000000e+00 1.000000000000000000e+00 0.000000000000000000e+00
-4.044097272329601894e-02 -9.991819292427145394e-01 0.000000000000000000e+00 -2.302318319786768086e+01 9.991819292427146504e-01 -4.044097272329563036e-02 0.000000000000000000e+00 -8.844278716920916494e+00 0.000000000000000000e+00 0.000000000000000000e+00 1.000000000000000000e+00 0.000000000000000000e+00
-4.031107873113415341e-02 -9.991871781260663887e-01 0.000000000000000000e+00 -2.302911476289316894e+01 9.991871781260666108e-01 -4.031107873113375095e-02 0.000000000000000000e+00 -8.615501539220979055e+00 0.000000000000000000e+00 0.000000000000000000e+00 1.000000000000000000e+00 0.000000000000000000e+00
-4.040100541378400384e-02 -9.991835460822774406e-01 0.000000000000000000e+00 -2.303496759947699957e+01 9.991835460822775516e-01 -4.040100541378370547e-02 0.000000000000000000e+00 -8.386631615456577649e+00 0.000000000000000000e+00 0.000000000000000000e+00 1.000000000000000000e+00 0.000000000000000000e+00
-9.791847711311890690e-03 -9.999520587100151348e-01 0.000000000000000000e+00 -2.303646019550317448e+01 9.999520587100152458e-01 -9.791847711311498642e-03 0.000000000000000000e+00 -8.157467069426651562e+00 0.000000000000000000e+00 0.000000000000000000e+00 1.000000000000000000e+00 0.000000000000000000e+00
3.926789716038671385e-02 -9.992287186888698658e-01 0.000000000000000000e+00 -2.302728715466408005e+01 9.992287186888698658e-01 3.926789716038713712e-02 0.000000000000000000e+00 -7.929735349366040964e+00 0.000000000000000000e+00 0.000000000000000000e+00 1.000000000000000000e+00 0.000000000000000000e+00
4.764994568806656811e-02 -9.988640961992395484e-01 0.000000000000000000e+00 -2.301230493190807280e+01 9.988640961992396594e-01 4.764994568806691505e-02 0.000000000000000000e+00 -7.701099524523804973e+00 0.000000000000000000e+00 0.000000000000000000e+00 1.000000000000000000e+00 0.000000000000000000e+00
1.937678306924110402e-02 -9.998122525143841033e-01 0.000000000000000000e+00 -2.300433227749224940e+01 9.998122525143842143e-01 1.937678306924152036e-02 0.000000000000000000e+00 -7.481597754185691507e+00 0.000000000000000000e+00 0.000000000000000000e+00 1.000000000000000000e+00 0.000000000000000000e+00
-1.242003872935542848e-03 -9.999992287128920410e-01 0.000000000000000000e+00 -2.299978857070331628e+01 9.999992287128921520e-01 -1.242003872935187664e-03 0.000000000000000000e+00 -7.254492904328590619e+00 0.000000000000000000e+00 0.000000000000000000e+00 1.000000000000000000e+00 0.000000000000000000e+00
1.967994537406690583e-03 -9.999980634968750337e-01 0.000000000000000000e+00 -2.299740600512661715e+01 9.999980634968751447e-01 1.967994537407065283e-03 0.000000000000000000e+00 -7.027774666241592527e+00 0.000000000000000000e+00 0.000000000000000000e+00 1.000000000000000000e+00 0.000000000000000000e+00
7.679957322540791444e-04 -9.999997050912338148e-01 0.000000000000000000e+00 -2.299517622218188961e+01 9.999997050912339258e-01 7.679957322544188249e-04 0.000000000000000000e+00 -6.802626000538197104e+00 0.000000000000000000e+00 0.000000000000000000e+00 1.000000000000000000e+00 0.000000000000000000e+00
-1.607131227644360144e-02 -9.998708481207521093e-01 0.000000000000000000e+00 -2.299411691697443416e+01 9.998708481207522203e-01 -1.607131227644320939e-02 0.000000000000000000e+00 -6.577812121134639867e+00 0.000000000000000000e+00 0.000000000000000000e+00 1.000000000000000000e+00 0.000000000000000000e+00
-2.162002507954475031e-03 -9.999976628698463710e-01 0.000000000000000000e+00 -2.299153298470116980e+01 9.999976628698464820e-01 -2.162002507954053059e-03 0.000000000000000000e+00 -6.349876077047691858e+00 0.000000000000000000e+00 0.000000000000000000e+00 1.000000000000000000e+00 0.000000000000000000e+00
-3.871994517140108644e-03 -9.999925038011326928e-01 0.000000000000000000e+00 -2.298940947389854728e+01 9.999925038011328038e-01 -3.871994517139720933e-03 0.000000000000000000e+00 -6.116043844609835745e+00 0.000000000000000000e+00 0.000000000000000000e+00 1.000000000000000000e+00 0.000000000000000000e+00
3.154276290744595368e-02 -9.995024032528205815e-01 0.000000000000000000e+00 -2.298139482071588446e+01 9.995024032528206925e-01 3.154276290744638389e-02 0.000000000000000000e+00 -5.886266560070303022e+00 0.000000000000000000e+00 0.000000000000000000e+00 1.000000000000000000e+00 0.000000000000000000e+00
5.431125986627181879e-02 -9.985240543180406991e-01 0.000000000000000000e+00 -2.296533915654173086e+01 9.985240543180408102e-01 5.431125986627223512e-02 0.000000000000000000e+00 -5.669202443162586036e+00 0.000000000000000000e+00 0.000000000000000000e+00 1.000000000000000000e+00 0.000000000000000000e+00
3.683965782716625698e-02 -9.993211894136823092e-01 0.000000000000000000e+00 -2.295350797707455115e+01 9.993211894136823092e-01 3.683965782716665943e-02 0.000000000000000000e+00 -5.443138838216070141e+00 0.000000000000000000e+00 0.000000000000000000e+00 1.000000000000000000e+00 0.000000000000000000e+00
1.927680174727221252e-02 -9.998141851936267477e-01 0.000000000000000000e+00 -2.294747157167170926e+01 9.998141851936268587e-01 1.927680174727258028e-02 0.000000000000000000e+00 -5.216867207926691563e+00 0.000000000000000000e+00 0.000000000000000000e+00 1.000000000000000000e+00 0.000000000000000000e+00
1.677995020303614960e-03 -9.999985921653644638e-01 0.000000000000000000e+00 -2.294452100433530362e+01 9.999985921653646859e-01 1.677995020304018283e-03 0.000000000000000000e+00 -4.990585407694341669e+00 0.000000000000000000e+00 0.000000000000000000e+00 1.000000000000000000e+00 0.000000000000000000e+00
1.495743802624172926e-02 -9.998881312665384158e-01 0.000000000000000000e+00 -2.293898283285378170e+01 9.998881312665385268e-01 1.495743802624214733e-02 0.000000000000000000e+00 -4.764473090038631398e+00 0.000000000000000000e+00 0.000000000000000000e+00 1.000000000000000000e+00 0.000000000000000000e+00
2.812428688374146377e-02 -9.996044340074129453e-01 0.000000000000000000e+00 -2.292858052575747863e+01 9.996044340074129453e-01 2.812428688374189051e-02 0.000000000000000000e+00 -4.538307985420455992e+00 0.000000000000000000e+00 0.000000000000000000e+00 1.000000000000000000e+00 0.000000000000000000e+00
1.036781005688125132e-02 -9.999462528129317018e-01 0.000000000000000000e+00 -2.291969304415172104e+01 9.999462528129319239e-01 1.036781005688162602e-02 0.000000000000000000e+00 -4.317482848083903590e+00 0.000000000000000000e+00 0.000000000000000000e+00 1.000000000000000000e+00 0.000000000000000000e+00
-7.441935498491315283e-03 -9.999723084146058261e-01 0.000000000000000000e+00 -2.291686979188718709e+01 9.999723084146059371e-01 -7.441935498490957930e-03 0.000000000000000000e+00 -4.088951644403421071e+00 0.000000000000000000e+00 0.000000000000000000e+00 1.000000000000000000e+00 0.000000000000000000e+00
2.100645057810232585e-02 -9.997793401716744688e-01 0.000000000000000000e+00 -2.291105458414786966e+01 9.997793401716746908e-01 2.100645057810264157e-02 0.000000000000000000e+00 -3.867319191583558080e+00 0.000000000000000000e+00 0.000000000000000000e+00 1.000000000000000000e+00 0.000000000000000000e+00
4.935793279355943364e-02 -9.987811544429269217e-01 0.000000000000000000e+00 -2.289670939897272461e+01 9.987811544429270327e-01 4.935793279355980834e-02 0.000000000000000000e+00 -3.639130253886545319e+00 0.000000000000000000e+00 0.000000000000000000e+00 1.000000000000000000e+00 0.000000000000000000e+00
3.131287652241845215e-02 -9.995096316513868429e-01 0.000000000000000000e+00 -2.288412576082870231e+01 9.995096316513869539e-01 3.131287652241879216e-02 0.000000000000000000e+00 -3.413478093881240127e+00 0.000000000000000000e+00 0.000000000000000000e+00 1.000000000000000000e+00 0.000000000000000000e+00
2.876402791797937064e-02 -9.995862297460549328e-01 0.000000000000000000e+00 -2.287453430784103858e+01 9.995862297460550439e-01 2.876402791797975922e-02 0.000000000000000000e+00 -3.189831732467544256e+00 0.000000000000000000e+00 0.000000000000000000e+00 1.000000000000000000e+00 0.000000000000000000e+00
1.064779459759227463e-02 -9.999433106282609174e-01 0.000000000000000000e+00 -2.286916513307371446e+01 9.999433106282610284e-01 1.064779459759265454e-02 0.000000000000000000e+00 -2.961767141699231942e+00 0.000000000000000000e+00 0.000000000000000000e+00 1.000000000000000000e+00 0.000000000000000000e+00
2.351582791563842575e-02 -9.997234646828299098e-01 0.000000000000000000e+00 -2.286240069423099186e+01 9.997234646828300209e-01 2.351582791563878658e-02 0.000000000000000000e+00 -2.737629908587141614e+00 0.000000000000000000e+00 0.000000000000000000e+00 1.000000000000000000e+00 0.000000000000000000e+00
2.083648778754823919e-02 -9.997828968214441669e-01 0.000000000000000000e+00 -2.285281615101219899e+01 9.997828968214442780e-01 2.083648778754869368e-02 0.000000000000000000e+00 -2.508882479025000833e+00 0.000000000000000000e+00 0.000000000000000000e+00 1.000000000000000000e+00 0.000000000000000000e+00
2.886398639696748092e-02 -9.995833483453366863e-01 0.000000000000000000e+00 -2.284405385086168394e+01 9.995833483453369084e-01 2.886398639696781745e-02 0.000000000000000000e+00 -2.288425062510899721e+00 0.000000000000000000e+00 0.000000000000000000e+00 1.000000000000000000e+00 0.000000000000000000e+00
3.085309879517128887e-02 -9.995239298259620542e-01 0.000000000000000000e+00 -2.283417302710309826e+01 9.995239298259621652e-01 3.085309879517166010e-02 0.000000000000000000e+00 -2.064272175128531117e+00 0.000000000000000000e+00 0.000000000000000000e+00 1.000000000000000000e+00 0.000000000000000000e+00
1.265765778952862401e-02 -9.999198886407263398e-01 0.000000000000000000e+00 -2.282924045425810888e+01 9.999198886407263398e-01 1.265765778952908545e-02 0.000000000000000000e+00 -1.834219651071244073e+00 0.000000000000000000e+00 0.000000000000000000e+00 1.000000000000000000e+00 0.000000000000000000e+00
-9.511860754691106937e-03 -9.999547612292181142e-01 0.000000000000000000e+00 -2.282889543640828833e+01 9.999547612292182253e-01 -9.511860754690759992e-03 0.000000000000000000e+00 -1.607259753594437512e+00 0.000000000000000000e+00 0.000000000000000000e+00 1.000000000000000000e+00 0.000000000000000000e+00
7.147934938142026622e-03 -9.999744531867397201e-01 0.000000000000000000e+00 -2.282533771371173614e+01 9.999744531867399422e-01 7.147934938142440353e-03 0.000000000000000000e+00 -1.385571575720165427e+00 0.000000000000000000e+00 0.000000000000000000e+00 1.000000000000000000e+00 0.000000000000000000e+00
7.833765014601962173e-02 -9.969268842646380469e-01 0.000000000000000000e+00 -2.280818829103130341e+01 9.969268842646381579e-01 7.833765014601999643e-02 0.000000000000000000e+00 -1.160118853843210118e+00 0.000000000000000000e+00 0.000000000000000000e+00 1.000000000000000000e+00 0.000000000000000000e+00
6.623946047650619562e-02 -9.978037551922626092e-01 0.000000000000000000e+00 -2.278879859622461623e+01 9.978037551922626092e-01 6.623946047650662583e-02 0.000000000000000000e+00 -9.346054623665551730e-01 0.000000000000000000e+00 0.000000000000000000e+00 1.000000000000000000e+00 0.000000000000000000e+00
2.970362612762048743e-02 -9.995587499466300763e-01 0.000000000000000000e+00 -2.277595065496304017e+01 9.995587499466301873e-01 2.970362612762092111e-02 0.000000000000000000e+00 -7.106940573302331643e-01 0.000000000000000000e+00 0.000000000000000000e+00 1.000000000000000000e+00 0.000000000000000000e+00
2.456552439757249406e-02 -9.996982219705461414e-01 0.000000000000000000e+00 -2.276554486202877570e+01 9.996982219705462525e-01 2.456552439757286529e-02 0.000000000000000000e+00 -4.825618097776160909e-01 0.000000000000000000e+00 0.000000000000000000e+00 1.000000000000000000e+00 0.000000000000000000e+00
2.410566063265145997e-02 -9.997094163433005720e-01 0.000000000000000000e+00 -2.275615082388408084e+01 9.997094163433006830e-01 2.410566063265186590e-02 0.000000000000000000e+00 -2.623560022989384066e-01 0.000000000000000000e+00 0.000000000000000000e+00 1.000000000000000000e+00 0.000000000000000000e+00
2.139636291334417670e-02 -9.997710716229389893e-01 0.000000000000000000e+00 -2.274745129110040409e+01 9.997710716229389893e-01 2.139636291334457915e-02 0.000000000000000000e+00 -2.977363381554454236e-02 0.000000000000000000e+00 0.000000000000000000e+00 1.000000000000000000e+00 0.000000000000000000e+00
1.857692715197629268e-02 -9.998274339992824222e-01 0.000000000000000000e+00 -2.273799310515741467e+01 9.998274339992825333e-01 1.857692715197662575e-02 0.000000000000000000e+00 1.987360272902130021e-01 0.000000000000000000e+00 0.000000000000000000e+00 1.000000000000000000e+00 0.000000000000000000e+00
1.575734365955116373e-02 -9.998758453532088364e-01 0.000000000000000000e+00 -2.272943047530683458e+01 9.998758453532089474e-01 1.575734365955158700e-02 0.000000000000000000e+00 4.271433200153840204e-01 0.000000000000000000e+00 0.000000000000000000e+00 1.000000000000000000e+00 0.000000000000000000e+00
4.301471997111439710e-02 -9.990744386009511313e-01 0.000000000000000000e+00 -2.271765303147806492e+01 9.990744386009512423e-01 4.301471997111474405e-02 0.000000000000000000e+00 6.510663545983845779e-01 0.000000000000000000e+00 0.000000000000000000e+00 1.000000000000000000e+00 0.000000000000000000e+00
2.559520035335469818e-02 -9.996723891950156649e-01 0.000000000000000000e+00 -2.270807275490702182e+01 9.996723891950157759e-01 2.559520035335512492e-02 0.000000000000000000e+00 8.767984099224417349e-01 0.000000000000000000e+00 0.000000000000000000e+00 1.000000000000000000e+00 0.000000000000000000e+00
2.282601318180135438e-02 -9.997394526186427210e-01 0.000000000000000000e+00 -2.269940321108344605e+01 9.997394526186428321e-01 2.282601318180175684e-02 0.000000000000000000e+00 1.105296087393988103e+00 0.000000000000000000e+00 0.000000000000000000e+00 1.000000000000000000e+00 0.000000000000000000e+00
2.011663876321416120e-02 -9.997976399476393716e-01 0.000000000000000000e+00 -2.269054119820880899e+01 9.997976399476394826e-01 2.011663876321455671e-02 0.000000000000000000e+00 1.338801494457314334e+00 0.000000000000000000e+00 0.000000000000000000e+00 1.000000000000000000e+00 0.000000000000000000e+00
1.727713615637983119e-02 -9.998507391437150282e-01 0.000000000000000000e+00 -2.268162381275553585e+01 9.998507391437151393e-01 1.727713615638019548e-02 0.000000000000000000e+00 1.567377750084791188e+00 0.000000000000000000e+00 0.000000000000000000e+00 1.000000000000000000e+00 0.000000000000000000e+00
1.446749106588663715e-02 -9.998953403743102708e-01 0.000000000000000000e+00 -2.267355579877052918e+01 9.998953403743102708e-01 1.446749106588705175e-02 0.000000000000000000e+00 1.786069701583555158e+00 0.000000000000000000e+00 0.000000000000000000e+00 1.000000000000000000e+00 0.000000000000000000e+00
1.150774180117535711e-02 -9.999337837470223533e-01 0.000000000000000000e+00 -2.266551869598495372e+01 9.999337837470223533e-01 1.150774180117572314e-02 0.000000000000000000e+00 2.014556500937072059e+00 0.000000000000000000e+00 0.000000000000000000e+00 1.000000000000000000e+00 0.000000000000000000e+00
8.637888387515835209e-03 -9.999626927461864323e-01 0.000000000000000000e+00 -2.265812584082782166e+01 9.999626927461864323e-01 8.637888387516244604e-03 0.000000000000000000e+00 2.242891494515859563e+00 0.000000000000000000e+00 0.000000000000000000e+00 1.000000000000000000e+00 0.000000000000000000e+00
2.122640152280935028e-02 -9.997746945579246702e-01 0.000000000000000000e+00 -2.264993277888499179e+01 9.997746945579247813e-01 2.122640152280970763e-02 0.000000000000000000e+00 2.464177142798799736e+00 0.000000000000000000e+00 0.000000000000000000e+00 1.000000000000000000e+00 0.000000000000000000e+00
1.833696803510472331e-02 -9.998318636667260506e-01 0.000000000000000000e+00 -2.263996293321407549e+01 9.998318636667261616e-01 1.833696803510511536e-02 0.000000000000000000e+00 2.693119359476497721e+00 0.000000000000000000e+00 0.000000000000000000e+00 1.000000000000000000e+00 0.000000000000000000e+00
1.556736696565712806e-02 -9.998788212007271303e-01 0.000000000000000000e+00 -2.263266518543949957e+01 9.998788212007273524e-01 1.556736696565754266e-02 0.000000000000000000e+00 2.921504895965608029e+00 0.000000000000000000e+00 0.000000000000000000e+00 1.000000000000000000e+00 0.000000000000000000e+00
2.600506387016515014e-02 -9.996618111407016283e-01 0.000000000000000000e+00 -2.262428920675010247e+01 9.996618111407017393e-01 2.600506387016555607e-02 0.000000000000000000e+00 3.152766161596051830e+00 0.000000000000000000e+00 0.000000000000000000e+00 1.000000000000000000e+00 0.000000000000000000e+00
1.181772071622488179e-02 -9.999301683003032348e-01 0.000000000000000000e+00 -2.261810801860663034e+01 9.999301683003032348e-01 1.181772071622528425e-02 0.000000000000000000e+00 3.373922334725211414e+00 0.000000000000000000e+00 0.000000000000000000e+00 1.000000000000000000e+00 0.000000000000000000e+00
-4.224942478342640778e-02 -9.991070944125404196e-01 0.000000000000000000e+00 -2.261814277562803710e+01 9.991070944125404196e-01 -4.224942478342601920e-02 0.000000000000000000e+00 3.599906439679408265e+00 0.000000000000000000e+00 0.000000000000000000e+00 1.000000000000000000e+00 0.000000000000000000e+00
-2.914305894416399090e-01 -9.565919775628989319e-01 0.000000000000000000e+00 -2.266028541961864207e+01 9.565919775628990429e-01 -2.914305894416395759e-01 0.000000000000000000e+00 3.797756610408374200e+00 0.000000000000000000e+00 0.000000000000000000e+00 1.000000000000000000e+00 0.000000000000000000e+00
-8.323432157634124140e-01 -5.542605625268866021e-01 0.000000000000000000e+00 -2.273994739344783866e+01 5.542605625268869352e-01 -8.323432157634123030e-01 0.000000000000000000e+00 3.855726326861333320e+00 0.000000000000000000e+00 0.000000000000000000e+00 1.000000000000000000e+00 0.000000000000000000e+00
-9.664656920032334009e-01 -2.567957674509265265e-01 0.000000000000000000e+00 -2.295679537361265687e+01 2.567957674509269705e-01 -9.664656920032334009e-01 0.000000000000000000e+00 3.918582940661625713e+00 0.000000000000000000e+00 0.000000000000000000e+00 1.000000000000000000e+00 0.000000000000000000e+00
-9.999757073997628254e-01 -6.970266160135442368e-03 0.000000000000000000e+00 -2.316169162843069529e+01 6.970266160135847426e-03 -9.999757073997629364e-01 0.000000000000000000e+00 3.937593589297090801e+00 0.000000000000000000e+00 0.000000000000000000e+00 1.000000000000000000e+00 0.000000000000000000e+00
-9.915581757372428084e-01 1.296625779808119050e-01 0.000000000000000000e+00 -2.338390314506625245e+01 -1.296625779808115164e-01 -9.915581757372430305e-01 0.000000000000000000e+00 3.919574133852353981e+00 0.000000000000000000e+00 0.000000000000000000e+00 1.000000000000000000e+00 0.000000000000000000e+00
-9.932254195335435965e-01 1.162035541298784280e-01 0.000000000000000000e+00 -2.361625883434802375e+01 -1.162035541298780672e-01 -9.932254195335437075e-01 0.000000000000000000e+00 3.897692896264125295e+00 0.000000000000000000e+00 0.000000000000000000e+00 1.000000000000000000e+00 0.000000000000000000e+00
-9.998825794293367819e-01 1.532407758186913813e-02 0.000000000000000000e+00 -2.383240721410686191e+01 -1.532407758186878251e-02 -9.998825794293370040e-01 0.000000000000000000e+00 3.893179767900207366e+00 0.000000000000000000e+00 0.000000000000000000e+00 1.000000000000000000e+00 0.000000000000000000e+00
-9.964038959176155785e-01 -8.473060958234972240e-02 0.000000000000000000e+00 -2.404612624840917690e+01 8.473060958235002771e-02 -9.964038959176156895e-01 0.000000000000000000e+00 3.916647788202006097e+00 0.000000000000000000e+00 0.000000000000000000e+00 1.000000000000000000e+00 0.000000000000000000e+00
-9.999963406170393476e-01 -2.705319302709013971e-03 0.000000000000000000e+00 -2.426108543582795107e+01 2.705319302709400815e-03 -9.999963406170393476e-01 0.000000000000000000e+00 3.932258173983946392e+00 0.000000000000000000e+00 0.000000000000000000e+00 1.000000000000000000e+00 0.000000000000000000e+00
-9.701829866075822872e-01 2.423736217025091733e-01 0.000000000000000000e+00 -2.448894991277406774e+01 -2.423736217025088124e-01 -9.701829866075825093e-01 0.000000000000000000e+00 3.897412654242192076e+00 0.000000000000000000e+00 0.000000000000000000e+00 1.000000000000000000e+00 0.000000000000000000e+00
-8.523422210173559055e-01 5.229844531830750709e-01 0.000000000000000000e+00 -2.467894889697770466e+01 -5.229844531830748489e-01 -8.523422210173562386e-01 0.000000000000000000e+00 3.808808613693322798e+00 0.000000000000000000e+00 0.000000000000000000e+00 1.000000000000000000e+00 0.000000000000000000e+00
-4.726801354189001936e-01 8.812340719583925397e-01 0.000000000000000000e+00 -2.481027450185445815e+01 -8.812340719583925397e-01 -4.726801354189006377e-01 0.000000000000000000e+00 3.640562770940064752e+00 0.000000000000000000e+00 0.000000000000000000e+00 1.000000000000000000e+00 0.000000000000000000e+00
-6.759407086344337845e-02 9.977129053911786283e-01 0.000000000000000000e+00 -2.484464284369289544e+01 -9.977129053911787393e-01 -6.759407086344373927e-02 0.000000000000000000e+00 3.394136853716904767e+00 0.000000000000000000e+00 0.000000000000000000e+00 1.000000000000000000e+00 0.000000000000000000e+00
2.451789354268999258e-02 9.996993912653086012e-01 0.000000000000000000e+00 -2.484647762672651083e+01 -9.996993912653087122e-01 2.451789354268964563e-02 0.000000000000000000e+00 3.168536441325393582e+00 0.000000000000000000e+00 0.000000000000000000e+00 1.000000000000000000e+00 0.000000000000000000e+00
2.142471120822785416e-02 9.997704645315560468e-01 0.000000000000000000e+00 -2.484515701581280922e+01 -9.997704645315561578e-01 2.142471120822742395e-02 0.000000000000000000e+00 2.926223521969419039e+00 0.000000000000000000e+00 0.000000000000000000e+00 1.000000000000000000e+00 0.000000000000000000e+00
-1.194536529511689045e-02 9.999286515786840468e-01 0.000000000000000000e+00 -2.485130064939729522e+01 -9.999286515786841578e-01 -1.194536529511730678e-02 0.000000000000000000e+00 2.686373761981254660e+00 0.000000000000000000e+00 0.000000000000000000e+00 1.000000000000000000e+00 0.000000000000000000e+00
6.370418409360263656e-02 9.979688256298226978e-01 0.000000000000000000e+00 -2.484725458037041790e+01 -9.979688256298229199e-01 6.370418409360230350e-02 0.000000000000000000e+00 2.441781812552356712e+00 0.000000000000000000e+00 0.000000000000000000e+00 1.000000000000000000e+00 0.000000000000000000e+00
1.320921712375534018e-01 9.912374379016100079e-01 0.000000000000000000e+00 -2.482322124547179243e+01 -9.912374379016101189e-01 1.320921712375530410e-01 0.000000000000000000e+00 2.190647630861271011e+00 0.000000000000000000e+00 0.000000000000000000e+00 1.000000000000000000e+00 0.000000000000000000e+00
9.476195009663526680e-02 9.954999612324865188e-01 0.000000000000000000e+00 -2.480457923595797354e+01 -9.954999612324866298e-01 9.476195009663496149e-02 0.000000000000000000e+00 1.940717280800926758e+00 0.000000000000000000e+00 0.000000000000000000e+00 1.000000000000000000e+00 0.000000000000000000e+00
6.541760182249885258e-02 9.978579745493805220e-01 0.000000000000000000e+00 -2.479641074834588466e+01 -9.978579745493806330e-01 6.541760182249850564e-02 0.000000000000000000e+00 1.699086625853894361e+00 0.000000000000000000e+00 0.000000000000000000e+00 1.000000000000000000e+00 0.000000000000000000e+00
6.799385018959122617e-02 9.976857402691463594e-01 0.000000000000000000e+00 -2.478717115702683671e+01 -9.976857402691465815e-01 6.799385018959082372e-02 0.000000000000000000e+00 1.454825925878935777e+00 0.000000000000000000e+00 0.000000000000000000e+00 1.000000000000000000e+00 0.000000000000000000e+00
8.720643699331344367e-02 9.961902616202040761e-01 0.000000000000000000e+00 -2.476704708722751036e+01 -9.961902616202041871e-01 8.720643699331313836e-02 0.000000000000000000e+00 1.139496786859540478e+00 0.000000000000000000e+00 0.000000000000000000e+00 1.000000000000000000e+00 0.000000000000000000e+00
1.074375805468016920e-01 9.942118316969722480e-01 0.000000000000000000e+00 -2.475072452913880028e+01 -9.942118316969723590e-01 1.074375805468013589e-01 0.000000000000000000e+00 8.883912580525485936e-01 0.000000000000000000e+00 0.000000000000000000e+00 1.000000000000000000e+00 0.000000000000000000e+00
9.018265977023581792e-02 9.959252421124614729e-01 0.000000000000000000e+00 -2.473558064338904217e+01 -9.959252421124616950e-01 9.018265977023544322e-02 0.000000000000000000e+00 6.410033536909995888e-01 0.000000000000000000e+00 0.000000000000000000e+00 1.000000000000000000e+00 0.000000000000000000e+00
3.487627640944425400e-02 9.993916376195126627e-01 0.000000000000000000e+00 -2.473234682966246112e+01 -9.993916376195127738e-01 3.487627640944385848e-02 0.000000000000000000e+00 3.961175653144959341e-01 0.000000000000000000e+00 0.000000000000000000e+00 1.000000000000000000e+00 0.000000000000000000e+00
2.672316895377762486e-02 9.996428723504544589e-01 0.000000000000000000e+00 -2.473381216428663976e+01 -9.996428723504545699e-01 2.672316895377720852e-02 0.000000000000000000e+00 1.534136121237015260e-01 0.000000000000000000e+00 0.000000000000000000e+00 1.000000000000000000e+00 0.000000000000000000e+00
5.869958860186023225e-02 9.982756925308617912e-01 0.000000000000000000e+00 -2.472863811611685492e+01 -9.982756925308619023e-01 5.869958860185984367e-02 0.000000000000000000e+00 -9.533165682736033375e-02 0.000000000000000000e+00 0.000000000000000000e+00 1.000000000000000000e+00 0.000000000000000000e+00
5.953013356559209296e-02 9.982265089636028765e-01 0.000000000000000000e+00 -2.472081020080521796e+01 -9.982265089636029876e-01 5.953013356559175295e-02 0.000000000000000000e+00 -3.489044602623394553e-01 0.000000000000000000e+00 0.000000000000000000e+00 1.000000000000000000e+00 0.000000000000000000e+00
-4.616523553632238125e-02 9.989338171409931633e-01 0.000000000000000000e+00 -2.473206017632066533e+01 -9.989338171409931633e-01 -4.616523553632281840e-02 0.000000000000000000e+00 -5.977851765721844401e-01 0.000000000000000000e+00 0.000000000000000000e+00 1.000000000000000000e+00 0.000000000000000000e+00
2.749588483321654259e-02 9.996219166851224580e-01 0.000000000000000000e+00 -2.474252824984591115e+01 -9.996219166851224580e-01 2.749588483321614013e-02 0.000000000000000000e+00 -8.406360728782722447e-01 0.000000000000000000e+00 0.000000000000000000e+00 1.000000000000000000e+00 0.000000000000000000e+00
2.042616061304613484e-01 9.789163377229964658e-01 0.000000000000000000e+00 -2.470832019837919091e+01 -9.789163377229965768e-01 2.042616061304610431e-01 0.000000000000000000e+00 -1.046634534316336129e+00 0.000000000000000000e+00 0.000000000000000000e+00 1.000000000000000000e+00 0.000000000000000000e+00
1.660861435717281565e-01 9.861112477370240770e-01 0.000000000000000000e+00 -2.466508226502678980e+01 -9.861112477370242990e-01 1.660861435717278234e-01 0.000000000000000000e+00 -1.285592545540929166e+00 0.000000000000000000e+00 0.000000000000000000e+00 1.000000000000000000e+00 0.000000000000000000e+00
5.589620272200111761e-02 9.984365851275984749e-01 0.000000000000000000e+00 -2.464985658426976300e+01 -9.984365851275985859e-01 5.589620272200070128e-02 0.000000000000000000e+00 -1.495329683514835750e+00 0.000000000000000000e+00 0.000000000000000000e+00 1.000000000000000000e+00 0.000000000000000000e+00
-7.851675037438560212e-02 9.969127945365359178e-01 0.000000000000000000e+00 -2.466500179610488885e+01 -9.969127945365361398e-01 -7.851675037438603233e-02 0.000000000000000000e+00 -1.692505932222607257e+00 0.000000000000000000e+00 0.000000000000000000e+00 1.000000000000000000e+00 0.000000000000000000e+00
-5.487621854802218410e-03 9.999849428898306414e-01 0.000000000000000000e+00 -2.467751954166915596e+01 -9.999849428898308634e-01 -5.487621854802594845e-03 0.000000000000000000e+00 -1.899246105072464275e+00 0.000000000000000000e+00 0.000000000000000000e+00 1.000000000000000000e+00 0.000000000000000000e+00
1.245669309707777284e-01 9.922112072076795242e-01 0.000000000000000000e+00 -2.465724145923047672e+01 -9.922112072076796352e-01 1.245669309707773537e-01 0.000000000000000000e+00 -2.122651615050642704e+00 0.000000000000000000e+00 0.000000000000000000e+00 1.000000000000000000e+00 0.000000000000000000e+00
1.104256914074768225e-01 9.938843829526551321e-01 0.000000000000000000e+00 -2.463334318688485070e+01 -9.938843829526552431e-01 1.104256914074764617e-01 0.000000000000000000e+00 -2.347972590778368840e+00 0.000000000000000000e+00 0.000000000000000000e+00 1.000000000000000000e+00 0.000000000000000000e+00
4.998750943531335422e-02 9.987498430039694064e-01 0.000000000000000000e+00 -2.462568634910014254e+01 -9.987498430039696284e-01 4.998750943531304197e-02 0.000000000000000000e+00 -2.558739603045795619e+00 0.000000000000000000e+00 0.000000000000000000e+00 1.000000000000000000e+00 0.000000000000000000e+00
5.127285872953780271e-02 9.986846819480612591e-01 0.000000000000000000e+00 -2.461903358100780181e+01 -9.986846819480612591e-01 5.127285872953742107e-02 0.000000000000000000e+00 -2.775986148016505339e+00 0.000000000000000000e+00 0.000000000000000000e+00 1.000000000000000000e+00 0.000000000000000000e+00
6.796591496221378315e-02 9.976876437058586067e-01 0.000000000000000000e+00 -2.460809255641727944e+01 -9.976876437058588287e-01 6.796591496221338069e-02 0.000000000000000000e+00 -2.990654985244709962e+00 0.000000000000000000e+00 0.000000000000000000e+00 1.000000000000000000e+00 0.000000000000000000e+00
1.001223124934522007e-01 9.949751366446111245e-01 0.000000000000000000e+00 -2.459206755380061793e+01 -9.949751366446113465e-01 1.001223124934518399e-01 0.000000000000000000e+00 -3.206918431023545679e+00 0.000000000000000000e+00 0.000000000000000000e+00 1.000000000000000000e+00 0.000000000000000000e+00
8.612950457721997577e-02 9.962839497057462967e-01 0.000000000000000000e+00 -2.457564797507924936e+01 -9.962839497057464078e-01 8.612950457721960107e-02 0.000000000000000000e+00 -3.430050355432880949e+00 0.000000000000000000e+00 0.000000000000000000e+00 1.000000000000000000e+00 0.000000000000000000e+00
8.743655461498973935e-02 9.961700903545835928e-01 0.000000000000000000e+00 -2.456070646396347712e+01 -9.961700903545837038e-01 8.743655461498937853e-02 0.000000000000000000e+00 -3.652860476869445705e+00 0.000000000000000000e+00 0.000000000000000000e+00 1.000000000000000000e+00 0.000000000000000000e+00
7.035817222324954046e-02 9.975217930458475379e-01 0.000000000000000000e+00 -2.454938310707869320e+01 -9.975217930458477600e-01 7.035817222324923514e-02 0.000000000000000000e+00 -3.862753913903240743e+00 0.000000000000000000e+00 0.000000000000000000e+00 1.000000000000000000e+00 0.000000000000000000e+00
7.449128658210452114e-02 9.972216645377005584e-01 0.000000000000000000e+00 -2.453683420242957780e+01 -9.972216645377006694e-01 7.449128658210407705e-02 0.000000000000000000e+00 -4.084182131111679936e+00 0.000000000000000000e+00 0.000000000000000000e+00 1.000000000000000000e+00 0.000000000000000000e+00
7.579957691806792075e-02 9.971230737171019598e-01 0.000000000000000000e+00 -2.452518582414995052e+01 -9.971230737171020708e-01 7.579957691806758768e-02 0.000000000000000000e+00 -4.300740955312992497e+00 0.000000000000000000e+00 0.000000000000000000e+00 1.000000000000000000e+00 0.000000000000000000e+00
6.396365383214172584e-02 9.979522288107990358e-01 0.000000000000000000e+00 -2.451403046210893422e+01 -9.979522288107991468e-01 6.396365383214136502e-02 0.000000000000000000e+00 -4.520728341164394593e+00 0.000000000000000000e+00 0.000000000000000000e+00 1.000000000000000000e+00 0.000000000000000000e+00
3.140345440873046519e-03 9.999950691030987660e-01 0.000000000000000000e+00 -2.451202533652972448e+01 -9.999950691030988770e-01 3.140345440872651436e-03 0.000000000000000000e+00 -4.742165881729247801e+00 0.000000000000000000e+00 0.000000000000000000e+00 1.000000000000000000e+00 0.000000000000000000e+00
-5.748394386888633356e-02 9.983464309533429670e-01 0.000000000000000000e+00 -2.452585952946402159e+01 -9.983464309533430781e-01 -5.748394386888672908e-02 0.000000000000000000e+00 -4.958792384045693780e+00 0.000000000000000000e+00 0.000000000000000000e+00 1.000000000000000000e+00 0.000000000000000000e+00
-2.714431490737449423e-02 9.996315251972641702e-01 0.000000000000000000e+00 -2.453808121192748359e+01 -9.996315251972642812e-01 -2.714431490737492444e-02 0.000000000000000000e+00 -5.180733941393032893e+00 0.000000000000000000e+00 0.000000000000000000e+00 1.000000000000000000e+00 0.000000000000000000e+00
-1.025846946197244043e-02 9.999473805177434560e-01 0.000000000000000000e+00 -2.454626935256357712e+01 -9.999473805177435670e-01 -1.025846946197283595e-02 0.000000000000000000e+00 -5.400182179601779708e+00 0.000000000000000000e+00 0.000000000000000000e+00 1.000000000000000000e+00 0.000000000000000000e+00
-8.862533376237144433e-03 9.999607269798920228e-01 0.000000000000000000e+00 -2.455294523061363776e+01 -9.999607269798921338e-01 -8.862533376237520868e-03 0.000000000000000000e+00 -5.612590313985238666e+00 0.000000000000000000e+00 0.000000000000000000e+00 1.000000000000000000e+00 0.000000000000000000e+00
7.911268074843304243e-03 9.999687054290485877e-01 0.000000000000000000e+00 -2.455446947869173258e+01 -9.999687054290485877e-01 7.911268074842971176e-03 0.000000000000000000e+00 -5.831773720218000889e+00 0.000000000000000000e+00 0.000000000000000000e+00 1.000000000000000000e+00 0.000000000000000000e+00
2.472683017846027259e-02 9.996942451916609462e-01 0.000000000000000000e+00 -2.455183879735822927e+01 -9.996942451916610572e-01 2.472683017845985279e-02 0.000000000000000000e+00 -6.051503900247329426e+00 0.000000000000000000e+00 0.000000000000000000e+00 1.000000000000000000e+00 0.000000000000000000e+00
