-3.230335961435642361e-02 -9.994781102943812723e-01 0.000000000000000000e+00 -2.304410000000000025e+01 9.994781102943810502e-01 -3.230335961435709669e-02 0.000000000000000000e+00 -1.348210000000000264e+01 0.000000000000000000e+00 0.000000000000000000e+00 1.000000000000000000e+00 0.000000000000000000e+00
-6.508934423980276308e-03 -9.999788166619659746e-01 0.000000000000000000e+00 -2.304314602591882277e+01 9.999788166619659746e-01 -6.508934423980899941e-03 0.000000000000000000e+00 -1.325590066305700532e+01 0.000000000000000000e+00 0.000000000000000000e+00 1.000000000000000000e+00 0.000000000000000000e+00
-6.958924217261665268e-03 -9.999757863937206448e-01 0.000000000000000000e+00 -2.304068207055750506e+01 9.999757863937206448e-01 -6.958924217262346147e-03 0.000000000000000000e+00 -1.303871733168929303e+01 0.000000000000000000e+00 0.000000000000000000e+00 1.000000000000000000e+00 0.000000000000000000e+00
4.301006354727642672e-03 -9.999907506293937987e-01 0.000000000000000000e+00 -2.303591172853033697e+01 9.999907506293934656e-01 4.301006354726936640e-03 0.000000000000000000e+00 -1.281255017705152532e+01 0.000000000000000000e+00 0.000000000000000000e+00 1.000000000000000000e+00 0.000000000000000000e+00
7.730942603421802305e-03 -9.999701158166999226e-01 0.000000000000000000e+00 -2.303184486835707645e+01 9.999701158166998116e-01 7.730942603421016475e-03 0.000000000000000000e+00 -1.258732595044983249e+01 0.000000000000000000e+00 0.000000000000000000e+00 1.000000000000000000e+00 0.000000000000000000e+00
-2.344683152182950800e-02 -9.997250852567364232e-01 0.000000000000000000e+00 -2.303149816680987172e+01 9.997250852567362012e-01 -2.344683152183020883e-02 0.000000000000000000e+00 -1.237041045538773076e+01 0.000000000000000000e+00 0.000000000000000000e+00 1.000000000000000000e+00 0.000000000000000000e+00
-8.268886151660239520e-03 -9.999658121765025998e-01 0.000000000000000000e+00 -2.303058897766142366e+01 9.999658121765025998e-01 -8.268886151661061779e-03 0.000000000000000000e+00 -1.214626863984432603e+01 0.000000000000000000e+00 0.000000000000000000e+00 1.000000000000000000e+00 0.000000000000000000e+00
3.795190305384617269e-02 -9.992795670154539511e-01 0.000000000000000000e+00 -2.302127323791838620e+01 9.992795670154538401e-01 3.795190305384543716e-02 0.000000000000000000e+00 -1.191920937556946924e+01 0.000000000000000000e+00 0.000000000000000000e+00 1.000000000000000000e+00 0.000000000000000000e+00
5.339561437551712531e-02 -9.985734366412231111e-01 0.000000000000000000e+00 -2.300663032171564026e+01 9.985734366412230001e-01 5.339561437551635509e-02 0.000000000000000000e+00 -1.169654490263972768e+01 0.000000000000000000e+00 0.000000000000000000e+00 1.000000000000000000e+00 0.000000000000000000e+00
3.795190305384617269e-02 -9.992795670154539511e-01 0.000000000000000000e+00 -2.299436725744843812e+01 9.992795670154538401e-01 3.795190305384543716e-02 0.000000000000000000e+00 -1.147895124865418737e+01 0.000000000000000000e+00 0.000000000000000000e+00 1.000000000000000000e+00 0.000000000000000000e+00
2.201923990018770511e-02 -9.997575471454165363e-01 0.000000000000000000e+00 -2.298490611756734836e+01 9.997575471454163143e-01 2.201923990018696958e-02 0.000000000000000000e+00 -1.125345804912890380e+01 0.000000000000000000e+00 0.000000000000000000e+00 1.000000000000000000e+00 0.000000000000000000e+00
3.558350611112384015e-02 -9.993667065161023766e-01 0.000000000000000000e+00 -2.297619469686558702e+01 9.993667065161021545e-01 3.558350611112307688e-02 0.000000000000000000e+00 -1.101894760384051608e+01 0.000000000000000000e+00 0.000000000000000000e+00 1.000000000000000000e+00 0.000000000000000000e+00
9.866025714109204203e-02 -9.951211753655205827e-01 0.000000000000000000e+00 -2.295235298002127422e+01 9.951211753655205827e-01 9.866025714109126488e-02 0.000000000000000000e+00 -1.079620209538318498e+01 0.000000000000000000e+00 0.000000000000000000e+00 1.000000000000000000e+00 0.000000000000000000e+00
8.302533738172553079e-02 -9.965474365792390543e-01 0.000000000000000000e+00 -2.292837103092981721e+01 9.965474365792388323e-01 8.302533738172483690e-02 0.000000000000000000e+00 -1.057701513085797274e+01 0.000000000000000000e+00 0.000000000000000000e+00 1.000000000000000000e+00 0.000000000000000000e+00
6.742981668984006360e-02 -9.977240198678068994e-01 0.000000000000000000e+00 -2.290848269106838941e+01 9.977240198678068994e-01 6.742981668983932808e-02 0.000000000000000000e+00 -1.035249352825021774e+01 0.000000000000000000e+00 0.000000000000000000e+00 1.000000000000000000e+00 0.000000000000000000e+00
5.247690434638063728e-02 -9.986221380032701544e-01 0.000000000000000000e+00 -2.289247193723674201e+01 9.986221380032700434e-01 5.247690434637997114e-02 0.000000000000000000e+00 -1.012766414880495169e+01 0.000000000000000000e+00 0.000000000000000000e+00 1.000000000000000000e+00 0.000000000000000000e+00
2.108945599314993383e-02 -9.997775926904516330e-01 0.000000000000000000e+00 -2.288164958772572177e+01 9.997775926904515220e-01 2.108945599314916014e-02 0.000000000000000000e+00 -9.904651293679822999e+00 0.000000000000000000e+00 0.000000000000000000e+00 1.000000000000000000e+00 0.000000000000000000e+00
3.634301445844326239e-02 -9.993393744369704068e-01 0.000000000000000000e+00 -2.287125153410392642e+01 9.993393744369701848e-01 3.634301445844247136e-02 0.000000000000000000e+00 -9.684076711098605017e+00 0.000000000000000000e+00 0.000000000000000000e+00 1.000000000000000000e+00 0.000000000000000000e+00
5.181780235367920012e-02 -9.986565552577307825e-01 0.000000000000000000e+00 -2.285763869293974437e+01 9.986565552577305604e-01 5.181780235367861726e-02 0.000000000000000000e+00 -9.459052101432376958e+00 0.000000000000000000e+00 0.000000000000000000e+00 1.000000000000000000e+00 0.000000000000000000e+00
5.118863848224265017e-02 -9.986890022876669937e-01 0.000000000000000000e+00 -2.284475507457942811e+01 9.986890022876668827e-01 5.118863848224198404e-02 0.000000000000000000e+00 -9.226125091238316145e+00 0.000000000000000000e+00 0.000000000000000000e+00 1.000000000000000000e+00 0.000000000000000000e+00
3.775204638273742946e-02 -9.992871374104229654e-01 0.000000000000000000e+00 -2.283434607147220063e+01 9.992871374104227433e-01 3.775204638273674945e-02 0.000000000000000000e+00 -9.001135434466469576e+00 0.000000000000000000e+00 0.000000000000000000e+00 1.000000000000000000e+00 0.000000000000000000e+00
3.672276078762462537e-02 -9.993254919395064828e-01 0.000000000000000000e+00 -2.282269014928287731e+01 9.993254919395063718e-01 3.672276078762399393e-02 0.000000000000000000e+00 -8.778069132264818109e+00 0.000000000000000000e+00 0.000000000000000000e+00 1.000000000000000000e+00 0.000000000000000000e+00
3.649291495518781903e-02 -9.993339117422540552e-01 0.000000000000000000e+00 -2.281111226572145156e+01 9.993339117422539442e-01 3.649291495518719453e-02 0.000000000000000000e+00 -8.550221448466544416e+00 0.000000000000000000e+00 0.000000000000000000e+00 1.000000000000000000e+00 0.000000000000000000e+00
3.606319801261141655e-02 -9.993495113067825120e-01 0.000000000000000000e+00 -2.279953771533039486e+01 9.993495113067822899e-01 3.606319801261074348e-02 0.000000000000000000e+00 -8.322265649498312712e+00 0.000000000000000000e+00 0.000000000000000000e+00 1.000000000000000000e+00 0.000000000000000000e+00
6.632230171507247363e-02 -9.977982523011436067e-01 0.000000000000000000e+00 -2.278366324048160152e+01 9.977982523011433846e-01 6.632230171507175198e-02 0.000000000000000000e+00 -8.094365972341293514e+00 0.000000000000000000e+00 0.000000000000000000e+00 1.000000000000000000e+00 0.000000000000000000e+00
1.148867754025785365e-01 -9.933785929028262629e-01 0.000000000000000000e+00 -2.275732613457579845e+01 9.933785929028261519e-01 1.148867754025778287e-01 0.000000000000000000e+00 -7.868677143746459990e+00 0.000000000000000000e+00 0.000000000000000000e+00 1.000000000000000000e+00 0.000000000000000000e+00
1.229392093264799063e-01 -9.924142032489163823e-01 0.000000000000000000e+00 -2.272521202757599923e+01 9.924142032489163823e-01 1.229392093264791291e-01 0.000000000000000000e+00 -7.642532729418787696e+00 0.000000000000000000e+00 0.000000000000000000e+00 1.000000000000000000e+00 0.000000000000000000e+00
9.452966653050635937e-02 -9.955220450324706594e-01 0.000000000000000000e+00 -2.270082784264869247e+01 9.955220450324707704e-01 9.452966653050560997e-02 0.000000000000000000e+00 -7.424962182640435948e+00 0.000000000000000000e+00 0.000000000000000000e+00 1.000000000000000000e+00 0.000000000000000000e+00
7.372407108561859768e-02 -9.972786778742259717e-01 0.000000000000000000e+00 -2.267939553643283901e+01 9.972786778742259717e-01 7.372407108561788991e-02 0.000000000000000000e+00 -7.199488388929790261e+00 0.000000000000000000e+00 0.000000000000000000e+00 1.000000000000000000e+00 0.000000000000000000e+00
7.669562979771160638e-02 -9.970545523540493837e-01 0.000000000000000000e+00 -2.266011430030751583e+01 9.970545523540493837e-01 7.669562979771091249e-02 0.000000000000000000e+00 -6.974355619361526593e+00 0.000000000000000000e+00 0.000000000000000000e+00 1.000000000000000000e+00 0.000000000000000000e+00
7.526976385634416566e-02 -9.971632076290279922e-01 0.000000000000000000e+00 -2.264119787952862595e+01 9.971632076290278812e-01 7.526976385634351341e-02 0.000000000000000000e+00 -6.750710300553111054e+00 0.000000000000000000e+00 0.000000000000000000e+00 1.000000000000000000e+00 0.000000000000000000e+00
5.826799761393735427e-02 -9.983009768872631584e-01 0.000000000000000000e+00 -2.262356625094234630e+01 9.983009768872630474e-01 5.826799761393660487e-02 0.000000000000000000e+00 -6.527243332583804403e+00 0.000000000000000000e+00 0.000000000000000000e+00 1.000000000000000000e+00 0.000000000000000000e+00
7.196874733490460363e-02 -9.974068875875313767e-01 0.000000000000000000e+00 -2.260420529616080643e+01 9.974068875875311546e-01 7.196874733490393750e-02 0.000000000000000000e+00 -6.300826139045090812e+00 0.000000000000000000e+00 0.000000000000000000e+00 1.000000000000000000e+00 0.000000000000000000e+00
7.009349630768077488e-02 -9.975404261358867819e-01 0.000000000000000000e+00 -2.258492209309777365e+01 9.975404261358868929e-01 7.009349630768001160e-02 0.000000000000000000e+00 -6.068448812062380071e+00 0.000000000000000000e+00 0.000000000000000000e+00 1.000000000000000000e+00 0.000000000000000000e+00
1.052258604037818041e-01 -9.944483487352600015e-01 0.000000000000000000e+00 -2.256002335544177484e+01 9.944483487352598905e-01 1.052258604037811518e-01 0.000000000000000000e+00 -5.840666052767174321e+00 0.000000000000000000e+00 0.000000000000000000e+00 1.000000000000000000e+00 0.000000000000000000e+00
1.277211991806972979e-01 -9.918101104948702229e-01 0.000000000000000000e+00 -2.252813276819371069e+01 9.918101104948700009e-01 1.277211991806966040e-01 0.000000000000000000e+00 -5.626073440373426493e+00 0.000000000000000000e+00 0.000000000000000000e+00 1.000000000000000000e+00 0.000000000000000000e+00
1.102265833534333689e-01 -9.939064846967397004e-01 0.000000000000000000e+00 -2.249985451163811945e+01 9.939064846967395894e-01 1.102265833534326889e-01 0.000000000000000000e+00 -5.402145047564081537e+00 0.000000000000000000e+00 0.000000000000000000e+00 1.000000000000000000e+00 0.000000000000000000e+00
9.262804815381975310e-02 -9.957007807043316561e-01 0.000000000000000000e+00 -2.247732389051759228e+01 9.957007807043314340e-01 9.262804815381910084e-02 0.000000000000000000e+00 -5.177644652214933529e+00 0.000000000000000000e+00 0.000000000000000000e+00 1.000000000000000000e+00 0.000000000000000000e+00
7.498058336509184907e-02 -9.971849939295276410e-01 0.000000000000000000e+00 -2.245789859646878028e+01 9.971849939295275300e-01 7.498058336509115518e-02 0.000000000000000000e+00 -4.952900355701945756e+00 0.000000000000000000e+00 0.000000000000000000e+00 1.000000000000000000e+00 0.000000000000000000e+00
8.813651082578806417e-02 -9.961084054757580741e-01 0.000000000000000000e+00 -2.243590878472493344e+01 9.961084054757580741e-01 8.813651082578732865e-02 0.000000000000000000e+00 -4.728539557874608334e+00 0.000000000000000000e+00 0.000000000000000000e+00 1.000000000000000000e+00 0.000000000000000000e+00
1.011775952718381860e-01 -9.948683803473753473e-01 0.000000000000000000e+00 -2.240911322083179158e+01 9.948683803473751253e-01 1.011775952718375476e-01 0.000000000000000000e+00 -4.504439385908456828e+00 0.000000000000000000e+00 0.000000000000000000e+00 1.000000000000000000e+00 0.000000000000000000e+00
8.343391484099592359e-02 -9.965133124320553204e-01 0.000000000000000000e+00 -2.238425361610964615e+01 9.965133124320552094e-01 8.343391484099516031e-02 0.000000000000000000e+00 -4.285523600943509592e+00 0.000000000000000000e+00 0.000000000000000000e+00 1.000000000000000000e+00 0.000000000000000000e+00
6.563380518759219517e-02 -9.978437771598313022e-01 0.000000000000000000e+00 -2.236482737682475275e+01 9.978437771598310801e-01 6.563380518759141802e-02 0.000000000000000000e+00 -4.058568854678430426e+00 0.000000000000000000e+00 0.000000000000000000e+00 1.000000000000000000e+00 0.000000000000000000e+00
9.396220363922150320e-02 -9.955757652169238137e-01 0.000000000000000000e+00 -2.234299724704874635e+01 9.955757652169237026e-01 9.396220363922072605e-02 0.000000000000000000e+00 -3.838618559534360486e+00 0.000000000000000000e+00 0.000000000000000000e+00 1.000000000000000000e+00 0.000000000000000000e+00
1.221551638242845128e-01 -9.925110155313460192e-01 0.000000000000000000e+00 -2.231218098914222026e+01 9.925110155313460192e-01 1.221551638242836940e-01 0.000000000000000000e+00 -3.612760006591066997e+00 0.000000000000000000e+00 0.000000000000000000e+00 1.000000000000000000e+00 0.000000000000000000e+00
1.042015229686418243e-01 -9.945562038472322008e-01 0.000000000000000000e+00 -2.228326761333954664e+01 9.945562038472320898e-01 1.042015229686410333e-01 0.000000000000000000e+00 -3.389361447285748952e+00 0.000000000000000000e+00 0.000000000000000000e+00 1.000000000000000000e+00 0.000000000000000000e+00
1.016650686123305586e-01 -9.948186838937292942e-01 0.000000000000000000e+00 -2.225750402913736536e+01 9.948186838937291832e-01 1.016650686123297814e-01 0.000000000000000000e+00 -3.167714897362097659e+00 0.000000000000000000e+00 0.000000000000000000e+00 1.000000000000000000e+00 0.000000000000000000e+00
8.365314574886191512e-02 -9.964949328553163177e-01 0.000000000000000000e+00 -2.223563894822804343e+01 9.964949328553162067e-01 8.365314574886117960e-02 0.000000000000000000e+00 -2.941355913239910080e+00 0.000000000000000000e+00 0.000000000000000000e+00 1.000000000000000000e+00 0.000000000000000000e+00
9.650061359474036704e-02 -9.953329249933614564e-01 0.000000000000000000e+00 -2.221266498856059712e+01 9.953329249933612344e-01 9.650061359473961764e-02 0.000000000000000000e+00 -2.718995109191176596e+00 0.000000000000000000e+00 0.000000000000000000e+00 1.000000000000000000e+00 0.000000000000000000e+00
9.388255727740993373e-02 -9.955832790073644301e-01 0.000000000000000000e+00 -2.218657275498990344e+01 9.955832790073642080e-01 9.388255727740922596e-02 0.000000000000000000e+00 -2.492203902467254650e+00 0.000000000000000000e+00 0.000000000000000000e+00 1.000000000000000000e+00 0.000000000000000000e+00
1.019436138549104504e-01 -9.947901786779976829e-01 0.000000000000000000e+00 -2.216181412342717394e+01 9.947901786779976829e-01 1.019436138549097287e-01 0.000000000000000000e+00 -2.273728319934237518e+00 0.000000000000000000e+00 0.000000000000000000e+00 1.000000000000000000e+00 0.000000000000000000e+00
1.039926638697253741e-01 -9.945780642369306257e-01 0.000000000000000000e+00 -2.213570062508519598e+01 9.945780642369305147e-01 1.039926638697246525e-01 0.000000000000000000e+00 -2.051587053834614593e+00 0.000000000000000000e+00 0.000000000000000000e+00 1.000000000000000000e+00 0.000000000000000000e+00
8.595482380588431726e-02 -9.962990355633699613e-01 0.000000000000000000e+00 -2.211408629858918218e+01 9.962990355633698503e-01 8.595482380588363724e-02 0.000000000000000000e+00 -1.823196863611560303e+00 0.000000000000000000e+00 0.000000000000000000e+00 1.000000000000000000e+00 0.000000000000000000e+00
6.396731533126660818e-02 -9.979519941206148603e-01 0.000000000000000000e+00 -2.209716780231669020e+01 9.979519941206148603e-01 6.396731533126596980e-02 0.000000000000000000e+00 -1.597659668045334769e+00 0.000000000000000000e+00 0.000000000000000000e+00 1.000000000000000000e+00 0.000000000000000000e+00
8.071312596518247229e-02 -9.967373732819143628e-01 0.000000000000000000e+00 -2.207748566133255252e+01 9.967373732819142518e-01 8.071312596518183391e-02 0.000000000000000000e+00 -1.377520311667879582e+00 0.000000000000000000e+00 0.000000000000000000e+00 1.000000000000000000e+00 0.000000000000000000e+00
1.516140732785840328e-01 -9.884397668972437767e-01 0.000000000000000000e+00 -2.204399738024346789e+01 9.884397668972438877e-01 1.516140732785833112e-01 0.000000000000000000e+00 -1.154546771915512693e+00 0.000000000000000000e+00 0.000000000000000000e+00 1.000000000000000000e+00 0.000000000000000000e+00
1.397520665344040014e-01 -9.901865278316834829e-01 0.000000000000000000e+00 -2.200818906403229747e+01 9.901865278316833718e-01 1.397520665344033075e-01 0.000000000000000000e+00 -9.317625388779831042e-01 0.000000000000000000e+00 0.000000000000000000e+00 1.000000000000000000e+00 0.000000000000000000e+00
1.035948243352265985e-01 -9.946195817351252133e-01 0.000000000000000000e+00 -2.197891677082812478e+01 9.946195817351252133e-01 1.035948243352258213e-01 0.000000000000000000e+00 -7.101953938619196549e-01 0.000000000000000000e+00 0.000000000000000000e+00 1.000000000000000000e+00 0.000000000000000000e+00
9.864035469785385757e-02 -9.951231483716392878e-01 0.000000000000000000e+00 -2.195181076623889993e+01 9.951231483716390658e-01 9.864035469785317756e-02 0.000000000000000000e+00 -4.841554316534466551e-01 0.000000000000000000e+00 0.000000000000000000e+00 1.000000000000000000e+00 0.000000000000000000e+00
9.836171635324858498e-02 -9.951507286617665704e-01 0.000000000000000000e+00 -2.192629680776541790e+01 9.951507286617663484e-01 9.836171635324793272e-02 0.000000000000000000e+00 -2.658785480330916329e-01 0.000000000000000000e+00 0.000000000000000000e+00 1.000000000000000000e+00 0.000000000000000000e+00
9.585362685329829047e-02 -9.953954401237079530e-01 0.000000000000000000e+00 -2.190043984080204353e+01 9.953954401237078420e-01 9.585362685329761046e-02 0.000000000000000000e+00 -3.532639068153642370e-02 0.000000000000000000e+00 0.000000000000000000e+00 1.000000000000000000e+00 0.000000000000000000e+00
9.324536479519561494e-02 -9.956431599444715008e-01 0.000000000000000000e+00 -2.187406571458047821e+01 9.956431599444715008e-01 9.324536479519485166e-02 0.000000000000000000e+00 1.910517342909248129e-01 0.000000000000000000e+00 0.000000000000000000e+00 1.000000000000000000e+00 0.000000000000000000e+00
9.065638032675445157e-02 -9.958822323478074834e-01 0.000000000000000000e+00 -2.184860982766408810e+01 9.958822323478074834e-01 9.065638032675374380e-02 0.000000000000000000e+00 4.175125428678185813e-01 0.000000000000000000e+00 0.000000000000000000e+00 1.000000000000000000e+00 0.000000000000000000e+00
1.180054126902440881e-01 -9.930129518670975930e-01 0.000000000000000000e+00 -2.182027305332059797e+01 9.930129518670975930e-01 1.180054126902433942e-01 0.000000000000000000e+00 6.392728315125761895e-01 0.000000000000000000e+00 0.000000000000000000e+00 1.000000000000000000e+00 0.000000000000000000e+00
1.009288750175419969e-01 -9.948936436562929586e-01 0.000000000000000000e+00 -2.179389347538489830e+01 9.948936436562929586e-01 1.009288750175412752e-01 0.000000000000000000e+00 8.629540007422082937e-01 0.000000000000000000e+00 0.000000000000000000e+00 1.000000000000000000e+00 0.000000000000000000e+00
9.843137666321187529e-02 -9.951438409035081589e-01 0.000000000000000000e+00 -2.176818408594108334e+01 9.951438409035079369e-01 9.843137666321118140e-02 0.000000000000000000e+00 1.089472571491773678e+00 0.000000000000000000e+00 0.000000000000000000e+00 1.000000000000000000e+00 0.000000000000000000e+00
9.600293509040321027e-02 -9.953810508815351676e-01 0.000000000000000000e+00 -2.174172730806658294e+01 9.953810508815350566e-01 9.600293509040250250e-02 0.000000000000000000e+00 1.320820170149074713e+00 0.000000000000000000e+00 0.000000000000000000e+00 1.000000000000000000e+00 0.000000000000000000e+00
9.346440403207879888e-02 -9.956226218698177588e-01 0.000000000000000000e+00 -2.171563309786374418e+01 9.956226218698176478e-01 9.346440403207809111e-02 0.000000000000000000e+00 1.547367253762809369e+00 0.000000000000000000e+00 0.000000000000000000e+00 1.000000000000000000e+00 0.000000000000000000e+00
9.096509945779843176e-02 -9.958540810182153757e-01 0.000000000000000000e+00 -2.169106525868510360e+01 9.958540810182153757e-01 9.096509945779771011e-02 0.000000000000000000e+00 1.764111016944342580e+00 0.000000000000000000e+00 0.000000000000000000e+00 1.000000000000000000e+00 0.000000000000000000e+00
8.840545687942295838e-02 -9.960845723099732707e-01 0.000000000000000000e+00 -2.166520904094665667e+01 9.960845723099731597e-01 8.840545687942220898e-02 0.000000000000000000e+00 1.995767529057131284e+00 0.000000000000000000e+00 0.000000000000000000e+00 1.000000000000000000e+00 0.000000000000000000e+00
8.588508266286241921e-02 -9.963050499600986099e-01 0.000000000000000000e+00 -2.164040776855615178e+01 9.963050499600986099e-01 8.588508266286169757e-02 0.000000000000000000e+00 2.222130461066354812e+00 0.000000000000000000e+00 0.000000000000000000e+00 1.000000000000000000e+00 0.000000000000000000e+00
9.876971987326678415e-02 -9.951103167167739683e-01 0.000000000000000000e+00 -2.161526210051110297e+01 9.951103167167738572e-01 9.876971987326604863e-02 0.000000000000000000e+00 2.441372726559501771e+00 0.000000000000000000e+00 0.000000000000000000e+00 1.000000000000000000e+00 0.000000000000000000e+00
9.626173091581734231e-02 -9.953560564748137329e-01 0.000000000000000000e+00 -2.158772833134095492e+01 9.953560564748135109e-01 9.626173091581669006e-02 0.000000000000000000e+00 2.668208375555172651e+00 0.000000000000000000e+00 0.000000000000000000e+00 1.000000000000000000e+00 0.000000000000000000e+00
9.389251310550573992e-02 -9.955823401320125221e-01 0.000000000000000000e+00 -2.156276315823996370e+01 9.955823401320124111e-01 9.389251310550508767e-02 0.000000000000000000e+00 2.894565261317540106e+00 0.000000000000000000e+00 0.000000000000000000e+00 1.000000000000000000e+00 0.000000000000000000e+00
1.046788979241417700e-01 -9.945060725452555817e-01 0.000000000000000000e+00 -2.153641990890777080e+01 9.945060725452553596e-01 1.046788979241410206e-01 0.000000000000000000e+00 3.123745001291693413e+00 0.000000000000000000e+00 0.000000000000000000e+00 1.000000000000000000e+00 0.000000000000000000e+00
9.097505799406013782e-02 -9.958531713174282318e-01 0.000000000000000000e+00 -2.151298655854510500e+01 9.958531713174282318e-01 9.097505799405949944e-02 0.000000000000000000e+00 3.342995522364690331e+00 0.000000000000000000e+00 0.000000000000000000e+00 1.000000000000000000e+00 0.000000000000000000e+00
3.745225854716876385e-02 -9.992984180562469732e-01 0.000000000000000000e+00 -2.149535666749982710e+01 9.992984180562468621e-01 3.745225854716813935e-02 0.000000000000000000e+00 3.567688906650326786e+00 0.000000000000000000e+00 0.000000000000000000e+00 1.000000000000000000e+00 0.000000000000000000e+00
-2.138446624652660111e-01 -9.768676780071690047e-01 0.000000000000000000e+00 -2.152174921245968875e+01 9.768676780071687826e-01 -2.138446624652667050e-01 0.000000000000000000e+00 3.767539021662907217e+00 0.000000000000000000e+00 0.000000000000000000e+00 1.000000000000000000e+00 0.000000000000000000e+00
-7.849088347737562810e-01 -6.196112661129603572e-01 0.000000000000000000e+00 -2.159670119014401024e+01 6.196112661129598020e-01 -7.849088347737565030e-01 0.000000000000000000e+00 3.831035867578341580e+00 0.000000000000000000e+00 0.000000000000000000e+00 1.000000000000000000e+00 0.000000000000000000e+00
-9.423533517963876838e-01 -3.346194261517330681e-01 0.000000000000000000e+00 -2.180790189027689507e+01 3.346194261517322910e-01 -9.423533517963879058e-01 0.000000000000000000e+00 3.910449626860843964e+00 0.000000000000000000e+00 0.000000000000000000e+00 1.000000000000000000e+00 0.000000000000000000e+00
-9.960110019902157497e-01 -8.923050999769097102e-02 0.000000000000000000e+00 -2.201068011438284344e+01 8.923050999769019387e-02 -9.960110019902157497e-01 0.000000000000000000e+00 3.945281978610880813e+00 0.000000000000000000e+00 0.000000000000000000e+00 1.000000000000000000e+00 0.000000000000000000e+00
-9.989144791912513144e-01 4.658179109988278693e-02 0.000000000000000000e+00 -2.223385184556423866e+01 -4.658179109988341837e-02 -9.989144791912509813e-01 0.000000000000000000e+00 3.944966857206173572e+00 0.000000000000000000e+00 0.000000000000000000e+00 1.000000000000000000e+00 0.000000000000000000e+00
-9.994943064359164131e-01 3.179829244139216471e-02 0.000000000000000000e+00 -2.246733892821197287e+01 -3.179829244139280309e-02 -9.994943064359161911e-01 0.000000000000000000e+00 3.941725385835058049e+00 0.000000000000000000e+00 0.000000000000000000e+00 1.000000000000000000e+00 0.000000000000000000e+00
-9.974985915175620388e-01 -7.068634889765935958e-02 0.000000000000000000e+00 -2.268334455457410570e+01 7.068634889765865181e-02 -9.974985915175619278e-01 0.000000000000000000e+00 3.954861529862240488e+00 0.000000000000000000e+00 0.000000000000000000e+00 1.000000000000000000e+00 0.000000000000000000e+00
-9.851597019257644083e-01 -1.716402100369867623e-01 0.000000000000000000e+00 -2.289446398912869540e+01 1.716402100369859018e-01 -9.851597019257641863e-01 0.000000000000000000e+00 3.995907600969589524e+00 0.000000000000000000e+00 0.000000000000000000e+00 1.000000000000000000e+00 0.000000000000000000e+00
-9.957571605086246169e-01 -9.201998313302869881e-02 0.000000000000000000e+00 -2.310734949276138295e+01 9.201998313302792165e-02 -9.957571605086246169e-01 0.000000000000000000e+00 4.029434962080442162e+00 0.000000000000000000e+00 0.000000000000000000e+00 1.000000000000000000e+00 0.000000000000000000e+00
-9.882600773215801659e-01 1.527809529108453968e-01 0.000000000000000000e+00 -2.333763572918664408e+01 -1.527809529108459796e-01 -9.882600773215800549e-01 0.000000000000000000e+00 4.014354901964884093e+00 0.000000000000000000e+00 0.000000000000000000e+00 1.000000000000000000e+00 0.000000000000000000e+00
-8.974832491430310144e-01 4.410485432553539198e-01 0.000000000000000000e+00 -2.353514410205026408e+01 -4.410485432553544194e-01 -8.974832491430305703e-01 0.000000000000000000e+00 3.942696789034352278e+00 0.000000000000000000e+00 0.000000000000000000e+00 1.000000000000000000e+00 0.000000000000000000e+00
-5.548350390458589576e-01 8.319603833398451220e-01 0.000000000000000000e+00 -2.368182261021982882e+01 -8.319603833398452331e-01 -5.548350390458584025e-01 0.000000000000000000e+00 3.786680714089646571e+00 0.000000000000000000e+00 0.000000000000000000e+00 1.000000000000000000e+00 0.000000000000000000e+00
-1.649661324512511906e-01 9.862992320508406907e-01 0.000000000000000000e+00 -2.373985115676201474e+01 -9.862992320508405797e-01 -1.649661324512504412e-01 0.000000000000000000e+00 3.543898697073968762e+00 0.000000000000000000e+00 0.000000000000000000e+00 1.000000000000000000e+00 0.000000000000000000e+00
-7.568921746740139844e-02 9.971314569098570502e-01 0.000000000000000000e+00 -2.376403213464651287e+01 -9.971314569098569391e-01 -7.568921746740066292e-02 0.000000000000000000e+00 3.318836854887093679e+00 0.000000000000000000e+00 0.000000000000000000e+00 1.000000000000000000e+00 0.000000000000000000e+00
-7.877098431504578335e-02 9.968927384779370238e-01 0.000000000000000000e+00 -2.378695978669527378e+01 -9.968927384779370238e-01 -7.877098431504497844e-02 0.000000000000000000e+00 3.077603161403926535e+00 0.000000000000000000e+00 0.000000000000000000e+00 1.000000000000000000e+00 0.000000000000000000e+00
-1.119862737269630010e-01 9.937097536487963234e-01 0.000000000000000000e+00 -2.381703219945828565e+01 -9.937097536487962124e-01 -1.119862737269622516e-01 0.000000000000000000e+00 2.839506726969029060e+00 0.000000000000000000e+00 0.000000000000000000e+00 1.000000000000000000e+00 0.000000000000000000e+00
-3.651855144541539533e-02 9.993329752391492127e-01 0.000000000000000000e+00 -2.383753958218238722e+01 -9.993329752391492127e-01 -3.651855144541463205e-02 0.000000000000000000e+00 2.595822564878409011e+00 0.000000000000000000e+00 0.000000000000000000e+00 1.000000000000000000e+00 0.000000000000000000e+00
3.220275839117019839e-02 9.994813566805543781e-01 0.000000000000000000e+00 -2.383875746751622060e+01 -9.994813566805542671e-01 3.220275839117093392e-02 0.000000000000000000e+00 2.343531795417232999e+00 0.000000000000000000e+00 0.000000000000000000e+00 1.000000000000000000e+00 0.000000000000000000e+00
-5.365647458451088155e-03 9.999856048100659311e-01 0.000000000000000000e+00 -2.384523302369465014e+01 -9.999856048100657091e-01 -5.365647458450390796e-03 0.000000000000000000e+00 2.093021306071618071e+00 0.000000000000000000e+00 0.000000000000000000e+00 1.000000000000000000e+00 0.000000000000000000e+00
-3.479664737420156556e-02 9.993944132981318340e-01 0.000000000000000000e+00 -2.386127882253499166e+01 -9.993944132981317230e-01 -3.479664737420087167e-02 0.000000000000000000e+00 1.851777793330702693e+00 0.000000000000000000e+00 0.000000000000000000e+00 1.000000000000000000e+00 0.000000000000000000e+00
-3.221509839554040355e-02 9.994809590159120516e-01 0.000000000000000000e+00 -2.387651595734818599e+01 -9.994809590159119406e-01 -3.221509839553975824e-02 0.000000000000000000e+00 1.607795492081850242e+00 0.000000000000000000e+00 0.000000000000000000e+00 1.000000000000000000e+00 0.000000000000000000e+00
-1.294731144531014594e-02 9.999161800502780473e-01 0.000000000000000000e+00 -2.388805883712792877e+01 -9.999161800502777142e-01 -1.294731144530949542e-02 0.000000000000000000e+00 1.292048179304069677e+00 0.000000000000000000e+00 0.000000000000000000e+00 1.000000000000000000e+00 0.000000000000000000e+00
7.380259794966753141e-03 9.999727655118215708e-01 0.000000000000000000e+00 -2.389699314305484990e+01 -9.999727655118214598e-01 7.380259794967388050e-03 0.000000000000000000e+00 1.040646090455142669e+00 0.000000000000000000e+00 0.000000000000000000e+00 1.000000000000000000e+00 0.000000000000000000e+00
-9.957508646647891815e-03 9.999504227818264424e-01 0.000000000000000000e+00 -2.390669514581916033e+01 -9.999504227818264424e-01 -9.957508646647225681e-03 0.000000000000000000e+00 7.929940871473508679e-01 0.000000000000000000e+00 0.000000000000000000e+00 1.000000000000000000e+00 0.000000000000000000e+00
-6.533310557185724454e-02 9.978635103641873005e-01 0.000000000000000000e+00 -2.392797833904888094e+01 -9.978635103641870785e-01 -6.533310557185653678e-02 0.000000000000000000e+00 5.490029754527938621e-01 0.000000000000000000e+00 0.000000000000000000e+00 1.000000000000000000e+00 0.000000000000000000e+00
-7.346941715454430311e-02 9.972974705387421812e-01 0.000000000000000000e+00 -2.395369032654382124e+01 -9.972974705387420702e-01 -7.346941715454360922e-02 0.000000000000000000e+00 3.076279450559855633e-01 0.000000000000000000e+00 0.000000000000000000e+00 1.000000000000000000e+00 0.000000000000000000e+00
-4.151673729695835868e-02 9.991378085750819427e-01 0.000000000000000000e+00 -2.397341692523044188e+01 -9.991378085750819427e-01 -4.151673729695758847e-02 0.000000000000000000e+00 5.958919041418120344e-02 0.000000000000000000e+00 0.000000000000000000e+00 1.000000000000000000e+00 0.000000000000000000e+00
-4.068444119466418929e-02 9.991720453679033831e-01 0.000000000000000000e+00 -2.399103030137587567e+01 -9.991720453679032721e-01 -4.068444119466348152e-02 0.000000000000000000e+00 -1.934512329982815970e-01 0.000000000000000000e+00 0.000000000000000000e+00 1.000000000000000000e+00 0.000000000000000000e+00
-1.459198125055791717e-01 9.892964208559223982e-01 0.000000000000000000e+00 -2.402716302325974596e+01 -9.892964208559223982e-01 -1.459198125055783946e-01 0.000000000000000000e+00 -4.399146712792241232e-01 0.000000000000000000e+00 0.000000000000000000e+00 1.000000000000000000e+00 0.000000000000000000e+00
-7.269848433653898490e-02 9.973539644354816325e-01 0.000000000000000000e+00 -2.406183956825163506e+01 -9.973539644354815215e-01 -7.269848433653831876e-02 0.000000000000000000e+00 -6.805532684585298142e-01 0.000000000000000000e+00 0.000000000000000000e+00 1.000000000000000000e+00 0.000000000000000000e+00
1.072297642587069499e-01 9.942342669899403296e-01 0.000000000000000000e+00 -2.404800523363251941e+01 -9.942342669899398855e-01 1.072297642587076716e-01 0.000000000000000000e+00 -8.881188470370773302e-01 0.000000000000000000e+00 0.000000000000000000e+00 1.000000000000000000e+00 0.000000000000000000e+00
7.039804929018086965e-02 9.975189795969493511e-01 0.000000000000000000e+00 -2.402805442423833071e+01 -9.975189795969491291e-01 7.039804929018163293e-02 0.000000000000000000e+00 -1.129263180094097763e+00 0.000000000000000000e+00 0.000000000000000000e+00 1.000000000000000000e+00 0.000000000000000000e+00
-3.868202006132939047e-02 9.992515705886965138e-01 0.000000000000000000e+00 -2.403265902311910551e+01 -9.992515705886962918e-01 -3.868202006132869658e-02 0.000000000000000000e+00 -1.338665319694316125e+00 0.000000000000000000e+00 0.000000000000000000e+00 1.000000000000000000e+00 0.000000000000000000e+00
-1.706483893605029167e-01 9.853319883210267527e-01 0.000000000000000000e+00 -2.406596331731732974e+01 -9.853319883210266417e-01 -1.706483893605022228e-01 0.000000000000000000e+00 -1.532657974887646546e+00 0.000000000000000000e+00 0.000000000000000000e+00 1.000000000000000000e+00 0.000000000000000000e+00
-9.656297458608463502e-02 9.953268769299303820e-01 0.000000000000000000e+00 -2.409713847862867908e+01 -9.953268769299303820e-01 -9.656297458608394113e-02 0.000000000000000000e+00 -1.736551583274989596e+00 0.000000000000000000e+00 0.000000000000000000e+00 1.000000000000000000e+00 0.000000000000000000e+00
3.522204002874904094e-02 9.993795114450839678e-01 0.000000000000000000e+00 -2.409686181219560197e+01 -9.993795114450838568e-01 3.522204002874970707e-02 0.000000000000000000e+00 -1.960033059860151639e+00 0.000000000000000000e+00 0.000000000000000000e+00 1.000000000000000000e+00 0.000000000000000000e+00
2.244544170660631166e-02 9.997480693387695849e-01 0.000000000000000000e+00 -2.409280310813890580e+01 -9.997480693387693629e-01 2.244544170660712698e-02 0.000000000000000000e+00 -2.185731836980520981e+00 0.000000000000000000e+00 0.000000000000000000e+00 1.000000000000000000e+00 0.000000000000000000e+00
-3.681535172406538020e-02 9.993220851544486472e-01 0.000000000000000000e+00 -2.410329162423694527e+01 -9.993220851544484251e-01 -3.681535172406472101e-02 0.000000000000000000e+00 -2.395518382382512357e+00 0.000000000000000000e+00 0.000000000000000000e+00 1.000000000000000000e+00 0.000000000000000000e+00
-3.424997345165389784e-02 9.994132975493985604e-01 0.000000000000000000e+00 -2.411502666538131479e+01 -9.994132975493984494e-01 -3.424997345165325252e-02 0.000000000000000000e+00 -2.611717061073731472e+00 0.000000000000000000e+00 0.000000000000000000e+00 1.000000000000000000e+00 0.000000000000000000e+00
-1.634594520559121134e-02 9.998663961126693644e-01 0.000000000000000000e+00 -2.412203837135518469e+01 -9.998663961126692534e-01 -1.634594520559053479e-02 0.000000000000000000e+00 -2.825656984763387669e+00 0.000000000000000000e+00 0.000000000000000000e+00 1.000000000000000000e+00 0.000000000000000000e+00
1.701150619092397023e-02 9.998552938586252603e-01 0.000000000000000000e+00 -2.412377885223059693e+01 -9.998552938586250383e-01 1.701150619092458086e-02 0.000000000000000000e+00 -3.041735832238847692e+00 0.000000000000000000e+00 0.000000000000000000e+00 1.000000000000000000e+00 0.000000000000000000e+00
3.940316598536511283e-03 9.999922369224198970e-01 0.000000000000000000e+00 -2.412553828629955532e+01 -9.999922369224196750e-01 3.940316598537164407e-03 0.000000000000000000e+00 -3.264580272133041916e+00 0.000000000000000000e+00 0.000000000000000000e+00 1.000000000000000000e+00 0.000000000000000000e+00
6.130288397761595592e-03 9.999812096055414878e-01 0.000000000000000000e+00 -2.412848301645495042e+01 -9.999812096055412658e-01 6.130288397762337187e-03 0.000000000000000000e+00 -3.487041146925244917e+00 0.000000000000000000e+00 0.000000000000000000e+00 1.000000000000000000e+00 0.000000000000000000e+00
-1.021949531265779233e-02 9.999477795942927072e-01 0.000000000000000000e+00 -2.413384620049437501e+01 -9.999477795942925962e-01 -1.021949531265702212e-02 0.000000000000000000e+00 -3.696246907918958158e+00 0.000000000000000000e+00 0.000000000000000000e+00 1.000000000000000000e+00 0.000000000000000000e+00
-5.396647009617028604e-03 9.999854379945015692e-01 0.000000000000000000e+00 -2.413870199032482589e+01 -9.999854379945014582e-01 -5.396647009616272264e-03 0.000000000000000000e+00 -3.917122342734877805e+00 0.000000000000000000e+00 0.000000000000000000e+00 1.000000000000000000e+00 0.000000000000000000e+00
-3.505666024470429753e-03 9.999938551339836446e-01 0.000000000000000000e+00 -2.414384918620162068e+01 -9.999938551339834225e-01 -3.505666024469734129e-03 0.000000000000000000e+00 -4.133171917366734505e+00 0.000000000000000000e+00 0.000000000000000000e+00 1.000000000000000000e+00 0.000000000000000000e+00
-1.489512236653818197e-02 9.998890615111697411e-01 0.000000000000000000e+00 -2.414973381088282878e+01 -9.998890615111694080e-01 -1.489512236653748115e-02 0.000000000000000000e+00 -4.352447477546983023e+00 0.000000000000000000e+00 0.000000000000000000e+00 1.000000000000000000e+00 0.000000000000000000e+00
-7.531129921824235296e-02 9.971600715081114785e-01 0.000000000000000000e+00 -2.416469739037379227e+01 -9.971600715081113675e-01 -7.531129921824160356e-02 0.000000000000000000e+00 -4.572541255034712648e+00 0.000000000000000000e+00 0.000000000000000000e+00 1.000000000000000000e+00 0.000000000000000000e+00
-1.353202448806923863e-01 9.908019132629040104e-01 0.000000000000000000e+00 -2.419497264702267714e+01 -9.908019132629040104e-01 -1.353202448806916647e-01 0.000000000000000000e+00 -4.786597363882005851e+00 0.000000000000000000e+00 0.000000000000000000e+00 1.000000000000000000e+00 0.000000000000000000e+00
-1.049580054972165249e-01 9.944766548703131148e-01 0.000000000000000000e+00 -2.422403267593181653e+01 -9.944766548703130038e-01 -1.049580054972158588e-01 0.000000000000000000e+00 -5.006049102585075516e+00 0.000000000000000000e+00 0.000000000000000000e+00 1.000000000000000000e+00 0.000000000000000000e+00
-8.801862435488394532e-02 9.961188291397143901e-01 0.000000000000000000e+00 -2.424876761986031326e+01 -9.961188291397142791e-01 -8.801862435488334857e-02 0.000000000000000000e+00 -5.223402928060620454e+00 0.000000000000000000e+00 0.000000000000000000e+00 1.000000000000000000e+00 0.000000000000000000e+00
-8.658212998970175878e-02 9.962447163054108934e-01 0.000000000000000000e+00 -2.427147805060293351e+01 -9.962447163054105603e-01 -8.658212998970107876e-02 0.000000000000000000e+00 -5.433790589142454053e+00 0.000000000000000000e+00 0.000000000000000000e+00 1.000000000000000000e+00 0.000000000000000000e+00
-6.990660946080685945e-02 9.975535403945473556e-01 0.000000000000000000e+00 -2.428956736429492125e+01 -9.975535403945473556e-01 -6.990660946080622107e-02 0.000000000000000000e+00 -5.651322456072687572e+00 0.000000000000000000e+00 0.000000000000000000e+00 1.000000000000000000e+00 0.000000000000000000e+00
-5.326445487907591203e-02 9.985804413498376997e-01 0.000000000000000000e+00 -2.430356137594795740e+01 -9.985804413498374776e-01 -5.326445487907523896e-02 0.000000000000000000e+00 -5.869743649270267483e+00 0.000000000000000000e+00 0.000000000000000000e+00 1.000000000000000000e+00 0.000000000000000000e+00
