-5.605325371518164040e-02 -9.984277804367927001e-01 0.000000000000000000e+00 -2.302611557793258967e+01 9.984277804367925890e-01 -5.605325371518170979e-02 0.000000000000000000e+00 -1.348182166009403282e+01 0.000000000000000000e+00 0.000000000000000000e+00 1.000000000000000000e+00 0.000000000000000000e+00
-3.027802002761762618e-02 -9.995415156476524787e-01 0.000000000000000000e+00 -2.303053895478127444e+01 9.995415156476519236e-01 -3.027802002761764352e-02 0.000000000000000000e+00 -1.325566356530798906e+01 0.000000000000000000e+00 0.000000000000000000e+00 1.000000000000000000e+00 0.000000000000000000e+00
-3.072781062882935094e-02 -9.995277893355229981e-01 0.000000000000000000e+00 -2.303323845370930201e+01 9.995277893355228871e-01 -3.072781062882935788e-02 0.000000000000000000e+00 -1.303848303393940711e+01 0.000000000000000000e+00 0.000000000000000000e+00 1.000000000000000000e+00 0.000000000000000000e+00
-1.947141761300922799e-02 -9.998104139766391674e-01 0.000000000000000000e+00 -2.303384577602313854e+01 9.998104139766389453e-01 -1.947141761300928350e-02 0.000000000000000000e+00 -1.281226639184690974e+01 0.000000000000000000e+00 0.000000000000000000e+00 1.000000000000000000e+00 0.000000000000000000e+00
-1.604196007786297049e-02 -9.998713194790913583e-01 0.000000000000000000e+00 -2.303513396665439927e+01 9.998713194790910253e-01 -1.604196007786302947e-02 0.000000000000000000e+00 -1.258700913410612365e+01 0.000000000000000000e+00 0.000000000000000000e+00 1.000000000000000000e+00 0.000000000000000000e+00
-4.720509925094618781e-02 -9.988852179328251424e-01 0.000000000000000000e+00 -2.303994375425068597e+01 9.988852179328248093e-01 -4.720509925094618781e-02 0.000000000000000000e+00 -1.237014669350545581e+01 0.000000000000000000e+00 0.000000000000000000e+00 1.000000000000000000e+00 0.000000000000000000e+00
-3.203716529235952487e-02 -9.994866782704154851e-01 0.000000000000000000e+00 -2.304436299315399594e+01 9.994866782704151520e-01 -3.203716529235955263e-02 0.000000000000000000e+00 -1.214604660330575214e+01 0.000000000000000000e+00 0.000000000000000000e+00 1.000000000000000000e+00 0.000000000000000000e+00
1.418687585497098620e-02 -9.998993612126545472e-01 0.000000000000000000e+00 -2.304044740891237097e+01 9.998993612126542141e-01 1.418687585497092896e-02 0.000000000000000000e+00 -1.191883005307217758e+01 0.000000000000000000e+00 0.000000000000000000e+00 1.000000000000000000e+00 0.000000000000000000e+00
2.964300881525363043e-02 -9.995605494557986415e-01 0.000000000000000000e+00 -2.303110168309827444e+01 9.995605494557983084e-01 2.964300881525340839e-02 0.000000000000000000e+00 -1.169588041770802889e+01 0.000000000000000000e+00 0.000000000000000000e+00 1.000000000000000000e+00 0.000000000000000000e+00
1.418687585497098620e-02 -9.998993612126545472e-01 0.000000000000000000e+00 -2.302401459611062151e+01 9.998993612126542141e-01 1.418687585497092896e-02 0.000000000000000000e+00 -1.147805674085441119e+01 0.000000000000000000e+00 0.000000000000000000e+00 1.000000000000000000e+00 0.000000000000000000e+00
-1.202647919298225915e-03 -9.999992768187289105e-01 0.000000000000000000e+00 -2.302024252238625124e+01 9.999992768187287995e-01 -1.202647919298245214e-03 0.000000000000000000e+00 -1.125472006236245370e+01 0.000000000000000000e+00 0.000000000000000000e+00 1.000000000000000000e+00 0.000000000000000000e+00
1.298698669493709469e-02 -9.999156655321410625e-01 0.000000000000000000e+00 -2.301732031065409956e+01 9.999156655321406184e-01 1.298698669493696979e-02 0.000000000000000000e+00 -1.102238861124446245e+01 0.000000000000000000e+00 0.000000000000000000e+00 1.000000000000000000e+00 0.000000000000000000e+00
7.679167787579990745e-02 -9.970471594709140462e-01 0.000000000000000000e+00 -2.299884442167689613e+01 9.970471594709138241e-01 7.679167787579974092e-02 0.000000000000000000e+00 -1.080147323756824740e+01 0.000000000000000000e+00 0.000000000000000000e+00 1.000000000000000000e+00 0.000000000000000000e+00
6.180793066579528400e-02 -9.980880621001391173e-01 0.000000000000000000e+00 -2.298001776474466951e+01 9.980880621001387842e-01 6.180793066579508971e-02 0.000000000000000000e+00 -1.058413018272462836e+01 0.000000000000000000e+00 0.000000000000000000e+00 1.000000000000000000e+00 0.000000000000000000e+00
4.691012996982465988e-02 -9.988991138779796941e-01 0.000000000000000000e+00 -2.296525236687250171e+01 9.988991138779794721e-01 4.691012996982465294e-02 0.000000000000000000e+00 -1.036154545116005110e+01 0.000000000000000000e+00 0.000000000000000000e+00 1.000000000000000000e+00 0.000000000000000000e+00
3.271151519070965991e-02 -9.994648351862744917e-01 0.000000000000000000e+00 -2.295420078471309466e+01 9.994648351862742697e-01 3.271151519070959052e-02 0.000000000000000000e+00 -1.013875535929828331e+01 0.000000000000000000e+00 0.000000000000000000e+00 1.000000000000000000e+00 0.000000000000000000e+00
2.137350163457042707e-03 -9.999977158645301234e-01 0.000000000000000000e+00 -2.294813294132513093e+01 9.999977158645300124e-01 2.137350163456909567e-03 0.000000000000000000e+00 -9.917884758998880557e+00 0.000000000000000000e+00 0.000000000000000000e+00 1.000000000000000000e+00 0.000000000000000000e+00
1.828633250975052887e-02 -9.998327910422531994e-01 0.000000000000000000e+00 -2.294226731458408608e+01 9.998327910422527554e-01 1.828633250975045602e-02 0.000000000000000000e+00 -9.699463976739185256e+00 0.000000000000000000e+00 0.000000000000000000e+00 1.000000000000000000e+00 0.000000000000000000e+00
3.472037207785148849e-02 -9.993970661167534963e-01 0.000000000000000000e+00 -2.293306161585630321e+01 9.993970661167533853e-01 3.472037207785132196e-02 0.000000000000000000e+00 -9.476544214692541601e+00 0.000000000000000000e+00 0.000000000000000000e+00 1.000000000000000000e+00 0.000000000000000000e+00
3.510014044702505082e-02 -9.993838002192141357e-01 0.000000000000000000e+00 -2.292451679256024732e+01 9.993838002192139136e-01 3.510014044702495367e-02 0.000000000000000000e+00 -9.245749851470995040e+00 0.000000000000000000e+00 0.000000000000000000e+00 1.000000000000000000e+00 0.000000000000000000e+00
2.272539527194177011e-02 -9.997417448570070642e-01 0.000000000000000000e+00 -2.291808318679570178e+01 9.997417448570068421e-01 2.272539527194162093e-02 0.000000000000000000e+00 -9.022931581311507188e+00 0.000000000000000000e+00 0.000000000000000000e+00 1.000000000000000000e+00 0.000000000000000000e+00
2.282536933263368262e-02 -9.997394673187749436e-01 0.000000000000000000e+00 -2.291013332246319223e+01 9.997394673187747216e-01 2.282536933263357853e-02 0.000000000000000000e+00 -8.802038683831540311e+00 0.000000000000000000e+00 0.000000000000000000e+00 1.000000000000000000e+00 0.000000000000000000e+00
2.378510855591274911e-02 -9.997170942876701938e-01 0.000000000000000000e+00 -2.290208112785898820e+01 9.997170942876699717e-01 2.378510855591267278e-02 0.000000000000000000e+00 -8.576359876979733343e+00 0.000000000000000000e+00 0.000000000000000000e+00 1.000000000000000000e+00 0.000000000000000000e+00
2.460486848480697084e-02 -9.996972543959717905e-01 0.000000000000000000e+00 -2.289375885193444304e+01 9.996972543959714574e-01 2.460486848480689451e-02 0.000000000000000000e+00 -8.350591314457329162e+00 0.000000000000000000e+00 0.000000000000000000e+00 1.000000000000000000e+00 0.000000000000000000e+00
5.618774500420544576e-02 -9.984202208045174221e-01 0.000000000000000000e+00 -2.288085858150291685e+01 9.984202208045172000e-01 5.618774500420543189e-02 0.000000000000000000e+00 -8.124830894049331675e+00 0.000000000000000000e+00 0.000000000000000000e+00 1.000000000000000000e+00 0.000000000000000000e+00
1.061171740664282881e-01 -9.943536319479877594e-01 0.000000000000000000e+00 -2.285717823906238166e+01 9.943536319479874264e-01 1.061171740664282048e-01 0.000000000000000000e+00 -7.901206228187316327e+00 0.000000000000000000e+00 0.000000000000000000e+00 1.000000000000000000e+00 0.000000000000000000e+00
1.155089378024863056e-01 -9.933064407763297909e-01 0.000000000000000000e+00 -2.282742745576066667e+01 9.933064407763295689e-01 1.155089378024861529e-01 0.000000000000000000e+00 -7.677097054584505642e+00 0.000000000000000000e+00 0.000000000000000000e+00 1.000000000000000000e+00 0.000000000000000000e+00
8.845160754971451156e-02 -9.960804752236991355e-01 0.000000000000000000e+00 -2.280503852119261765e+01 9.960804752236988024e-01 8.845160754971427564e-02 0.000000000000000000e+00 -7.461659223624142356e+00 0.000000000000000000e+00 0.000000000000000000e+00 1.000000000000000000e+00 0.000000000000000000e+00
6.904238134203746768e-02 -9.976137276414253074e-01 0.000000000000000000e+00 -2.278532651732790626e+01 9.976137276414249744e-01 6.904238134203737054e-02 0.000000000000000000e+00 -7.238406967412388759e+00 0.000000000000000000e+00 0.000000000000000000e+00 1.000000000000000000e+00 0.000000000000000000e+00
7.346111822655455870e-02 -9.972980818736708608e-01 0.000000000000000000e+00 -2.276750879136243100e+01 9.972980818736705277e-01 7.346111822655435053e-02 0.000000000000000000e+00 -7.015460997407499733e+00 0.000000000000000000e+00 0.000000000000000000e+00 1.000000000000000000e+00 0.000000000000000000e+00
7.353092891224899397e-02 -9.972929371520188324e-01 0.000000000000000000e+00 -2.274971643885417194e+01 9.972929371520188324e-01 7.353092891224885519e-02 0.000000000000000000e+00 -6.794033005066380859e+00 0.000000000000000000e+00 0.000000000000000000e+00 1.000000000000000000e+00 0.000000000000000000e+00
5.806467461866871016e-02 -9.983128234984399718e-01 0.000000000000000000e+00 -2.273282435741371543e+01 9.983128234984395277e-01 5.806467461866852281e-02 0.000000000000000000e+00 -6.572904198293922917e+00 0.000000000000000000e+00 0.000000000000000000e+00 1.000000000000000000e+00 0.000000000000000000e+00
7.334144192809705087e-02 -9.973068900272906712e-01 0.000000000000000000e+00 -2.271391355157921765e+01 9.973068900272904491e-01 7.334144192809684271e-02 0.000000000000000000e+00 -6.348765216805452027e+00 0.000000000000000000e+00 0.000000000000000000e+00 1.000000000000000000e+00 0.000000000000000000e+00
7.309211291626746543e-02 -9.973251942217415955e-01 0.000000000000000000e+00 -2.269467423712827880e+01 9.973251942217413735e-01 7.309211291626728502e-02 0.000000000000000000e+00 -6.118759130145861036e+00 0.000000000000000000e+00 0.000000000000000000e+00 1.000000000000000000e+00 0.000000000000000000e+00
1.098651242633655462e-01 -9.939465048334311659e-01 0.000000000000000000e+00 -2.266951584876021997e+01 9.939465048334309438e-01 1.098651242633655462e-01 0.000000000000000000e+00 -5.893316000856630765e+00 0.000000000000000000e+00 0.000000000000000000e+00 1.000000000000000000e+00 0.000000000000000000e+00
1.340030315060792288e-01 -9.909809218886000970e-01 0.000000000000000000e+00 -2.263699353598765640e+01 9.909809218885997639e-01 1.340030315060792010e-01 0.000000000000000000e+00 -5.681222539816634054e+00 0.000000000000000000e+00 0.000000000000000000e+00 1.000000000000000000e+00 0.000000000000000000e+00
1.182003708077736803e-01 -9.929897644693540526e-01 0.000000000000000000e+00 -2.260769078113350616e+01 9.929897644693539416e-01 1.182003708077736664e-01 0.000000000000000000e+00 -5.459797161941928323e+00 0.000000000000000000e+00 0.000000000000000000e+00 1.000000000000000000e+00 0.000000000000000000e+00
1.023378731936400859e-01 -9.947496970143803185e-01 0.000000000000000000e+00 -2.258377149296544673e+01 9.947496970143800965e-01 1.023378731936399055e-01 0.000000000000000000e+00 -5.237779912932912119e+00 0.000000000000000000e+00 0.000000000000000000e+00 1.000000000000000000e+00 0.000000000000000000e+00
8.646923357375665975e-02 -9.962545215180537150e-01 0.000000000000000000e+00 -2.256256320771072055e+01 9.962545215180533820e-01 8.646923357375664587e-02 0.000000000000000000e+00 -5.015543610953342224e+00 0.000000000000000000e+00 0.000000000000000000e+00 1.000000000000000000e+00 0.000000000000000000e+00
1.014027634032813457e-01 -9.948454551206318275e-01 0.000000000000000000e+00 -2.253841978670830315e+01 9.948454551206314944e-01 1.014027634032811653e-01 0.000000000000000000e+00 -4.793733324821558561e+00 0.000000000000000000e+00 0.000000000000000000e+00 1.000000000000000000e+00 0.000000000000000000e+00
1.162439528752296225e-01 -9.932206922028661289e-01 0.000000000000000000e+00 -2.250908132765664504e+01 9.932206922028656848e-01 1.162439528752295254e-01 0.000000000000000000e+00 -4.572281219240613481e+00 0.000000000000000000e+00 0.000000000000000000e+00 1.000000000000000000e+00 0.000000000000000000e+00
1.003780189765983016e-01 -9.949493722327445999e-01 0.000000000000000000e+00 -2.248129853262994970e+01 9.949493722327444889e-01 1.003780189765981629e-01 0.000000000000000000e+00 -4.356115868278664038e+00 0.000000000000000000e+00 0.000000000000000000e+00 1.000000000000000000e+00 0.000000000000000000e+00
8.449648141310073246e-02 -9.964237776311866135e-01 0.000000000000000000e+00 -2.245846675594787101e+01 9.964237776311863914e-01 8.449648141310064919e-02 0.000000000000000000e+00 -4.131789834358086111e+00 0.000000000000000000e+00 0.000000000000000000e+00 1.000000000000000000e+00 0.000000000000000000e+00
1.146943877782264642e-01 -9.934008241451065535e-01 0.000000000000000000e+00 -2.243287827459783301e+01 9.934008241451063315e-01 1.146943877782262838e-01 0.000000000000000000e+00 -3.914643897607706702e+00 0.000000000000000000e+00 0.000000000000000000e+00 1.000000000000000000e+00 0.000000000000000000e+00
1.447470760397268630e-01 -9.894686877198026753e-01 0.000000000000000000e+00 -2.239780220654560949e+01 9.894686877198024533e-01 1.447470760397267242e-01 0.000000000000000000e+00 -3.691769742760182105e+00 0.000000000000000000e+00 0.000000000000000000e+00 1.000000000000000000e+00 0.000000000000000000e+00
1.287985588407678794e-01 -9.916707776477734493e-01 0.000000000000000000e+00 -2.236423720581553098e+01 9.916707776477734493e-01 1.287985588407676851e-01 0.000000000000000000e+00 -3.471400821743662046e+00 0.000000000000000000e+00 0.000000000000000000e+00 1.000000000000000000e+00 0.000000000000000000e+00
1.282531204597782692e-01 -9.917414668613633300e-01 0.000000000000000000e+00 -2.233345215004865736e+01 9.917414668613632189e-01 1.282531204597780750e-01 0.000000000000000000e+00 -3.252738186166764578e+00 0.000000000000000000e+00 0.000000000000000000e+00 1.000000000000000000e+00 0.000000000000000000e+00
1.123098977693950812e-01 -9.936732294185182113e-01 0.000000000000000000e+00 -2.230600199915658877e+01 9.936732294185178782e-01 1.123098977693950395e-01 0.000000000000000000e+00 -3.029326931266743017e+00 0.000000000000000000e+00 0.000000000000000000e+00 1.000000000000000000e+00 0.000000000000000000e+00
1.271720462861962164e-01 -9.918806735910226102e-01 0.000000000000000000e+00 -2.227706758926409236e+01 9.918806735910222772e-01 1.271720462861961054e-01 0.000000000000000000e+00 -2.810051020998038940e+00 0.000000000000000000e+00 0.000000000000000000e+00 1.000000000000000000e+00 0.000000000000000000e+00
1.266364122068041054e-01 -9.919492018764809460e-01 0.000000000000000000e+00 -2.224442531020784841e+01 9.919492018764806129e-01 1.266364122068039388e-01 0.000000000000000000e+00 -2.586500463812381412e+00 0.000000000000000000e+00 0.000000000000000000e+00 1.000000000000000000e+00 0.000000000000000000e+00
1.367673431450285304e-01 -9.906031969709410134e-01 0.000000000000000000e+00 -2.221297850963678755e+01 9.906031969709407914e-01 1.367673431450283916e-01 0.000000000000000000e+00 -2.371214828356029702e+00 0.000000000000000000e+00 0.000000000000000000e+00 1.000000000000000000e+00 0.000000000000000000e+00
1.409365582474963463e-01 -9.900186293950983263e-01 0.000000000000000000e+00 -2.217954455397986635e+01 9.900186293950981042e-01 1.409365582474961798e-01 0.000000000000000000e+00 -2.152442989425310316e+00 0.000000000000000000e+00 0.000000000000000000e+00 1.000000000000000000e+00 0.000000000000000000e+00
1.251483464960237157e-01 -9.921380404809152509e-01 0.000000000000000000e+00 -2.214992882240543892e+01 9.921380404809149178e-01 1.251483464960236325e-01 0.000000000000000000e+00 -1.927285693200402328e+00 0.000000000000000000e+00 0.000000000000000000e+00 1.000000000000000000e+00 0.000000000000000000e+00
1.054608776046680879e-01 -9.944234527075738184e-01 0.000000000000000000e+00 -2.212463556817983346e+01 9.944234527075735963e-01 1.054608776046680463e-01 0.000000000000000000e+00 -1.704864487173008758e+00 0.000000000000000000e+00 0.000000000000000000e+00 1.000000000000000000e+00 0.000000000000000000e+00
1.243942855150047960e-01 -9.922328666856436996e-01 0.000000000000000000e+00 -2.209628736391963244e+01 9.922328666856434776e-01 1.243942855150047128e-01 0.000000000000000000e+00 -1.488026047510616179e+00 0.000000000000000000e+00 0.000000000000000000e+00 1.000000000000000000e+00 0.000000000000000000e+00
1.971081782096961443e-01 -9.803817450783411935e-01 0.000000000000000000e+00 -2.205348127276161918e+01 9.803817450783408605e-01 1.971081782096959500e-01 0.000000000000000000e+00 -1.269108688309085853e+00 0.000000000000000000e+00 0.000000000000000000e+00 1.000000000000000000e+00 0.000000000000000000e+00
1.875795290433829865e-01 -9.822494185714042425e-01 0.000000000000000000e+00 -2.200791946140617128e+01 9.822494185714039094e-01 1.875795290433828755e-01 0.000000000000000000e+00 -1.050501822575155231e+00 0.000000000000000000e+00 0.000000000000000000e+00 1.000000000000000000e+00 0.000000000000000000e+00
1.539625042108410113e-01 -9.880766909998058845e-01 0.000000000000000000e+00 -2.196847451795265371e+01 9.880766909998055514e-01 1.539625042108410113e-01 0.000000000000000000e+00 -8.328514227686167892e-01 0.000000000000000000e+00 0.000000000000000000e+00 1.000000000000000000e+00 0.000000000000000000e+00
1.513435634437866606e-01 -9.884812217761831388e-01 0.000000000000000000e+00 -2.193043355304826036e+01 9.884812217761826947e-01 1.513435634437864663e-01 0.000000000000000000e+00 -6.107557508406213920e-01 0.000000000000000000e+00 0.000000000000000000e+00 1.000000000000000000e+00 0.000000000000000000e+00
1.533893938656992750e-01 -9.881658230527468056e-01 0.000000000000000000e+00 -2.189383967203865211e+01 9.881658230527463616e-01 1.533893938656990530e-01 0.000000000000000000e+00 -3.964887728140209511e-01 0.000000000000000000e+00 0.000000000000000000e+00 1.000000000000000000e+00 0.000000000000000000e+00
1.532609310129240399e-01 -9.881857553238918568e-01 0.000000000000000000e+00 -2.185576672970093881e+01 9.881857553238916347e-01 1.532609310129238733e-01 0.000000000000000000e+00 -1.699971280194576551e-01 0.000000000000000000e+00 0.000000000000000000e+00 1.000000000000000000e+00 0.000000000000000000e+00
1.530534086264276339e-01 -9.882179183296723179e-01 0.000000000000000000e+00 -2.181688564751802772e+01 9.882179183296719849e-01 1.530534086264275784e-01 0.000000000000000000e+00 5.222778383402459923e-02 0.000000000000000000e+00 0.000000000000000000e+00 1.000000000000000000e+00 0.000000000000000000e+00
1.528952918010861861e-01 -9.882423942257586580e-01 0.000000000000000000e+00 -2.177835657785805878e+01 9.882423942257583249e-01 1.528952918010860751e-01 0.000000000000000000e+00 2.744390141783497050e-01 0.000000000000000000e+00 0.000000000000000000e+00 1.000000000000000000e+00 0.000000000000000000e+00
1.824299904080759205e-01 -9.832188457305465201e-01 0.000000000000000000e+00 -2.173666803523902757e+01 9.832188457305461871e-01 1.824299904080757262e-01 0.000000000000000000e+00 4.916453838232022200e-01 0.000000000000000000e+00 0.000000000000000000e+00 1.000000000000000000e+00 0.000000000000000000e+00
1.679673415470508691e-01 -9.857925604170562073e-01 0.000000000000000000e+00 -2.169631368430821183e+01 9.857925604170558742e-01 1.679673415470506470e-01 0.000000000000000000e+00 7.108509614460190029e-01 0.000000000000000000e+00 0.000000000000000000e+00 1.000000000000000000e+00 0.000000000000000000e+00
1.679673415470508691e-01 -9.857925604170562073e-01 0.000000000000000000e+00 -2.165590080723429978e+01 9.857925604170558742e-01 1.679673415470506470e-01 0.000000000000000000e+00 9.328484872579370091e-01 0.000000000000000000e+00 0.000000000000000000e+00 1.000000000000000000e+00 0.000000000000000000e+00
1.680757777122759977e-01 -9.857740780454782303e-01 0.000000000000000000e+00 -2.161387567288974410e+01 9.857740780454778973e-01 1.680757777122757479e-01 0.000000000000000000e+00 1.159550556245668496e+00 0.000000000000000000e+00 0.000000000000000000e+00 1.000000000000000000e+00 0.000000000000000000e+00
1.680954931602200719e-01 -9.857707163327694699e-01 0.000000000000000000e+00 -2.157193900635027362e+01 9.857707163327692479e-01 1.680954931602199331e-01 0.000000000000000000e+00 1.381314703256766308e+00 0.000000000000000000e+00 0.000000000000000000e+00 1.000000000000000000e+00 0.000000000000000000e+00
1.681842118437837097e-01 -9.857555837460340031e-01 0.000000000000000000e+00 -2.153169116984676634e+01 9.857555837460338921e-01 1.681842118437834876e-01 0.000000000000000000e+00 1.593320374305408293e+00 0.000000000000000000e+00 0.000000000000000000e+00 1.000000000000000000e+00 0.000000000000000000e+00
1.682433568760413889e-01 -9.857454909189694581e-01 0.000000000000000000e+00 -2.148843410477032734e+01 9.857454909189692360e-01 1.682433568760411391e-01 0.000000000000000000e+00 1.819945328626357828e+00 0.000000000000000000e+00 0.000000000000000000e+00 1.000000000000000000e+00 0.000000000000000000e+00
1.683715023678434286e-01 -9.857236109530876922e-01 0.000000000000000000e+00 -2.144606582384705362e+01 9.857236109530873591e-01 1.683715023678433731e-01 0.000000000000000000e+00 2.041283084943728454e+00 0.000000000000000000e+00 0.000000000000000000e+00 1.000000000000000000e+00 0.000000000000000000e+00
1.837473394814460037e-01 -9.829735068828097111e-01 0.000000000000000000e+00 -2.140340401227546252e+01 9.829735068828094890e-01 1.837473394814459482e-01 0.000000000000000000e+00 2.255470572751560709e+00 0.000000000000000000e+00 0.000000000000000000e+00 1.000000000000000000e+00 0.000000000000000000e+00
1.839341011299904516e-01 -9.829385771458465371e-01 0.000000000000000000e+00 -2.135707576011672160e+01 9.829385771458463150e-01 1.839341011299902573e-01 0.000000000000000000e+00 2.476774746123679982e+00 0.000000000000000000e+00 0.000000000000000000e+00 1.000000000000000000e+00 0.000000000000000000e+00
1.842879470911900630e-01 -9.828722971764508598e-01 0.000000000000000000e+00 -2.131278776046339019e+01 9.828722971764506378e-01 1.842879470911900908e-01 0.000000000000000000e+00 2.697800765376399568e+00 0.000000000000000000e+00 0.000000000000000000e+00 1.000000000000000000e+00 0.000000000000000000e+00
1.976473583296929071e-01 -9.802731873030563481e-01 0.000000000000000000e+00 -2.126626945813368152e+01 9.802731873030562371e-01 1.976473583296927683e-01 0.000000000000000000e+00 2.921370767721000128e+00 0.000000000000000000e+00 0.000000000000000000e+00 1.000000000000000000e+00 0.000000000000000000e+00
1.868820847353721837e-01 -9.823823524498801474e-01 0.000000000000000000e+00 -2.122293998522593839e+01 9.823823524498798143e-01 1.868820847353721004e-01 0.000000000000000000e+00 3.135183651284027206e+00 0.000000000000000000e+00 0.000000000000000000e+00 1.000000000000000000e+00 0.000000000000000000e+00
1.367673431450285304e-01 -9.906031969709410134e-01 0.000000000000000000e+00 -2.118422927894559749e+01 9.906031969709407914e-01 1.367673431450283916e-01 0.000000000000000000e+00 3.354782716216634597e+00 0.000000000000000000e+00 0.000000000000000000e+00 1.000000000000000000e+00 0.000000000000000000e+00
-1.125437024102126093e-01 -9.936467757950007140e-01 0.000000000000000000e+00 -2.119122900619388616e+01 9.936467757950004920e-01 -1.125437024102127204e-01 0.000000000000000000e+00 3.554029131036199551e+00 0.000000000000000000e+00 0.000000000000000000e+00 1.000000000000000000e+00 0.000000000000000000e+00
-7.150129628281757244e-01 -6.991111950095441063e-01 0.000000000000000000e+00 -2.125987102547899710e+01 6.991111950095439953e-01 -7.150129628281756133e-01 0.000000000000000000e+00 3.622563265512835251e+00 0.000000000000000000e+00 0.000000000000000000e+00 1.000000000000000000e+00 0.000000000000000000e+00
-9.000885251446925084e-01 -4.357070654727224213e-01 0.000000000000000000e+00 -2.146213749719212061e+01 4.357070654727223102e-01 -9.000885251446922863e-01 0.000000000000000000e+00 3.721604314178146744e+00 0.000000000000000000e+00 0.000000000000000000e+00 1.000000000000000000e+00 0.000000000000000000e+00
-9.794303234494318167e-01 -2.017826590858103619e-01 0.000000000000000000e+00 -2.166055219372054452e+01 2.017826590858101121e-01 -9.794303234494315946e-01 0.000000000000000000e+00 3.776185859608198747e+00 0.000000000000000000e+00 0.000000000000000000e+00 1.000000000000000000e+00 0.000000000000000000e+00
-9.974115160663142854e-01 -7.190457299988094186e-02 0.000000000000000000e+00 -2.188295969610454250e+01 7.190457299988084472e-02 -9.974115160663141744e-01 0.000000000000000000e+00 3.798941100396062254e+00 0.000000000000000000e+00 0.000000000000000000e+00 1.000000000000000000e+00 0.000000000000000000e+00
-9.957657754520250482e-01 -9.192671232251356517e-02 0.000000000000000000e+00 -2.211587176239542885e+01 9.192671232251342639e-02 -9.957657754520247151e-01 0.000000000000000000e+00 3.821077845326318112e+00 0.000000000000000000e+00 0.000000000000000000e+00 1.000000000000000000e+00 0.000000000000000000e+00
-9.799813225049771592e-01 -1.990894460823945666e-01 0.000000000000000000e+00 -2.232924602238607648e+01 1.990894460823944001e-01 -9.799813225049770482e-01 0.000000000000000000e+00 3.858464918940692989e+00 0.000000000000000000e+00 0.000000000000000000e+00 1.000000000000000000e+00 0.000000000000000000e+00
-9.527804672532123043e-01 -3.036599763234351657e-01 0.000000000000000000e+00 -2.253397464423422747e+01 3.036599763234350546e-01 -9.527804672532120822e-01 0.000000000000000000e+00 3.924184181688795903e+00 0.000000000000000000e+00 0.000000000000000000e+00 1.000000000000000000e+00 0.000000000000000000e+00
-9.724957856457996375e-01 -2.329204733404902916e-01 0.000000000000000000e+00 -2.274107260154998755e+01 2.329204733404900973e-01 -9.724957856457991934e-01 0.000000000000000000e+00 3.984007585768141624e+00 0.000000000000000000e+00 0.000000000000000000e+00 1.000000000000000000e+00 0.000000000000000000e+00
-9.999955230096169156e-01 2.992316948779914082e-03 0.000000000000000000e+00 -2.297189059505697628e+01 -2.992316948780047656e-03 -9.999955230096164716e-01 0.000000000000000000e+00 3.999592433326204954e+00 0.000000000000000000e+00 0.000000000000000000e+00 1.000000000000000000e+00 0.000000000000000000e+00
-9.557935971952811194e-01 2.940384321147557212e-01 0.000000000000000000e+00 -2.317867803696691809e+01 -2.940384321147557212e-01 -9.557935971952807863e-01 0.000000000000000000e+00 3.956093514163269376e+00 0.000000000000000000e+00 0.000000000000000000e+00 1.000000000000000000e+00 0.000000000000000000e+00
-6.850818158252229839e-01 7.284661321060945660e-01 0.000000000000000000e+00 -2.334887469492447565e+01 -7.284661321060945660e-01 -6.850818158252226509e-01 0.000000000000000000e+00 3.822815451376929019e+00 0.000000000000000000e+00 0.000000000000000000e+00 1.000000000000000000e+00 0.000000000000000000e+00
-3.340093320941155408e-01 9.425697672183432907e-01 0.000000000000000000e+00 -2.344713671381821030e+01 -9.425697672183430686e-01 -3.340093320941154298e-01 0.000000000000000000e+00 3.590740262606296085e+00 0.000000000000000000e+00 0.000000000000000000e+00 1.000000000000000000e+00 0.000000000000000000e+00
-2.559555052542848985e-01 9.666885637732675063e-01 0.000000000000000000e+00 -2.351089155280393328e+01 -9.666885637732673953e-01 -2.559555052542845099e-01 0.000000000000000000e+00 3.371005857230382929e+00 0.000000000000000000e+00 0.000000000000000000e+00 1.000000000000000000e+00 0.000000000000000000e+00
-2.547295387182136883e-01 9.670123381345271385e-01 0.000000000000000000e+00 -2.356807398176452750e+01 -9.670123381345268054e-01 -2.547295387182135218e-01 0.000000000000000000e+00 3.160563509025075213e+00 0.000000000000000000e+00 0.000000000000000000e+00 1.000000000000000000e+00 0.000000000000000000e+00
-2.831404750583945695e-01 9.590784490247424854e-01 0.000000000000000000e+00 -2.363084473861909629e+01 -9.590784490247423744e-01 -2.831404750583944585e-01 0.000000000000000000e+00 2.954182218729887843e+00 0.000000000000000000e+00 0.000000000000000000e+00 1.000000000000000000e+00 0.000000000000000000e+00
-2.067460758902750495e-01 9.783946341349034626e-01 0.000000000000000000e+00 -2.368437434306985523e+01 -9.783946341349032405e-01 -2.067460758902748830e-01 0.000000000000000000e+00 2.740228564058265093e+00 0.000000000000000000e+00 0.000000000000000000e+00 1.000000000000000000e+00 0.000000000000000000e+00
-1.371949278162078179e-01 9.905440685711588422e-01 0.000000000000000000e+00 -2.371973480336125206e+01 -9.905440685711586202e-01 -1.371949278162075680e-01 0.000000000000000000e+00 2.514268465262078145e+00 0.000000000000000000e+00 0.000000000000000000e+00 1.000000000000000000e+00 0.000000000000000000e+00
-1.735310632797575359e-01 9.848283962584525320e-01 0.000000000000000000e+00 -2.375957698899166459e+01 -9.848283962584523099e-01 -1.735310632797573138e-01 0.000000000000000000e+00 2.290824422503744628e+00 0.000000000000000000e+00 0.000000000000000000e+00 1.000000000000000000e+00 0.000000000000000000e+00
-2.024734272873841834e-01 9.792877571186617836e-01 0.000000000000000000e+00 -2.380712948119062133e+01 -9.792877571186616725e-01 -2.024734272873840168e-01 0.000000000000000000e+00 2.078097360319190123e+00 0.000000000000000000e+00 0.000000000000000000e+00 1.000000000000000000e+00 0.000000000000000000e+00
-2.008073666974766469e-01 9.796307475166469159e-01 0.000000000000000000e+00 -2.385436447073339394e+01 -9.796307475166465828e-01 -2.008073666974764249e-01 0.000000000000000000e+00 1.862610009732441618e+00 0.000000000000000000e+00 0.000000000000000000e+00 1.000000000000000000e+00 0.000000000000000000e+00
-1.840379510924202433e-01 9.829191383616980859e-01 0.000000000000000000e+00 -2.391024397714338079e+01 -9.829191383616977529e-01 -1.840379510924200490e-01 0.000000000000000000e+00 1.575820451408972644e+00 0.000000000000000000e+00 0.000000000000000000e+00 1.000000000000000000e+00 0.000000000000000000e+00
-1.672138055502613574e-01 9.859206576765690011e-01 0.000000000000000000e+00 -2.395309439316810085e+01 -9.859206576765688901e-01 -1.672138055502611909e-01 0.000000000000000000e+00 1.352123130355477265e+00 0.000000000000000000e+00 0.000000000000000000e+00 1.000000000000000000e+00 0.000000000000000000e+00
-1.884768863336667988e-01 9.820776259125165719e-01 0.000000000000000000e+00 -2.399674105399825663e+01 -9.820776259125164609e-01 -1.884768863336666600e-01 0.000000000000000000e+00 1.132576531433115541e+00 0.000000000000000000e+00 0.000000000000000000e+00 1.000000000000000000e+00 0.000000000000000000e+00
-2.474465963748333774e-01 9.689015336671261691e-01 0.000000000000000000e+00 -2.405204627952098662e+01 -9.689015336671259471e-01 -2.474465963748331554e-01 0.000000000000000000e+00 9.190424834925599029e-01 0.000000000000000000e+00 0.000000000000000000e+00 1.000000000000000000e+00 0.000000000000000000e+00
-2.607905554769610612e-01 9.653954040568129003e-01 0.000000000000000000e+00 -2.411222413904885897e+01 -9.653954040568126782e-01 -2.607905554769608947e-01 0.000000000000000000e+00 7.092308457728080384e-01 0.000000000000000000e+00 0.000000000000000000e+00 1.000000000000000000e+00 0.000000000000000000e+00
-2.360529578944261520e-01 9.717401921652162322e-01 0.000000000000000000e+00 -2.416892045475673001e+01 -9.717401921652160102e-01 -2.360529578944258744e-01 0.000000000000000000e+00 4.922820550752078361e-01 0.000000000000000000e+00 0.000000000000000000e+00 1.000000000000000000e+00 0.000000000000000000e+00
-2.424311802758813694e-01 9.701686053619967831e-01 0.000000000000000000e+00 -2.422581708802915301e+01 -9.701686053619966721e-01 -2.424311802758812306e-01 0.000000000000000000e+00 2.705614436691785585e-01 0.000000000000000000e+00 0.000000000000000000e+00 1.000000000000000000e+00 0.000000000000000000e+00
-3.508147476588049929e-01 9.364448797580602335e-01 0.000000000000000000e+00 -2.430110403254644424e+01 -9.364448797580600115e-01 -3.508147476588047708e-01 0.000000000000000000e+00 5.955747596891924900e-02 0.000000000000000000e+00 0.000000000000000000e+00 1.000000000000000000e+00 0.000000000000000000e+00
-2.888419462337766808e-01 9.573767963011652338e-01 0.000000000000000000e+00 -2.437536542208750134e+01 -9.573767963011650117e-01 -2.888419462337764587e-01 0.000000000000000000e+00 -1.453074171275599014e-01 0.000000000000000000e+00 0.000000000000000000e+00 1.000000000000000000e+00 0.000000000000000000e+00
-1.137204558871908466e-01 9.935127869900862718e-01 0.000000000000000000e+00 -2.440839118958349019e+01 -9.935127869900860498e-01 -1.137204558871906523e-01 0.000000000000000000e+00 -3.550296216775361557e-01 0.000000000000000000e+00 0.000000000000000000e+00 1.000000000000000000e+00 0.000000000000000000e+00
-1.513620021406842653e-01 9.884783985034586440e-01 0.000000000000000000e+00 -2.444305739356082796e+01 -9.884783985034584219e-01 -1.513620021406841820e-01 0.000000000000000000e+00 -5.988325559314189306e-01 0.000000000000000000e+00 0.000000000000000000e+00 1.000000000000000000e+00 0.000000000000000000e+00
-2.590756028511365661e-01 9.658570453267497635e-01 0.000000000000000000e+00 -2.449493621930778531e+01 -9.658570453267494305e-01 -2.590756028511363995e-01 0.000000000000000000e+00 -8.061791015021451123e-01 0.000000000000000000e+00 0.000000000000000000e+00 1.000000000000000000e+00 0.000000000000000000e+00
-3.856636461267994864e-01 9.226394485692565040e-01 0.000000000000000000e+00 -2.457154695245949938e+01 -9.226394485692562819e-01 -3.856636461267992644e-01 0.000000000000000000e+00 -9.921916612258288026e-01 0.000000000000000000e+00 0.000000000000000000e+00 1.000000000000000000e+00 0.000000000000000000e+00
-3.167537157712216334e-01 9.485078194433206322e-01 0.000000000000000000e+00 -2.464854184864210396e+01 -9.485078194433205212e-01 -3.167537157712213558e-01 0.000000000000000000e+00 -1.188110277418439775e+00 0.000000000000000000e+00 0.000000000000000000e+00 1.000000000000000000e+00 0.000000000000000000e+00
-1.902914429193603985e-01 9.817276438766845414e-01 0.000000000000000000e+00 -2.469943161878276783e+01 -9.817276438766844304e-01 -1.902914429193602042e-01 0.000000000000000000e+00 -1.410205923911196590e+00 0.000000000000000000e+00 0.000000000000000000e+00 1.000000000000000000e+00 0.000000000000000000e+00
-2.038266091825165494e-01 9.790070037487763610e-01 0.000000000000000000e+00 -2.474742850922696036e+01 -9.790070037487761390e-01 -2.038266091825163551e-01 0.000000000000000000e+00 -1.635132609003415061e+00 0.000000000000000000e+00 0.000000000000000000e+00 1.000000000000000000e+00 0.000000000000000000e+00
-2.624448593146940234e-01 9.649469911965576907e-01 0.000000000000000000e+00 -2.480621313107078407e+01 -9.649469911965574687e-01 -2.624448593146938569e-01 0.000000000000000000e+00 -1.841278065806221553e+00 0.000000000000000000e+00 0.000000000000000000e+00 1.000000000000000000e+00 0.000000000000000000e+00
-2.609479114626533369e-01 9.653528823716630569e-01 0.000000000000000000e+00 -2.486787597419979789e+01 -9.653528823716627238e-01 -2.609479114626532814e-01 0.000000000000000000e+00 -2.053325580846926179e+00 0.000000000000000000e+00 0.000000000000000000e+00 1.000000000000000000e+00 0.000000000000000000e+00
-2.445824161554810972e-01 9.696285070621356583e-01 0.000000000000000000e+00 -2.492463479420204209e+01 -9.696285070621354363e-01 -2.445824161554809306e-01 0.000000000000000000e+00 -2.264200312505217028e+00 0.000000000000000000e+00 0.000000000000000000e+00 1.000000000000000000e+00 0.000000000000000000e+00
-2.130347901936540111e-01 9.770446142153104141e-01 0.000000000000000000e+00 -2.497697809884596509e+01 -9.770446142153103031e-01 -2.130347901936538724e-01 0.000000000000000000e+00 -2.478265240571333905e+00 0.000000000000000000e+00 0.000000000000000000e+00 1.000000000000000000e+00 0.000000000000000000e+00
-2.266687156328298647e-01 9.739719161009533499e-01 0.000000000000000000e+00 -2.503108254396649457e+01 -9.739719161009530168e-01 -2.266687156328296149e-01 0.000000000000000000e+00 -2.698894977867103417e+00 0.000000000000000000e+00 0.000000000000000000e+00 1.000000000000000000e+00 0.000000000000000000e+00
-2.253750814337971975e-01 9.742720732263181471e-01 0.000000000000000000e+00 -2.508644477223086255e+01 -9.742720732263180361e-01 -2.253750814337971142e-01 0.000000000000000000e+00 -2.918842376857412102e+00 0.000000000000000000e+00 0.000000000000000000e+00 1.000000000000000000e+00 0.000000000000000000e+00
-2.420828741316514154e-01 9.702555756356971983e-01 0.000000000000000000e+00 -2.514128598010394455e+01 -9.702555756356969763e-01 -2.420828741316512489e-01 0.000000000000000000e+00 -3.125283641732001350e+00 0.000000000000000000e+00 0.000000000000000000e+00 1.000000000000000000e+00 0.000000000000000000e+00
-2.381795299265679899e-01 9.712211445000351606e-01 0.000000000000000000e+00 -2.519851911171051029e+01 -9.712211445000348276e-01 -2.381795299265677679e-01 0.000000000000000000e+00 -3.343133947094438341e+00 0.000000000000000000e+00 0.000000000000000000e+00 1.000000000000000000e+00 0.000000000000000000e+00
-2.370925845731361448e-01 9.714870592758449996e-01 0.000000000000000000e+00 -2.525510384812420384e+01 -9.714870592758448886e-01 -2.370925845731359505e-01 0.000000000000000000e+00 -3.556126837128339435e+00 0.000000000000000000e+00 0.000000000000000000e+00 1.000000000000000000e+00 0.000000000000000000e+00
-2.488618969219976718e-01 9.685389802482832211e-01 0.000000000000000000e+00 -2.531331526928173048e+01 -9.685389802482828880e-01 -2.488618969219974775e-01 0.000000000000000000e+00 -3.772086256572881879e+00 0.000000000000000000e+00 0.000000000000000000e+00 1.000000000000000000e+00 0.000000000000000000e+00
-3.076735476024831106e-01 9.514919800532748440e-01 0.000000000000000000e+00 -2.538069344350892109e+01 -9.514919800532746219e-01 -3.076735476024828886e-01 0.000000000000000000e+00 -3.986663381490252789e+00 0.000000000000000000e+00 0.000000000000000000e+00 1.000000000000000000e+00 0.000000000000000000e+00
-3.652813359471054344e-01 9.308971724141699156e-01 0.000000000000000000e+00 -2.546171100400376375e+01 -9.308971724141696935e-01 -3.652813359471052679e-01 0.000000000000000000e+00 -4.191714161765447422e+00 0.000000000000000000e+00 0.000000000000000000e+00 1.000000000000000000e+00 0.000000000000000000e+00
-3.374954873115426635e-01 9.413271461316430333e-01 0.000000000000000000e+00 -2.554295357692994983e+01 -9.413271461316425892e-01 -3.374954873115424414e-01 0.000000000000000000e+00 -4.402304740719808152e+00 0.000000000000000000e+00 0.000000000000000000e+00 1.000000000000000000e+00 0.000000000000000000e+00
-3.223349001154351967e-01 9.466256980283027644e-01 0.000000000000000000e+00 -2.561974305326670276e+01 -9.466256980283024314e-01 -3.223349001154350302e-01 0.000000000000000000e+00 -4.611685348283939945e+00 0.000000000000000000e+00 0.000000000000000000e+00 1.000000000000000000e+00 0.000000000000000000e+00
-3.219230874528692943e-01 9.467658241428082988e-01 0.000000000000000000e+00 -2.569309480913363686e+01 -9.467658241428080768e-01 -3.219230874528691833e-01 0.000000000000000000e+00 -4.814745063666483915e+00 0.000000000000000000e+00 0.000000000000000000e+00 1.000000000000000000e+00 0.000000000000000000e+00
-3.070236068674728758e-01 9.517018991396867245e-01 0.000000000000000000e+00 -2.576383783875130717e+01 -9.517018991396865024e-01 -3.070236068674726537e-01 0.000000000000000000e+00 -5.025845142682365818e+00 0.000000000000000000e+00 0.000000000000000000e+00 1.000000000000000000e+00 0.000000000000000000e+00
-2.921058718284566535e-01 9.563859888367961526e-01 0.000000000000000000e+00 -2.583105043147750379e+01 -9.563859888367959305e-01 -2.921058718284563760e-01 0.000000000000000000e+00 -5.238674416700348502e+00 0.000000000000000000e+00 0.000000000000000000e+00 1.000000000000000000e+00 0.000000000000000000e+00
